arrival_time,job_size
9,16
19,51
29,27
66,91
83,32
143,19
204,54
216,32
285,19
344,191
361,49
394,19
398,18
400,21
401,99
421,22
437,19
451,25
453,23
460,20
474,54
498,27
513,119
521,22
528,20
530,31
544,24
661,17
713,29
763,90
779,20
797,26
827,38
850,34
895,88
901,21
941,149
948,31
960,64
1006,29
1022,55
1023,24
1026,18
1028,30
1088,19
1130,66
1157,43
1261,96
1283,31
1303,55
1395,20
1447,24
1448,21
1470,30
1476,23
1489,44
1498,25
1511,31
1554,29
1587,48
1687,21
1702,23
1774,16
1790,27
1822,145
1833,33
1898,16
1948,18
1953,19
1961,17
1965,22
2024,32
2050,96
2102,69
2146,166
2190,22
2220,20
2223,17
2252,19
2265,24
2348,80
2367,23
2377,39
2387,17
2403,81
2418,22
2458,18
2478,16
2559,21
2589,30
2627,83
2632,76
2640,16
2647,43
2671,22
2673,33
2697,28
2721,18
2724,75
2798,22
2815,16
2855,21
2914,17
2918,20
2928,34
2942,50
2953,24
2965,71
2993,40
3006,26
3018,36
3038,47
3112,127
3113,23
3151,26
3162,45
3182,16
3228,18
3265,17
3275,56
3308,26
3394,16
3443,40
3447,22
3468,20
3480,17
3591,51
3623,18
3635,39
3640,78
3679,25
3713,22
3747,39
3791,23
3806,100
3807,17
3852,71
3866,54
4006,23
4028,49
4103,365
4140,29
4231,21
4245,41
4308,32
4330,26
4337,29
4342,24
4343,32
4409,49
4455,1234
4523,17
4524,46
4578,19
4579,18
4588,34
4592,55
4600,108
4602,32
4608,43
4638,53
4663,53
4684,18
4748,20
4776,30
4777,24
4826,29
4896,24
4907,34
4984,21
4994,73
5002,217
5003,17
5004,25
5025,25
5051,3506
5057,27
5092,57
5095,38
5105,24
5106,107
5122,38
5124,24
5138,60
5173,36
5174,20
5192,230
5201,23
5251,24
5329,18
5380,66
5391,17
5402,25
5421,22
5436,17
5510,24
5537,158
5578,66
5588,98
5620,49
5621,23
5654,18
5675,17
5734,30
5780,29
5961,55
6006,19
6014,52
6063,22
6070,21
6085,105
6131,64
6134,36
6136,17
6140,91
6176,17
6193,21
6202,20
6248,21
6300,37
6304,19
6330,18
6345,16
6462,41
6523,16
6525,23
6539,35
6572,21
6575,63
6576,119
6608,29
6618,19
6656,36
6701,64
6766,25
6805,37
6806,42
6831,388
6847,58
6962,82
7000,39
7010,19
7018,17
7137,151
7162,17
7171,20
7174,32
7192,33
7222,16
7285,38
7321,53
7448,18
7496,28
7555,23
7556,31
7573,164
7605,61
7657,20
7661,165
7690,82
7742,58
7744,21
7779,169
7796,16
7808,17
7851,24
7963,36
8075,28
8085,39
8105,23
8121,96
8145,93
8166,17
8198,21
8209,118
8211,23
8241,22
8259,29
8325,27
8334,163
8356,580
8367,35
8411,89
8435,29
8471,26
8500,20
8577,63
8620,23
8641,165
8647,40
8652,17
8683,17
8726,32
8756,29
8773,16
8808,61
8900,23
8904,26
8909,40
8938,21
8949,228
8950,48
8952,19
8990,78
8996,21
9002,21
9008,27
9016,32
9019,30
9160,19
9217,202
9239,43
9248,451
9278,50
9310,25
9346,68
9389,25
9406,34
9425,952
9445,64
9474,18
9476,447
9518,84
9600,45
9653,17
9654,342
9681,75
9739,35
9825,49
9886,23
9889,19
9891,18
9899,29
9954,61
9992,24
10138,73
10181,21
10203,29
10215,42
10239,20
10254,23
10286,19
10297,150
10343,58
10354,16
10391,199
10398,18
10420,18
10435,24
10463,33
10474,58
10563,35
10577,54
10578,17
10590,66
10632,33
10646,227
10674,165
10737,17
10774,24
10808,31
10817,19
10856,24
10866,50
10881,38
10889,16
10904,36
10912,22
10949,26
10954,29
11076,51
11096,64
11110,54
11153,20
11154,53
11199,21
11209,28
11334,25
11362,224
11373,37
11407,182
11408,20
11416,43
11421,59
11471,23
11518,147
11605,43
11618,16
11669,27
11713,29
11765,40
11803,33
11804,20
11838,127
11854,22
11903,25
11915,17
11929,65
11951,36
11982,144
11999,30
12006,179
12056,46
12067,85
12102,39
12116,43
12159,43
12160,128
12163,16
12213,45
12248,85
12250,19
12267,25
12316,28
12380,21
12383,83
12400,32
12465,17
12472,244
12539,22
12550,29
12571,50
12577,138
12585,18
12624,21
12654,89
12679,127
12683,21
12700,18
12717,42
12754,42
12761,218
12840,26
12853,93
12861,19
12881,202
12931,17
12987,249
12995,37
13006,22
13011,22
13063,99
13083,21
13157,19
13183,17
13236,33
13241,115
13269,16
13301,19
13323,26
13373,113
13471,24
13473,17
13496,26
13597,29
13636,17
13650,103
13664,63
13670,21
13683,18
13738,19
13740,21
13746,33
13764,60
13765,71
13785,31
13804,480
13865,16
13876,181
13886,16
13900,19
13912,18
13925,33
13927,129
13950,27
13972,28
13977,24
14021,516
14042,28
14066,61
14123,33
14130,19
14193,27
14215,19
14339,29
14349,21
14367,23
14393,158
14396,19
14412,20
14413,34
14417,21
14434,20
14440,18
14441,79
14483,16
14586,27
14590,17
14602,65
14639,49
14643,16
14670,57
14703,18
14715,16
14734,80
14752,20
14760,40
14762,43
14782,73
14817,63
14838,59
14957,25
14966,20
14983,21
15059,102
15135,221
15156,17
15161,38
15171,29
15226,37
15249,26
15306,32
15330,38
15339,21
15341,19
15373,19
15383,19
15407,35
15408,39
15414,82
15445,77
15531,19
15553,37
15701,18
15722,27
15752,39
15808,16
15821,22
15822,25
15845,495
15957,20
15960,244
15989,67
16092,16
16162,75
16181,22
16198,30
16206,108
16227,27
16240,26
16285,51
16288,33
16298,18
16328,24
16334,157
16335,73
16352,43
16357,19
16380,23
16404,175
16418,42
16436,23
16467,290
16492,35
16511,37
16589,27
16603,22
16676,82
16678,31
16686,18
16750,93
16761,20
16774,75
16777,25
16789,44
16815,19
16821,316
16836,139
16891,22
16901,48
16919,19
16975,43
16995,167
17002,16
17021,18
17025,22
17106,55
17117,20
17121,24
17237,17
17248,28
17302,18
17346,18
17443,470
17476,175
17486,18
17488,33
17494,26
17503,249
17514,35
17530,25
17551,40
17560,23
17564,26
17643,59
17645,44
17646,27
17734,76
17741,18
17779,1470
17870,40
17918,192
17957,110
17961,19
17986,24
18009,18
18069,1592
18071,105
18128,24
18129,21
18191,16
18192,25
18340,108
18356,23
18378,17
18405,170
18425,116
18450,36
18468,22
18498,44
18506,60
18521,58
18611,60
18644,178
18680,33
18687,46
18700,32
18740,20
18747,17
18750,20
18802,28
18814,80
18838,16
18885,58
18894,22
18907,64
18943,109
18951,72
18979,24
19016,47
19077,180
19099,20
19102,19
19113,62
19128,32
19131,29
19133,29
19225,28
19303,70
19316,105
19350,32
19427,37
19481,18
19495,18
19520,30
19552,38
19594,33
19708,49
19709,626
19711,26
19713,63
19727,86
19736,17
19743,40
19753,18
19769,686
19776,455
19777,77
19805,46
19830,104
19843,64
19864,146
19867,130
19990,63
20001,20
20016,24
20067,23
20085,25
20122,73
20132,19
20134,34
20209,21
20285,97
20366,17
20393,79
20409,36
20426,21
20475,35
20493,36
20503,22
20522,20
20530,21
20536,60
20562,18
20610,21
20622,46
20673,26
20727,43
20736,19
20851,18
20859,56
20894,20
20898,19
20911,30
20936,33
20948,46
20951,19
21004,16
21017,58
21036,76
21114,26
21144,153
21161,16
21216,17
21249,16
21288,38
21429,18
21440,17
21464,23
21566,88
21572,87
21659,17
21685,16
21687,30
21703,31
21763,34
21771,39
21786,22
21807,17
21857,23
21926,60
21941,144
21955,212
22004,18
22005,53
22118,22
22171,71
22205,51
22265,37
22283,23
22335,45
22352,17
22397,21
22400,27
22402,17
22428,23
22468,45
22503,20
22510,31
22520,17
22535,25
22536,17
22612,27
22643,33
22765,22
22831,36
22845,41
22850,18
22890,72
22902,39
22906,17
22907,23
22942,32
22960,33
22971,25
22988,23
22993,30
23008,20
23030,19
23046,206
23053,252
23056,46
23070,135
23158,33
23159,19
23163,44
23210,25
23254,20
23262,36
23277,42
23325,19
23337,18
23476,16
23482,16
23507,29
23526,84
23576,22
23579,51
23585,41
23715,33
23719,19
23789,24
23848,25
23849,21
23945,20
23946,35
23953,20
24010,17
24011,16
24032,25
24107,44
24108,29
24112,31
24125,35
24145,22
24146,32
24158,46
24172,167
24194,17
24206,107
24226,16
24248,32
24298,25
24339,30
24346,58
24403,59
24435,20
24512,16
24548,24
24553,34
24608,29
24623,34
24648,22
24661,21
24744,24
24753,40
24762,22
24784,19
24864,230
24915,17
24935,2745
24964,17
24991,23
25026,32
25046,88
25116,81
25153,20
25157,16
25158,43
25170,18
25270,18
25285,24
25370,22
25395,215
25400,19
25413,45
25419,45
25437,18
25474,17
25491,18
25496,18
25498,152
25512,75
25532,23
25573,22
25600,38
25611,18
25655,90
25659,24
25670,26
25703,21
25730,92
25744,34
25749,63
25751,378
25769,36
25779,32
25785,16
25811,40
25820,91
25843,37
25846,174
25919,21
25926,19
25958,32
25966,75
25968,17
25969,23
25986,38
25992,45
26088,28
26125,17
26151,23
26194,28
26203,16
26271,74
26279,37
26292,20
26298,28
26307,18
26309,54
26316,18
26398,28
26401,17
26415,39
26416,117
26448,19
26466,29
26478,30
26480,73
26510,25
26520,95
26524,58
26560,23
26631,16
26709,58
26710,18
26753,210
26767,23
26799,38
26854,63
26858,222
26870,22
26908,28
26918,18
26956,59
26997,17
27006,35
27009,92
27012,20
27051,48
27064,20
27068,18
27143,126
27194,136
27195,18
27205,132
27234,91
27289,18
27303,29
27306,65
27337,91
27419,16
27439,53
27446,34
27521,25
27528,168
27534,20
27596,107
27624,289
27682,68
27726,243
27760,380
27820,18
27861,27
27936,45
27982,33
28000,23
28002,30
28008,17
28077,18
28080,22
28088,30
28090,30
28124,48
28147,106
28172,24
28226,30
28297,29
28304,45
28319,79
28373,21
28385,302
28392,49
28459,42
28505,16
28563,16
28649,19
28668,213
28796,16
28851,23
28868,32
28871,16
28884,96
28908,28
28929,22
28954,21
28956,699
29017,32
29033,271
29052,21
29057,22
29066,56
29067,22
29092,35
29125,16
29192,32
29237,29
29277,40
29316,33
29361,48
29380,22
29424,18
29431,63
29454,21
29488,24
29503,141
29509,31
29510,33
29572,36
29573,24
29628,23
29658,17
29667,21
29721,19
29735,55
29743,24
29758,29
29855,260
29866,23
29869,87
29870,27
29881,17
29898,29
29927,20
29945,25
29970,16
29992,21
30019,33
30073,31
30096,40
30113,22
30126,18
30223,165
30282,21
30296,21
30298,29
30412,241
30416,315
30474,150
30479,43
30487,24
30514,44
30522,21
30570,343
30602,27
30606,105
30614,50
30624,22
30710,471
30715,41
30740,158
30745,18
30746,20
30801,21
30816,16
30832,32
30861,16
30878,44
30916,22
30922,18
31016,33
31044,21
31070,17
31100,18
31122,69
31139,20
31143,63
31202,17
31215,22
31216,24
31256,505
31274,17
31283,24
31289,64
31306,40
31313,72
31341,49
31353,18
31361,44
31398,44
31413,36
31434,62
31463,115
31468,20
31473,16
31475,20
31490,25
31499,22
31509,21
31517,58
31555,17
31611,32
31631,58
31662,87
31700,54
31763,18
31798,37
31887,26
31921,17
31961,31
31985,54
31997,34
32040,20
32041,16
32072,34
32097,71
32115,60
32120,24
32132,53
32148,39
32262,173
32264,26
32275,161
32299,23
32330,432
32378,25
32405,29
32509,38
32579,35
32611,109
32615,34
32625,19
32632,26
32652,128
32653,18
32658,33
32659,68
32688,38
32698,16
32737,37
32744,48
32746,29
32800,21
32815,67
32825,19
32836,30
32933,51
32936,469
32979,16
33013,16
33031,87
33033,26
33034,30
33071,338
33123,26
33134,85
33172,31
33186,56
33187,27
33192,39
33204,219
33223,32
33244,199
33278,20
33362,25
33364,17
33405,25
33439,63
33455,320
33462,18
33470,38
33473,34
33497,29
33521,17
33538,289
33562,107
33656,17
33707,18
33746,20
33775,33
33777,28
33802,135
33809,135
33842,35
33844,19
33885,70
33986,36
34071,33
34083,83
34107,25
34134,29
34142,18
34159,50
34163,22
34177,70
34226,129
34243,99
34259,41
34286,16
34319,55
34383,33
34391,36
34423,19
34425,121
34525,95
34549,22
34563,29
34587,27
34624,42
34641,48
34649,111
34728,101
34746,26
34747,18
34794,79
34845,224
34880,22
34892,45
34923,18
34974,29
34984,74
34996,27
35087,29
35091,65
35246,62
35271,24
35358,35
35360,17
35368,22
35451,19
35458,778
35504,53
35513,30
35532,36
35535,36
35588,21
35596,72
35614,20
35619,28
35688,24
35692,20
35771,27
35806,20
35835,59
35854,32
35866,21
35884,19
35890,23
35901,53
36013,33
36019,20
36041,39
36056,52
36089,17
36093,17
36208,22
36217,22
36257,147
36292,35
36306,34
36317,47
36350,19
36358,40
36361,17
36368,170
36381,34
36387,16
36412,58
36441,26
36553,52
36564,19
36646,30
36690,69
36735,16
36762,86
36795,23
36832,31
36902,76
36951,41
36960,1640
36969,26
37002,91
37032,20
37104,18
37112,41
37132,116
37165,35
37187,192
37265,45
37274,25
37291,20
37293,59
37298,34
37343,23
37375,21
37404,90
37440,17
37441,31
37466,16
37489,19
37490,18
37537,29
37539,32
37540,16
37616,23
37681,21
37770,41
37776,20
37879,28
37932,48
38013,284
38018,38
38024,113
38049,25
38068,16
38121,20
38228,93
38256,127
38276,17
38299,20
38308,18
38322,32
38323,25
38325,25
38367,51
38417,52
38472,22
38478,25
38525,250
38583,51
38663,36
38684,23
38694,20
38743,30
38838,77
38877,19
38892,31
38916,35
38936,24
38949,19
38974,24
38975,110
38978,148
39012,16
39030,38
39058,19
39066,28
39087,82
39104,27
39160,33
39221,35
39222,17
39300,51
39305,150
39306,24
39309,73
39340,22
39384,17
39396,38
39421,300
39449,27
39465,87
39479,26
39501,21
39516,19
39544,33
39628,137
39710,71
39751,433
39772,265
39794,19
39822,56
39827,31
39888,24
39908,16
39929,19
39951,109
39973,22
39978,19
39980,21
39989,36
40009,48
40033,23
40082,21
40104,22
40215,17
40223,20
40240,44
40313,18
40368,21
40376,18
40395,20
40404,18
40420,23
40442,35
40447,20
40468,27
40473,19
40488,140
40514,1018
40540,56
40590,16
40604,31
40612,16
40630,20
40648,21
40658,18
40715,16
40716,351
40748,20
40751,20
40769,18
40787,23
40795,503
40834,22
40835,25
40845,64
40872,200
41000,84
41001,38
41002,580
41024,26
41082,98
41130,17
41144,25
41157,242
41169,52
41178,90
41241,23
41256,25
41332,19
41410,21
41427,215
41478,61
41534,179
41560,75
41577,190
41588,19
41600,19
41656,31
41719,330
41724,25
41848,137
41871,18
41875,228
41890,74
41916,16
41962,29
41977,75
42015,30
42022,202
42034,16
42050,45
42052,17
42074,38
42094,650
42099,81
42108,38
42158,32
42204,27
42250,30
42279,18
42280,24
42391,27
42437,24
42543,18
42556,30
42614,16
42615,31
42617,21
42625,25
42631,16
42669,16
42676,22
42709,39
42741,28
42752,33
42766,25
42820,18
42847,31
42948,80
42963,26
42997,67
43012,37
43015,187
43016,43
43037,16
43041,29
43190,25
43289,20
43379,17
43457,18
43496,89
43511,43
43786,31
43813,45
43828,28
43845,20
43849,18
43857,23
43864,27
43865,135
43891,48
43927,20
43988,32
44003,55
44005,28
44020,30
44028,17
44066,114
44073,23
44102,44
44120,81
44131,45
44140,141
44165,35
44251,22
44252,21
44266,35
44289,25
44299,74
44318,100
44330,31
44396,42
44431,566
44435,29
44456,36
44475,49
44620,37
44624,16
44628,390
44727,18
44728,30
44738,105
44748,27
44804,17
44806,342
44904,56
44961,16
44964,44
44997,112
45009,27
45114,16
45127,21
45140,19
45161,17
45180,22
45183,61
45188,24
45224,16
45247,121
45312,19
45346,25
45371,23
45414,63
45420,95
45432,35
45436,16
45444,19
45463,131
45502,35
45560,16
45567,22
45677,73
45717,107
45731,30
45757,307
45764,44
45804,20
45812,48
45827,20
45859,50
45868,22
45869,17
45881,30
45895,20
45896,283
45914,20
45998,18
46010,50
46026,26
46075,25
46083,710
46099,55
46227,73
46257,93
46277,17
46300,1531
46337,17
46394,18
46445,22
46454,112
46468,1203
46484,98
46501,38
46549,22
46591,95
46595,268
46602,667
46627,26
46632,122
46663,49
46754,29
46788,689
46821,20
46823,26
46849,23
46893,34
46901,45
46937,34
46939,62
46957,17
46996,69
47012,1173
47032,38
47121,235
47156,26
47211,108
47223,41
47250,75
47252,52
47264,87
47266,18
47322,17
47334,20
47359,18
47386,22
47436,36
47518,2732
47555,25
47600,206
47604,24
47665,616
47733,24
47748,24
47772,91
47792,61
47872,23
47975,37
47985,21
48018,44
48030,20
48031,233
48061,49
48070,21
48094,72
48124,22
48156,25
48170,42
48193,70
48232,32
48279,38
48280,293
48312,17
48328,35
48342,25
48368,25
48383,97
48403,27
48421,17
48429,38
48449,46
48482,143
48566,17
48583,25
48639,70
48650,29
48651,40
48655,17
48667,20
48682,25
48690,22
48744,84
48754,23
48755,22
48763,20
48774,18
48784,24
48810,29
48879,32
48906,85
48918,26
48960,29
48983,26
48991,42
49005,96
49009,20
49012,19
49028,25
49161,29
49175,34
49229,25
49241,18
49266,47
49278,59
49308,19
49371,24
49450,50
49455,23
49467,65
49468,32
49479,50
49482,22
49517,51
49527,91
49553,22
49603,16
49608,29
49652,819
49664,27
49669,55
49677,22
49699,17
49742,47
49748,143
49790,38
49795,17
49802,23
49829,70
49844,20
49853,16
49871,68
49925,29
49929,20
49974,311
50059,138
50108,38
50145,36
50168,152
50173,40
50190,23
50196,57
50221,30
50238,27
50247,37
50248,35
50296,23
50379,34
50383,30
50411,53
50448,25
50450,27
50511,126
50560,22
50576,42
50617,39
50668,39
50696,115
50767,16
50871,25
50874,57
50894,21
50942,32
50955,39
50966,18
51010,17
51034,94
51044,209
51177,16
51187,21
51242,27
51314,676
51380,252
51381,24
51404,61
51410,20
51433,106
51439,66
51488,18
51498,37
51528,22
51549,19
51577,161
51723,17
51781,26
51816,18
51834,32
51892,23
51902,297
51920,38
51921,870
51963,219
52003,27
52023,19
52027,27
52041,30
52045,32
52068,87
52091,21
52097,24
52134,63
52155,71
52157,25
52179,90
52185,57
52195,234
52211,466
52299,21
52320,28
52374,319
52392,33
52417,16
52430,16
52431,34
52563,38
52578,31
52627,65
52644,20
52649,26
52710,25
52722,18
52740,21
52839,34
52869,55
52883,27
52897,26
52910,34
52911,86
52933,25
52961,27
52975,29
52984,20
53033,109
53071,29
53144,23
53149,34
53152,27
53161,47
53167,54
53180,59
53195,52
53196,27
53204,42
53235,17
53339,264
53378,25
53431,70
53435,16
53438,64
53458,39
53464,43
53511,29
53535,41
53548,53
53621,32
53654,19
53675,50
53689,23
53690,57
53719,43
53731,21
53754,37
53767,867
53777,40
53793,69
53795,21
53798,25
53806,79
53855,16
53884,177
53944,46
54036,30
54054,19
54086,68
54112,43
54121,28
54138,69
54139,31
54160,65
54207,32
54270,29
54312,141
54316,19
54340,20
54383,77
54470,57
54540,46
54549,73
54573,31
54579,17
54585,29
54599,58
54600,44
54647,48
54660,17
54706,682
54715,174
54727,17
54746,32
54753,212
54760,56
54776,317
54777,127
54780,16
54782,32
54786,20
54818,30
54819,16
54825,17
54839,16
54864,24
54932,331
54935,17
54958,22
54962,10193
54963,17
54971,18
54989,17
54996,16
55025,61
55143,28
55192,24
55216,22
55232,19
55367,50
55381,21
55382,33
55404,59
55410,16
55455,17
55493,34
55498,480
55644,34
55650,127
55668,60
55684,76
55691,21
55699,24
55702,21
55763,63
55811,75
55824,39
55825,57
55828,18
55863,22
55866,24
55902,169
55904,26
55908,1209
55967,17
56001,19
56020,99
56038,61
56043,80
56055,23
56058,246
56075,47
56088,26
56107,16
56125,61
56140,20
56160,74
56166,44
56190,80
56217,21
56236,235
56240,30
56255,41
56317,156
56350,20
56363,21
56388,77
56410,42
56415,25
56423,17
56468,21
56483,59
56488,219
56489,48
56526,38
56527,48
56532,60
56536,27
56558,33
56569,33
56576,50
56607,20
56653,62
56666,20
56678,35
56722,38
56723,38
56747,19
56801,36
56803,19
56812,78
56862,19
56920,119
57005,16
57015,21
57030,38
57037,20
57057,70
57194,7392
57218,17
57258,24
57311,95
57319,32
57322,40
57375,46
57447,18
57501,19
57563,16
57638,53
57669,700
57674,44
57785,33
57793,16
57825,50
57826,34
57883,24
57891,31
57892,28
57905,90
57907,24
57941,59
57975,45
57987,24
58002,71
58045,146
58046,18
58047,19
58123,18
58133,19
58150,116
58154,22
58166,27
58200,53
58204,18
58238,27
58276,33
58283,17
58291,16
58294,39
58358,64
58389,47
58396,844
58415,34
58446,17
58466,18
58478,20
58480,212
58497,134
58504,16
58539,85
58554,42
58583,70
58597,130
58620,56
58621,17
58641,20
58666,62
58679,85
58685,110
58702,471
58721,17
58741,18
58786,18
58800,119
58840,22
58843,110
58844,19
58858,95
58862,33
58882,17
58885,23
58893,18
58925,18
58928,744
58948,206
58981,20
58990,482
59005,107
59007,33
59010,17
59028,26
59066,54
59089,20
59101,19
59115,43
59118,67
59150,24
59158,20
59198,52
59275,69
59337,1194
59364,26
59373,30
59411,30
59436,52
59462,24
59464,58
59506,24
59518,21
59574,23
59617,16
59635,18
59658,33
59662,49
59694,29
59708,784
59717,21
59768,56
59787,20
59796,21
59828,126
59829,28
59897,71
59944,20
59958,33
59966,21
59969,25
59978,26
59984,172
59999,59
60026,83
60042,36
60083,133
60091,37
60114,195
60149,524
60197,57
60212,25
60233,20
60236,19
60258,93
60269,1121
60279,18
60288,19
60289,28
60291,169
60412,58
60488,26
60541,23
60565,71
60568,32
60583,17
60585,39
60610,110
60625,32
60631,32
60669,85
60702,257
60893,17
60918,19
60938,20
60949,16
60956,32
60971,24
60974,19
61017,45
61039,52
61052,26
61082,50
61110,588
61144,31
61147,16
61156,24
61183,17
61238,17
61259,163
61262,18
61349,25
61418,348
61456,26
61459,22
61476,29
61492,30
61505,17
61547,20
61569,17
61571,19
61572,85
61590,17
61592,33
61594,26
61657,20
61688,18
61733,385
61737,17
61799,25
61828,16
61853,65
61892,26
61930,39
61982,54
61987,94
62026,20
62103,31
62109,176
62129,22
62132,34
62145,53
62159,18
62194,27
62226,25
62238,18
62242,16
62287,352
62308,49
62327,30
62328,17
62338,67
62403,36
62413,114
62455,20
62503,44
62519,20
62527,18
62608,915
62651,19
62694,223
62704,24
62715,32
62716,35
62717,16
62764,18
62778,24
62803,49
62806,27
62814,160
62819,22
62853,16
62859,44
62905,107
62960,24
62968,74
63005,19
63092,41
63125,25
63135,18
63174,21
63179,23
63191,37
63192,19
63254,16
63278,17
63280,77
63318,19
63326,21
63335,28
63373,28
63385,20
63403,17
63432,67
63459,20
63474,20
63501,34
63502,20
63526,35
63611,3181
63612,20
63626,113
63659,87
63710,20
63742,20
63767,41
63824,32
63863,52
63887,23
63953,21
63968,25
63998,58
64000,76
64007,110
64134,82
64135,16
64156,20
64172,21
64173,149
64230,16
64234,19
64270,48
64319,69
64340,69
64342,18
64353,20
64390,16
64405,65
64429,946
64436,20
64511,34
64566,30
64615,18
64617,17
64626,25
64655,21
64676,33
64796,83
64802,17
64843,19
64887,20
64888,33
64897,23
65030,54
65035,19
65040,47
65085,1161
65097,17
65112,19
65153,47
65206,17
65276,23
65288,70
65302,17
65331,23
65350,24
65411,62
65412,25
65533,20
65544,91
65547,38
65557,33
65595,485
65668,18
65679,28
65684,16
65685,26
65686,390
65738,35
65762,28
65771,261
65791,34
65796,19
65833,21
65846,21
65910,45
65940,26
65954,24
66036,16
66045,21
66048,16
66070,184
66078,63
66090,80
66125,33
66145,17
66172,33
66183,37
66235,22
66238,26
66240,22
66251,28
66273,169
66277,21
66315,25
66318,23
66319,70
66334,35
66354,82
66364,23
66408,49
66427,20
66450,16
66490,17
66571,112
66582,27
66598,56
66609,35
66619,31
66635,22
66707,18
66747,36
66808,31
66829,131
66833,31
66838,40
66891,31
66895,24
66904,25
66907,130
66924,20
66935,34
66956,17
66987,247
67014,25
67040,21
67045,20
67062,38
67098,20
67132,22
67141,78
67146,23
67147,19
67184,59
67215,81
67259,37
67274,26
67277,23
67319,25
67379,135
67404,54
67460,34
67552,59
67567,26
67629,27
67642,43
67718,21
67840,17
67939,45
67983,33
67990,29
68054,22
68066,22
68094,17
68106,22
68135,29
68136,47
68225,42
68249,28
68250,88
68259,19
68265,47
68314,63
68316,16
68374,24
68411,24
68421,21
68546,20
68549,27
68550,75
68566,49
68578,21
68638,71
68757,54
68820,55
68833,83
68865,30
68896,34
68947,20
68954,24
69011,26
69036,31
69078,30
69081,43
69124,27
69136,16
69155,28
69167,34
69187,47
69267,22
69307,27
69308,23
69311,53
69455,74
69459,29
69470,47
69489,49
69498,46
69505,26
69526,71
69545,19
69612,28
69616,23
69619,19
69628,84
69681,87
69690,24
69694,34
69744,35
69768,20
69780,36
69831,23
69834,63
69851,28
69856,17
69893,51
69903,22
69914,52
69978,16
69983,27
70002,23
70006,9498
70034,43
70036,28
70288,17
70292,25
70305,32
70356,27
70430,20
70438,29
70474,52
70529,119
70548,88
70561,21
70614,34
70617,37
70627,59
70681,106
70707,20
70720,36
70726,22
70770,19
70920,118
70960,19
70982,52
70991,28
70992,37
71013,193
71028,20
71030,18
71053,17
71084,20
71093,31
71122,19
71147,23
71152,100
71160,138
71167,28
71178,130
71181,25
71198,26
71279,28
71292,25
71311,55
71361,54
71409,41
71422,17
71534,20
71588,23
71590,36
71601,62
71606,20
71607,144
71626,290
71640,44
71694,18
71715,299
71742,27
71743,30
71765,1344
71769,17
71775,61
71828,20
71855,32
71869,19
71877,18
71893,35
71918,107
71924,20
71925,40
71931,17
71934,122
71958,40
71971,17
72030,19
72055,185
72056,16
72068,42
72191,20
72225,30
72291,18
72305,26
72322,21
72373,88
72383,111
72387,21
72408,23
72457,168
72482,53
72483,112
72504,33
72506,21
72520,73
72528,92
72534,175
72581,29
72601,27
72607,194
72615,5381
72630,57
72670,18
72700,394
72773,17
72867,19
72897,101
72949,26
72968,45
73003,17
73010,28
73034,136
73048,35
73075,89
73085,39
73119,59
73218,30
73238,32
73287,23
73315,73
73316,23
73366,346
73486,17
73578,23
73581,17
73587,24
73661,22
73672,50
73689,28
73780,66
73819,20
73848,37
73850,16
73857,76
73862,20
73866,35
73880,20
73949,58
73951,52
74027,151
74031,19
74043,55
74051,155
74070,54
74106,22
74125,27
74228,17
74249,43
74253,22
74258,151
74292,24
74296,25
74300,25
74306,28
74469,21
74508,23
74548,31
74553,74
74599,21
74616,29
74637,54
74640,34
74679,33
74726,21
74727,30
74731,25
74733,19
74773,22
74810,32
74830,70
74831,113
74848,22
74866,180
74908,24
74932,54
74947,261
74952,28
74990,16
75015,18
75025,204
75066,484
75071,18
75181,30
75199,57
75205,17
75235,16
75247,149
75248,17
75261,43
75264,24
75282,90
75326,28
75329,18
75334,46
75382,20
75443,30
75456,160
75517,19
75527,22
75553,30
75588,24
75609,22
75647,16
75650,38
75671,441
75679,20
75692,16
75696,65
75724,36
75798,90
75817,18
75865,21
75940,54
75974,18
76041,36
76053,37
76055,16
76063,25
76066,16
76069,55
76077,27
76079,17
76082,31
76087,75
76109,38
76116,45
76123,19
76134,55
76160,43
76239,113
76300,47
76315,100
76372,23
76414,39
76436,16
76445,24
76455,109
76456,25
76486,33
76522,29
76537,204
76545,24
76546,28
76555,26
76573,23
76591,27
76605,24
76626,24
76642,77
76679,39
76688,69
76711,19
76733,20
76797,65
76808,36
76908,67
77007,43
77008,115
77026,32
77044,242
77059,35
77070,19
77096,26
77102,16
77123,51
77125,27
77133,17
77242,21
77247,38
77260,50
77286,20
77295,19
77309,2452
77314,21
77323,55
77429,37
77509,25
77545,40
77547,93
77569,21
77611,17
77636,22
77644,22
77684,17
77685,34
77697,16
77723,24
77753,22
77754,44
77758,83
77784,177
77786,30
77804,29
77854,18
77873,28
77923,17
77969,24
78027,35
78077,17
78091,16
78113,24
78146,61
78160,20
78167,16
78173,35
78178,57
78311,18
78366,244
78405,270
78420,61
78433,23
78439,23
78491,103
78506,37
78624,21
78659,33
78670,29
78709,29
78715,1229
78756,39
78770,24
78810,17
78817,58
78822,112
78845,19
78856,31
78866,26
78897,885
78943,19
78957,76
78964,35
78967,19
78983,18
78986,69
79039,65
79062,29
79072,19
79073,18
79085,17
79105,89
79122,26
79138,35
79139,22
79194,16
79289,145
79340,24
79350,41
79355,109
79359,96
79388,41
79417,21
79446,24
79489,29
79518,21
79534,20
79541,20
79548,37
79641,16
79646,19
79649,33
79673,33
79683,148
79692,21
79698,73
79829,91
79837,18
79847,22
79871,17
79931,20
79950,18
79981,593
80005,19
80017,16
80044,25
80060,17
80061,36
80198,73
80243,114
80249,38
80266,55
80267,73
80281,148
80290,18
80314,22
80350,128
80367,31
80370,67
80420,25
80421,57
80471,18
80493,38
80499,31
80543,35
80544,173
80553,21
80575,86
80667,111
80730,140
80788,99
80848,19
80854,18
80949,18
80972,18
80992,96
81004,33
81005,16
81021,19
81101,29
81111,51
81153,16
81166,18
81167,31
81168,29
81208,466
81223,48
81227,98
81266,22
81276,24
81291,133
81303,85
81310,50
81320,18
81321,152
81331,23
81354,25
81369,23
81420,17
81428,58
81473,21
81510,28
81564,73
81580,53
81595,16
81625,61
81626,124
81678,24
81701,34
81767,25
81787,20
81808,37
81812,57
81814,170
81826,27
81837,33
81841,61
81849,44
81853,18
81880,24
81905,34
81906,46
81945,1178
81967,22
81975,84
82001,32
82004,17
82019,102
82056,23
82099,17
82154,18
82167,36
82190,121
82213,36
82228,20
82239,20
82255,45
82262,279
82265,24
82284,169
82296,164
82302,20
82303,140
82321,17
82327,17
82331,68
82336,92
82352,33
82360,37
82411,22
82414,16
82454,24
82540,17
82546,20
82565,17
82616,327
82691,79
82705,178
82751,18
82793,17
82822,17
82918,18
82921,55
82961,800
82975,236
83020,16
83022,17
83035,23
83074,192
83078,29
83107,21
83128,26
83131,18
83148,17
83168,51
83226,29
83255,83
83275,1930
83352,45
83412,23
83469,169
83489,18
83521,35
83529,21
83530,108
83583,31
83584,74
83621,22
83637,19
83641,29
83656,17
83673,36
83692,34
83696,28
83718,30
83740,17
83742,50
83757,164
83791,21
83795,32
83809,38
83847,102
83848,20
83862,44
83872,26
83918,32
83939,215
83955,34
83971,21
83987,30
84007,34
84011,40
84045,22
84068,64
84085,27
84090,26
84125,81
84134,45
84217,32
84271,56
84302,31
84387,33
84388,42
84389,30
84420,78
84422,27
84447,22
84482,27
84502,115
84556,498
84579,20
84621,17
84707,38
84745,16
84820,33
84877,32
84942,17
84959,133
84961,23
85003,20
85053,20
85123,18
85134,28
85137,177
85154,19
85205,28
85210,17
85228,154
85252,21
85259,239
85284,22
85357,91
85366,79
85400,18
85401,17
85404,50
85432,27
85436,193
85523,24
85533,33
85536,23
85539,19
85602,23
85627,43
85691,44
85692,31
85756,17
85780,56
85817,18
85822,604
85835,24
85847,19
85854,20
85894,38
85898,18
85915,25
85941,89
86003,16
86008,44
86015,19
86026,111
86037,39
86076,17
86087,76
86090,185
86122,31
86125,16
86190,119
86197,171
86205,398
86213,35
86230,30
86275,380
86348,17
86352,19
86357,16
86417,22
86456,27
86530,56
86575,19
86580,24
86684,277
86691,27
86764,20
86784,114
86808,29
86821,45
86858,20
86884,20
86911,139
86916,26
86918,17
86977,19
87062,17
87067,44
87106,20
87147,47
87149,173
87150,55
87180,17
87239,18
87292,18
87336,20
87344,17
87352,25
87384,22
87408,28
87419,24
87470,25
87490,17
87524,20
87535,39
87536,24
87577,19
87579,99
87593,21
87604,356
87610,50
87631,26
87676,26
87688,16
87741,82
87754,42
87767,19
87848,21
87911,17
88022,32
88033,25
88048,30
88075,38
88091,17
88097,25
88132,20
88155,17
88173,53
88208,22
88273,29
88278,16
88283,33
88285,116
88290,17
88297,38
88315,57
88328,21
88329,17
88339,24
88357,27
88359,30
88362,34
88413,88
88415,26
88439,30
88442,89
88445,83
88476,30
88549,29
88657,32
88694,18
88712,40
88764,20
88791,19
88795,30
88894,99
88915,22
88956,20
88971,26
88974,185
89052,105
89095,22
89208,101
89308,18
89358,61
89440,76
89447,150
89448,22
89483,28
89496,17
89511,17
89532,40
89570,41
89600,27
89622,23
89661,20
89741,125
89749,133
89809,57
89816,66
89905,17
89913,19
89932,58
89943,62
90049,41
90053,22
90058,16
90061,27
90084,17
90174,17
90203,24
90241,31
90273,28
90296,19
90298,26
90344,25
90364,38
90442,26
90443,71
90444,73
90481,61
90482,28
90492,31
90518,17
90534,84
90580,38
90778,21
90782,204
90792,33
90805,22
90869,19
90914,66
90953,51
91090,47
91143,43
91184,55
91221,17
91246,135
91326,24
91327,19
91344,57
91356,22
91373,18
91378,29
91382,22
91391,26
91413,23
91430,16
91435,25
91470,16
91492,266
91509,61
91553,35
91593,51
91595,31
91622,45
91630,36
91667,70
91696,18
91709,46
91715,108
91716,17
91722,21
91739,26
91761,52
91797,490
91848,18
91883,16
91928,31
91950,37
91961,39
91994,34
92014,31
92018,23
92025,28
92099,29
92104,100
92110,27
92121,20
92150,64
92159,170
92165,25
92187,156
92209,25
92222,25
92228,17
92368,21
92372,17
92393,1712
92503,25
92518,17
92528,27
92551,17
92609,70
92620,166
92655,18
92697,38
92699,35
92706,44
92726,17
92773,37
92775,357
92776,35
92791,16
92818,19
92838,16
92900,59
92927,45
92935,244
92979,32
92990,27
92993,18
92996,29
93052,19
93053,23
93120,75
93137,24
93194,17
93196,32
93241,63
93259,41
93322,16
93338,26
93386,31
93391,28
93414,23
93423,17
93448,16
93458,29
93522,19
93549,19
93583,53
93629,19
93649,16
93732,19
93752,64
93775,19
93795,28
93844,29
93884,28
93892,76
93895,29
93909,16
93926,19
93941,23
93948,104
93972,233
94024,983
94068,2227
94088,566
94097,26
94116,19
94125,16
94134,195
94219,45
94247,32
94280,49
94296,38
94302,28
94314,48
94340,16
94353,246
94358,31
94376,42
94391,31
94466,2098
94478,42
94483,22
94516,21
94521,44
94550,64
94553,33
94556,26
94560,72
94583,71
94637,20
94648,37
94661,24
94693,28
94727,21
94742,20
94744,61
94774,3242
94778,17
94791,19
94797,29
94821,112
94824,52
94857,18
94858,24
94903,48
94909,29
94911,78
94964,19
94978,17
95050,24
95064,133
95186,228
95309,20
95349,20
95370,16
95394,16
95450,27
95488,48
95527,27
95528,18
95650,20
95711,45
95736,17
95774,49
95778,19
95782,22
95845,83
95888,19
95892,110
95912,19
95937,20
95968,928
95998,17
96010,52
96090,113
96096,185
96099,17
96122,40
96129,121
96138,25
96143,42
96155,19
96177,24
96204,18
96210,48
96214,16
96234,24
96307,26
96332,49
96345,58
96356,16
96363,65
96395,30
96412,52
96440,18
96459,63
96501,57
96509,47
96570,22
96664,26
96679,803
96718,132
96725,18
96727,30
96737,272
96753,16
96799,18
96868,341
96932,18
96952,26
96976,18
96984,105
96986,108
97001,27
97003,18
97032,17
97187,48
97213,88
97226,429
97233,26
97332,38
97352,19
97488,26
97508,29
97561,21
97584,37
97585,19
97643,17
97667,22
97677,16
97696,17
97699,21
97701,132
97769,18
97784,85
97800,20
97806,140
97843,36
97870,22
97883,24
97890,18
97894,16
97945,110
97952,17
97963,94
98221,17
98251,18
98253,37
98271,16
98312,44
98320,35
98354,145
98362,40
98385,18
98417,54
98427,26
98428,38
98436,19
98464,24
98472,100
98486,16
98494,26
98552,64
98575,25
98579,17
98605,30
98686,17
98691,29
98706,17
98744,60
98794,21
98857,50
98866,24
98885,19
98905,26
98919,19
98954,18
99028,28
99036,33
99095,32
99126,17
99134,43
99136,17
99172,512
99254,51
99324,23
99361,40
99399,86
99418,27
99419,139
99539,20
99544,34
99576,216
99579,172
99580,74
99587,20
99588,20
99603,17
99644,21
99730,23
99731,57
99753,18
99790,22
99828,23
99872,78
99875,100
99915,22
99972,17
99991,27
99997,50
100010,32
100040,84
100071,1586
100126,35
100138,35
100227,25
100276,20
100277,25
100284,35
100285,18
100296,25
100308,22
100312,17
100343,24
100376,27
100483,22
100486,26
100501,16
100520,17
100563,44
100585,199
100644,23
100645,18
100666,26
100684,35
100685,20
100699,699
100724,221
100740,17
100768,19
100769,17
100775,38
100778,300
100788,89
100790,56
100898,187
100905,20
100924,33
100966,17
100998,61
101029,16
101056,18
101145,151
101194,170
101248,55
101316,26
101365,57
101375,37
101376,18
101409,161
101416,19
101437,17
101499,18
101543,37
101569,22
101597,17
101609,65
101610,24
101617,17
101625,27
101677,262
101684,31
101715,24
101777,74
101800,28
101811,18
101814,16
101823,244
101852,118
101898,60
101960,37
102036,227
102114,197
102230,20
102253,21
102254,82
102286,46
102297,16
102309,24
102351,30
102357,30
102358,18
102411,25
102577,19
102608,31
102753,38
102780,35
102787,504
102805,19
102811,43
102842,20
102845,32
102851,25
102852,77
102895,318
102899,56
102914,68
102920,19
102929,26
102960,102
102966,72
102980,18
102997,17
103003,29
103072,22
103079,20
103082,91
103103,102
103142,20
103200,32
103213,23
103219,20
103239,120
103250,48
103258,16
103264,62
103330,28
103350,19
103359,25
103369,85
103411,17
103438,69
103443,27
103446,1114
103481,19
103526,25
103542,18
103543,23
103576,16
103655,43
103723,21
103757,31
103795,20
103799,17
103808,16
103818,23
103850,35
103885,65
103891,27
103903,958
103942,58
103944,30
103997,86
104017,19
104043,497
104058,20
104074,31
104111,31
104142,114
104150,45
104172,66
104192,20
104237,24
104273,17
104295,30
104307,96
104308,60
104352,89
104366,23
104380,61
104394,19
104417,18
104429,23
104444,16
104519,16
104541,61
104559,31
104594,575
104622,21
104631,22
104725,17
104758,18
104860,34
104870,147
104902,185
104923,20
104934,60
104951,126
104953,17
104960,19
105119,30
105122,19
105136,31
105161,55
105233,34
105363,29
105382,50
105424,22
105430,34
105456,52
105515,17
105564,19
105592,40
105602,66
105608,23
105623,24
105665,21
105677,33
105693,31
105752,21
105765,30
105770,27
105792,114
105846,53
105861,46
105905,21
105929,22
105946,19
105956,62
105972,16
105975,30
105978,61
106111,151
106116,35
106143,55
106183,19
106188,73
106205,97
106268,24
106284,54
106323,18
106333,85
106376,75
106421,20
106432,37
106494,234
106497,23
106529,39
106532,26
106534,35
106542,52
106580,328
106583,78
106585,17
106645,82
106680,20
106734,1575
106747,25
106754,36
106762,2284
106771,21
106819,32
106837,21
106843,16
106861,38
106889,16
106928,50
106963,25
106979,99
107032,22
107034,45
107063,55
107085,21
107093,51
107130,17
107164,62
107215,20
107238,66
107244,27
107276,90
107280,74
107427,21
107447,29
107523,30
107529,21
107558,17
107563,58
107589,31
107656,65
107670,24
107711,24
107727,23
107728,74
107734,255
107742,24
107751,19
107813,83
107829,17
107830,141
107839,19
107865,40
107990,32
107992,42
108010,29
108044,51
108060,24
108140,145
108174,44
108193,17
108220,137
108264,194
108281,25
108282,18
108326,116
108348,19
108379,18
108392,90
108442,34
108472,20
108536,38
108568,17
108569,24
108613,19
108623,90
108630,18
108637,19
108661,53
108709,94
108736,20
108744,19
108759,33
108766,31
108789,20
108798,496
108828,21
108941,24
108951,16
108973,193
108979,22
109034,126
109054,30
109058,19
109114,31
109126,306
109127,32
109213,20
109214,43
109224,17
109252,67
109332,21
109339,61
109342,30
109421,114
109466,18
109491,16
109541,628
109619,39
109624,21
109640,102
109671,18
109702,62
109727,46
109777,79
109778,17
109860,20
109872,30
109916,84
109980,73
109983,62
110008,21
110034,460
110087,17
110100,32
110108,37
110129,18
110155,42
110179,173
110270,17
110317,71
110331,69
110349,25
110368,19
110383,19
110417,55
110430,18
110547,38
110586,19
110617,37
110640,48
110644,24
110659,43
110723,96
110763,33
110791,25
110806,72
110877,21
110909,18
110914,61
110957,55
110977,25
111016,47
111017,42
111037,18
111075,58
111089,16
111106,45
111118,27
111158,20
111162,27
111206,53
111208,26
111249,32
111250,18
111255,19
111268,149
111294,29
111306,190
111314,25
111324,18
111453,91
111492,28
111536,26
111568,47
111587,188
111596,25
111613,44
111618,45
111659,78
111670,22
111696,23
111702,25
111731,19
111745,55
111749,21
111777,17
111817,783
111848,17
111863,33
111888,50
111893,65
111933,16
111986,19
111997,22
112016,101
112061,25
112062,52
112120,30
112132,59
112140,26
112201,108
112259,20
112276,18
112292,26
112305,28
112334,16
112410,111
112417,21
112546,17
112566,48
112601,28
112604,23
112609,25
112623,34
112625,59
112633,142
112653,38
112724,16
112738,631
112742,53
112824,21
112828,26
112849,536
112867,40
112950,29
112965,22
112988,26
112998,152
113007,24
113021,19
113057,18
113059,103
113062,26
113065,18
113066,17
113106,56
113140,26
113160,87
113188,52
113255,64
113265,76
113315,20
113325,145
113367,267
113386,43
113387,18
113395,21
113549,106
113562,17
113579,19
113632,30
113664,22
113676,25
113680,37
113681,134
113755,26
113851,16
113895,237
113923,78
113940,22
114031,43
114036,25
114064,17
114087,33
114088,93
114092,192
114097,18
114103,18
114106,36
114116,21
114168,17
114187,372
114218,45
114228,37
114251,64
114276,17
114294,33
114316,17
114372,34
114427,24
114429,55
114440,45
114484,17
114511,30
114521,48
114596,17
114602,32
114619,19
114639,23
114653,17
114660,21
114716,59
114786,21
114791,18
114804,19
114818,18
114845,29
114854,23
114891,17
114897,18
114926,27
114939,287
114946,30
114948,127
114950,36
114979,24
114988,41
115122,92
115132,47
115156,18
115159,78
115197,17
115215,49
115292,35
115346,30
115369,415
115398,47
115420,22
115488,35
115494,48
115495,357
115510,117
115529,44
115568,17
115618,92
115659,17
115686,73
115700,22
115735,25
115780,19
115793,43
115794,41
115829,24
115832,20
115840,76
115858,22
115874,48
115889,49
115894,28
116013,18
116036,70
116046,138
116057,18
116084,25
116086,82
116234,18
116265,35
116289,20
116373,25
116446,41
116456,30
116505,26
116506,21
116587,16
116595,21
116608,39
116626,23
116631,17
116636,46
116640,118
116650,42
116664,30
116671,17
116697,175
116704,24
116722,57
116737,17
116765,90
116777,19
116819,19
116847,116
116861,142
116877,20
116890,27
116922,28
116926,22
116986,62
116991,30
117020,22
117032,25
117045,98
117070,81
117075,27
117081,230
117130,99
117167,21
117173,23
117185,23
117186,42
117189,45
117195,21
117205,64
117226,18
117273,26
117281,20
117290,20
117334,20
117340,19
117342,312
117388,19
117401,24
117557,30
117572,96
117579,161
117580,23
117582,25
117592,16
117597,19
117608,17
117619,49
117620,18
117640,26
117676,18
117716,21
117752,74
117753,192
117757,67
117856,37
117864,16
117883,57
117884,22
117891,21
117934,22
117935,33
117979,20
117998,18
118007,30
118019,264
118043,102
118048,26
118073,25
118081,35
118094,45
118160,27
118232,24
118303,19
118310,44
118322,32
118326,21
118347,24
118354,92
118360,56
118366,116
118398,16
118426,17
118428,17
118429,17
118446,20
118453,20
118458,32
118494,18
118499,29
118558,69
118659,56
118690,23
118702,41
118712,123
118735,24
118755,26
118760,668
118774,28
118805,88
118837,44
118898,50
118974,36
118990,113
119010,17
119017,17
119034,34
119037,20
119094,20
119101,36
119125,17
119126,22
119138,22
119153,41
119199,34
119246,16
119268,100
119274,28
119335,101
119400,54
119454,48
119456,52
119460,18
119483,27
119541,16
119562,16
119611,24
119677,16
119679,19
119683,182
119689,16
119700,30
119709,36
119726,39
119741,35
119779,96
119781,30
119808,23
119816,16
119834,40
119842,28
119856,22
119858,40
119893,24
119948,28
119995,55
120036,54
120054,21
120055,44
120145,229
120146,17
120186,21
120187,73
120191,45
120193,20
120194,19
120232,25
120278,16
120336,65
120342,19
120364,20
120403,32
120447,17
120485,27
120538,133
120544,180
120549,49
120706,28
120808,28
120829,23
120852,28
120882,21
120891,56
120939,18
120963,34
121002,17
121037,58
121108,26
121170,30
121232,24
121238,63
121257,19
121294,21
121312,114
121350,132
121358,98
121424,170
121425,25
121471,37
121494,26
121499,299
121508,22
121521,115
121531,53
121556,39
121563,56
121598,39
121618,39
121632,122
121633,319
121635,19
121655,54
121666,77
121668,19
121688,25
121689,20
121779,17
121791,17
121817,20
121903,23
121910,18
121963,667
122018,27
122137,28
122139,29
122187,31
122190,32
122200,16
122256,17
122302,22
122330,45
122366,21
122437,100
122453,85
122456,47
122482,367
122516,16
122576,18
122682,21
122690,43
122701,45
122716,45
122724,116
122741,30
122755,24
122799,16
122898,27
122930,34
122940,16
122948,56
122970,17
122976,23
123034,39
123050,17
123077,22
123096,18
123105,22
123112,29
123147,57
123222,73
123225,18
123242,27
123278,16
123281,19
123286,18
123300,27
123310,17
123412,45
123417,32
123418,105
123424,46
123431,20
123489,18
123519,17
123604,19
123626,23
123688,30
123695,1528
123696,446
123759,39
123804,20
123918,29
123925,75
123955,115
123957,40
123967,516
123995,18
124019,20
124021,22
124029,29
124033,644
124034,50
124041,22
124045,24
124048,26
124083,42
124268,128
124317,28
124337,66
124363,91
124369,28
124384,20
124412,17
124472,34
124530,59
124569,32
124575,45
124588,42
124614,72
124655,18
124661,25
124673,42
124677,38
124772,24
124800,20
124801,53
124852,20
124858,169
124863,24
124876,19
124926,28
124938,28
124949,21
124986,44
125014,16
125034,34
125035,18
125037,25
125096,44
125114,17
125124,29
125183,31
125193,21
125226,16
125233,36
125345,20
125361,18
125373,29
125404,77
125427,69
125445,16
125446,23
125447,25
125457,31
125548,120
125561,36
125584,21
125621,21
125635,34
125691,22
125718,26
125817,904
125918,21
125924,63
125938,21
125942,66
125961,21
125986,50
125988,20
126040,17
126042,18
126116,21
126177,200
126181,23
126184,35
126223,106
126237,27
126388,25
126398,21
126427,39
126428,40
126504,23
126536,30
126539,24
126552,19
126567,18
126593,20
126605,27
126639,22
126641,18
126653,22
126668,58
126729,19
126769,174
126770,16
126780,35
126787,34
126790,33
126861,38
126970,48
127065,38
127099,60
127127,20
127138,26
127162,29
127244,21
127271,17
127275,20
127330,18
127335,17
127346,90
127357,42
127367,265
127377,37
127380,30
127394,23
127437,26
127440,24
127471,232
127477,124
127522,49
127548,26
127578,79
127608,39
127626,21
127648,146
127663,17
127675,23
127704,34
127820,36
127831,28
127911,19
128020,28
128094,284
128115,60
128133,20
128137,76
128157,32
128160,102
128224,540
128274,31
128320,17
128322,17
128348,24
128361,24
128380,52
128415,23
128423,143
128438,18
128472,34
128502,24
128507,109
128520,17
128521,97
128645,19
128648,181
128653,21
128667,39
128716,34
128845,35
128849,17
128852,21
128894,103
128905,26
128919,30
128927,31
128929,51
128994,640
129029,19
129055,21
129071,16
129075,36
129095,17
129131,35
129148,24
129155,40
129216,19
129222,59
129236,20
129304,18
129312,91
129328,22
129349,39
129375,21
129391,42
129396,19
129410,22
129421,24
129461,55
129467,25
129471,36
129472,20
129481,74
129533,38
129560,21
129583,16
129596,23
129605,63
129639,53
129662,31
129701,24
129704,25
129720,31
129771,40
129800,202
129878,675
129916,238
129934,18
130002,320
130006,18
130007,20
130008,140
130011,191
130013,18
130042,21
130043,7263
130102,16
130129,24
130191,19
130265,59
130269,157
130301,62
130341,210
130360,155
130386,109
130451,62
130456,40
130466,23
130513,59
130527,22
130590,18
130604,18
130617,378
130669,21
130710,27
130727,53
130776,28
130801,53
130829,19
130839,22
130883,19
130891,56
130948,22
130955,30
130956,20
130970,69
130990,16
131036,46
131037,23
131104,16
131119,21
131127,26
131139,21
131179,10165
131251,18
131280,18
131281,44
131293,31
131318,123
131363,18
131367,27
131394,20
131446,17
131448,18
131458,21
131574,83
131577,21
131607,41
131636,17
131665,429
131723,38
131767,36
131794,43
131825,76
131827,20
131875,38
131896,37
131951,19
131967,24
131981,26
132023,61
132045,16
132048,39
132092,16
132114,18
132170,54
132182,17
132272,42
132274,36
132293,24
132311,37
132406,16
132446,104
132462,24
132466,24
132484,78
132490,30
132522,17
132574,20
132577,86
132582,112
132586,21
132597,26
132602,31
132670,47
132733,24
132790,194
132793,21
132825,76
132843,36
132862,64
132879,26
132887,18
132900,281
132932,18
132938,140
132971,32
132978,17
132986,21
133005,39
133095,117
133114,21
133124,50
133183,27
133201,28
133215,30
133284,25
133324,26
133364,16
133367,70
133368,19
133369,25
133383,16
133424,26
133464,45
133470,31
133493,17
133514,138
133566,37
133591,16
133598,32
133628,24
133631,23
133646,19
133656,101
133712,164
133726,19
133737,25
133789,30
133809,546
133814,43
133837,120
133870,23
133905,86
133919,19
133962,106
133979,127
134049,66
134051,33
134096,36
134106,37
134114,149
134143,40
134155,26
134179,16
134202,23
134224,107
134240,52
134254,786
134305,23
134353,19
134356,17
134386,101
134401,18
134444,34
134487,68
134535,22
134538,42
134551,21
134552,26
134558,20
134561,18
134654,18
134663,29
134664,72
134701,63
134720,50
134729,19
134739,54
134760,35
134801,42
134839,32
134844,18
134870,144
134874,28
134898,24
134927,17
134980,17
135016,67
135017,18
135021,16
135039,23
135050,27
135063,20
135072,58
135080,21
135085,609
135204,48
135230,39
135254,179
135310,128
135329,22
135348,33
135353,51
135400,35
135411,22
135434,234
135446,17
135454,119
135460,18
135516,21
135524,47
135545,16
135601,746
135626,42
135669,23
135702,27
135704,60
135747,38
135760,36
135761,32
135769,18
135808,91
135825,27
135863,16
135877,19
135939,168
135944,20
135964,20
135968,52
136006,461
136007,28
136011,22
136014,17
136034,103
136037,55
136043,20
136059,61
136078,20
136082,21
136097,26
136105,18
136136,26
136140,22
136154,94
136251,188
136253,141
136264,60
136281,45
136312,40
136318,33
136320,49
136343,17
136344,48
136390,16
136430,24
136431,131
136470,17
136493,18
136499,18
136500,1150
136531,23
136596,297
136615,26
136648,18
136671,16
136723,30
136725,23
136742,29
136770,18
136782,28
136790,18
136830,20
136919,37
136950,18
137054,94
137055,51
137067,32
137113,30
137134,237
137198,52
137212,21
137237,19
137270,28
137340,22
137347,20
137354,22
137368,77
137413,18
137423,57
137435,31
137518,27
137542,44
137558,21
137631,29
137698,53
137739,107
137802,21
137814,35
137822,17
137843,18
137904,18
137999,22
138004,36
138046,21
138061,22
138078,29
138082,68
138087,24
138114,102
138153,78
138224,16
138245,3314
138252,97
138268,65
138311,17
138333,34
138338,16
138356,21
138375,19
138408,94
138477,41
138520,22
138535,26
138552,21
138553,39
138556,86
138599,30
138616,60
138644,17
138682,40
138689,33
138703,301
138760,23
138769,27
138785,18
138830,97
138848,24
138886,91
138920,54
138961,475
138978,298
139010,21
139033,17
139049,31
139058,21
139065,103
139074,17
139104,27
139110,23
139153,32
139199,35
139204,20
139269,72
139306,168
139312,19
139341,44
139368,17
139420,25
139429,46
139475,29
139498,23
139517,40
139527,93
139529,17
139576,23
139582,51
139616,67
139663,30
139675,74
139704,183
139707,35
139713,22
139722,397
139724,67
139757,22
139786,35
139835,521
139840,19
139843,73
139851,20
139866,597
139874,18
139875,484
139893,18
139970,19
139980,42
139988,60
140005,27
140013,28
140029,70
140068,75
140090,23
140115,25
140144,33
140183,31
140205,24
140240,336
140250,25
140259,22
140264,17
140282,25
140284,17
140291,110
140300,67
140333,70
140343,55
140370,21
140496,19
140657,24
140663,30
140695,17
140727,57
140761,26
140812,22
140814,31
140817,124
140893,20
140912,57
140995,74
141104,16
141113,81
141133,66
141159,41
141172,61
141177,16
141178,39
141188,28
141198,32
141218,29
141249,17
141272,28
141281,91
141308,79
141325,20
141363,16
141373,332
141456,21
141480,109
141501,23
141538,72
141584,27
141627,27
141630,20
141655,16
141656,17
141679,31
141807,61
141895,50
141913,17
141981,21
142040,43
142074,288
142174,211
142187,49
142199,16
142202,16
142203,69
142212,26
142215,27
142235,16
142274,63
142278,17
142319,41
142483,20
142534,17
142598,16
142613,54
142645,27
142773,31
142783,45
142785,45
142793,3419
142841,483
142859,19
142870,54
142902,46
142918,50
142946,28
142957,126
142964,233
142965,30
143012,17
143018,26
143022,30
143081,21
143190,25
143221,18
143293,58
143297,27
143321,19
143325,86
143346,22
143371,17
143373,18
143463,18
143482,25
143510,42
143523,23
143528,25
143539,25
143569,32
143645,30
143652,54
143660,47
143678,46
143718,52
143757,219
143768,73
143783,32
143820,25
143823,19
143848,19
143855,16
143876,22
143879,23
143933,44
144046,40
144106,179
144118,18
144144,183
144150,30
144208,38
144274,86
144305,46
144321,54
144367,19
144400,27
144405,81
144406,41
144437,55
144463,23
144464,19
144499,17
144539,20
144548,255
144561,21
144572,102
144582,26
144593,17
144760,44
144808,22
144809,64
144829,17
144845,18
144852,29
144861,110
144903,104
145006,16
145115,30
145148,18
145150,56
145291,116
145306,46
145326,22
145367,27
145385,76
145424,43
145489,17
145508,52
145517,17
145523,19
145528,21
145575,17
145586,21
145599,25
145613,26
145621,16
145644,21
145668,24
145674,18
145712,59
145728,139
145743,88
145780,56
145825,71
145866,17
145868,69
145917,27
145918,39
145921,62
145974,20
146003,1560
146070,44
146112,44
146164,42
146192,27
146266,28
146272,26
146334,86
146346,20
146359,26
146363,19
146364,58
146370,16
146398,33
146414,19
146422,17
146449,1878
146456,23
146465,20
146488,70
146496,31
146515,210
146520,17
146607,21
146640,30
146671,58
146698,17
146702,16
146707,72
146714,24
146781,169
146815,21
146821,45
146841,118
146870,20
146921,459
146927,63
147034,16
147039,1494
147085,43
147104,16
147114,299
147139,34
147219,47
147282,72
147359,19
147406,17
147482,20
147483,39
147490,20
147511,17
147517,18
147537,39
147557,24
147616,84
147679,17
147685,18
147687,22
147700,25
147762,217
147766,237
147769,31
147811,22
147834,29
147884,335
147932,22
147941,84
147946,22
147961,28
148011,33
148044,39
148164,17
148174,242
148193,19
148198,57
148202,16
148248,172
148270,34
148382,18
148392,19
148401,21
148404,41
148419,21
148471,41
148513,18
148533,22
148555,33
148705,36
148708,49
148785,18
148786,66
148882,667
148911,28
148914,40
148958,17
148968,19
148998,60
149046,44
149056,48
149057,172
149118,24
149119,27
149141,98
149153,33
149164,16
149186,115
149209,36
149223,129
149294,27
149365,17
149368,32
149383,98
149403,375
149460,18
149510,17
149512,16
149518,210
149557,163
149560,29
149565,27
149599,36
149605,23
149706,64
149713,19
149732,18
149735,34
149786,23
149835,98
149842,515
149858,53
149889,58
149906,25
149987,18
150020,58
150061,21
150080,290
150109,42
150194,23
150199,16
150280,37
150349,19
150391,122
150436,22
150473,17
150539,17
150541,19
150593,17
150610,35
150639,45
150667,22
150708,21
150712,38
150726,24
150727,112
150818,19
150819,32
150820,44
150856,130
150882,32
150948,80
150950,20
150965,33
150985,18
150991,29
151060,70
151123,25
151149,20
151168,20
151236,3595
151244,24
151288,270
151295,120
151301,83
151332,19
151348,22
151408,383
151412,21
151424,28
151456,27
151473,31
151486,32
151558,22
151560,29
151590,22
151624,17
151638,21
151653,16
151658,18
151671,33
151705,31
151713,22
151780,40
151781,20
151805,18
151826,22
151838,28
151879,88
151892,18
151904,17
151922,36
151933,16
152024,244
152026,24
152082,114
152187,24
152192,19
152220,24
152226,52
152310,51
152317,73
152343,16
152347,20
152368,30
152397,190
152459,194
152499,37
152526,135
152598,17
152680,21
152693,28
152733,92
152746,57
152773,52
152776,17
152784,47
152804,110
152811,37
152813,148
152819,21
152848,43
152870,7973
152879,56
152899,51
152933,31
152941,362
152985,29
153009,23
153022,171
153052,17
153114,18
153125,19
153126,19
153135,82
153149,22
153181,37
153233,27
153243,71
153244,373
153247,17
153275,23
153311,22
153324,38
153406,42
153417,21
153475,27
153476,18
153482,25
153489,20
153492,21
153506,19
153517,19
153573,79
153575,17
153633,20
153642,17
153670,53
153677,36
153731,27
153841,19
153878,23
153971,23
153980,33
154012,27
154026,21
154027,300
154241,35
154287,19
154291,16
154309,17
154314,20
154340,29
154352,97
154368,26
154398,21
154401,56
154424,56
154428,24
154431,27
154434,6847
154436,51
154503,20
154520,29
154590,19
154647,66
154651,252
154767,16
154773,113
154777,28
154826,21
154875,21
154935,48
155003,17
155070,123
155116,25
155120,16
155134,207
155149,55
155157,56
155163,38
155242,16
155245,553
155256,21
155267,34
155281,16
155289,19
155300,58
155329,80
155420,22
155428,34
155434,48
155479,35
155483,608
155550,23
155563,33
155570,55
155628,18
155666,22
155701,19
155752,20
155753,23
155792,1030
155812,18
155830,31
155911,21
155979,190
155982,139
156030,51
156044,20
156081,69
156116,194
156141,29
156144,38
156209,60
156216,42
156218,19
156289,41
156302,26
156308,31
156372,30
156394,20
156448,52
156489,21
156536,16
156542,23
156675,85
156731,21
156753,39
156758,183
156863,38
156870,27
156875,164
156899,42
156911,17
156927,57
156945,27
156952,24
156958,55
156967,98
156974,24
156988,47
156991,204
157005,58
157028,760
157094,18
157166,39
157200,22
157205,55
157206,734
157265,119
157272,70
157295,28
157341,16
157355,21
157444,75
157484,32
157491,335
157508,17
157513,26
157518,82
157548,18
157549,55
157555,41
157563,34
157609,67
157684,101
157689,25
157732,49
157777,18
157778,68
157788,36
157801,29
157803,48
157810,49
157882,168
157885,18
157909,19
157956,32
157972,16
157973,35
157979,23
158005,36
158041,27
158060,28
158063,25
158077,60
158079,30
158084,31
158107,26
158109,18
158129,74
158144,64
158150,23
158166,23
158191,17
158208,40
158252,178
158288,60
158317,44
158322,102
158340,34
158349,295
158353,63
158401,35
158435,24
158450,48
158468,22
158497,34
158537,40
158548,20
158554,27
158571,119
158575,24
158593,41
158626,41
158663,120
158709,26
158725,29
158729,55
158730,131
158743,28
158758,43
158765,24
158805,435
158857,79
158898,16
158917,27
158946,19
158964,51
159087,36
159137,45
159144,56
159146,30
159172,62
159222,21
159226,38
159228,29
159261,21
159262,36
159270,96
159275,17
159277,18
159301,26
159308,18
159354,23
159403,63
159429,21
159549,16
159591,309
159594,16
159602,27
159675,46
159679,45
159701,38
159711,18
159728,56
159735,19
159739,23
159740,19
159750,24
159754,17
159762,27
159782,23
159799,19
159812,71
159820,59
159877,29
159919,20
159941,87
159945,20
159956,17
159984,75
160037,43
160068,1077
160096,27
160143,335
160170,17
160171,54
160177,67
160249,269
160279,47
160369,96
160410,34
160448,20
160454,18
160513,35
160529,36
160585,30
160591,25
160661,21
160682,29
160717,110
160718,21
160734,21
160735,105
160815,56
160986,30
161117,56
161149,28
161177,16
161216,18
161226,17
161236,18
161271,18
161275,29
161286,37
161317,43
161385,27
161408,22
161423,20
161437,28
161447,77
161475,23
161607,72
161619,41
161626,809
161665,23
161695,26
161725,24
161730,17
161741,17
161785,20
161804,56
161811,16
161964,23
161976,23
162003,18
162008,19
162022,22
162073,33
162096,31
162098,31
162149,79
162162,48
162173,25
162242,23
162260,18
162314,17
162390,27
162402,22
162426,466
162443,19
162512,26
162522,19
162542,1163
162558,16
162615,22
162653,31
162686,81
162706,29
162714,22
162739,216
162749,87
162782,27
162802,158
162803,19
162826,35
162827,40
162924,35
162963,19
162994,86
163034,16
163064,29
163093,183
163178,28
163190,41
163199,178
163237,168
163242,24
163243,38
163293,16
163304,37
163416,28
163423,18
163472,16
163489,1433
163570,23
163579,57
163596,21
163678,21
163682,22
163719,29
163730,50
163788,19
163901,162
163905,26
163989,42
163990,16
164048,26
164121,43
164151,23
164153,39
164185,16
164232,25
164294,16
164313,20
164409,52
164433,21
164441,106
164461,39
164513,16
164539,18
164559,18
164629,55
164638,25
164641,20
164705,67
164733,27
164774,136
164812,28
164861,49
164892,29
164905,188
164913,286
164988,20
165054,60
165071,50
165105,34
165131,27
165177,63
165223,37
165261,24
165281,27
165283,18
165309,21
165314,24
165324,16
165357,26
165376,26
165380,22
165389,226
165393,30
165400,17
165445,46
165450,84
165494,45
165506,19
165541,21
165546,32
165561,33
165615,29
165636,22
165675,30
165718,21
165760,32
165766,31
165784,197
165804,17
165807,23
165878,189
165960,29
165988,17
165993,99
165994,26
166017,19
166073,55
166094,22
166104,24
166132,70
166195,40
166215,22
166216,18
166218,18
166241,96
166250,30
166279,17
166282,16
166283,25
166286,26
166338,23
166340,72
166378,25
166381,22
166512,42
166544,29
166616,20
166660,774
166681,20
166705,117
166710,785
166722,17
166829,66
166869,30
166879,28
166883,88
166938,17
166961,58
166982,38
166983,17
167013,22
167015,32
167048,16
167095,16
167154,20
167160,146
167202,56
167219,54
167239,17
167272,19
167286,46
167297,28
167311,38
167338,121
167419,19
167428,39
167448,54
167450,16
167473,240
167512,20
167538,400
167595,18
167600,34
167648,101
167670,27
167681,17
167695,37
167718,28
167766,92
167779,16
167790,328
167872,49
167947,17
167959,19
167983,17
168025,18
168029,26
168033,33
168080,203
168120,20
168165,20
168268,35
168279,30
168334,22
168335,27
168337,17
168348,17
168351,52
168377,17
168397,96
168415,18
168439,55
168447,54
168469,26
168481,104
168521,20
168526,49
168527,24
168551,64
168596,63
168605,55
168622,49
168623,21
168699,29
168723,33
168785,28
168791,147
168847,39
168853,32
168860,17
168865,142
168875,42
168880,21
168888,17
168929,21
168930,22
168937,41
168942,59
169007,28
169030,40
169033,60
169043,19
169055,20
169101,16
169174,46
169236,908
169241,71
169257,16
169278,33
169279,246
169311,133
169319,28
169323,34
169364,106
169373,20
169429,19
169430,23
169435,30
169458,54
169466,69
169487,25
169536,59
169560,17
169571,74
169592,25
169611,29
169615,17
169726,330
169753,21
169784,28
169798,19
169806,113
169862,23
169877,20
169880,27
169892,17
169946,17
169999,63
170003,21
170049,16
170081,95
170118,21
170119,2016
170149,177
170188,30
170200,19
170327,26
170335,26
170375,51
170399,18
170439,60
170497,3171
170550,810
170575,36
170581,16
170607,1249
170629,18
170632,65
170661,49
170680,46
170686,23
170732,22
170733,20
170738,30
170816,30
170829,28
170836,17
170843,20
170847,35
170883,161
170913,21
170936,20
170946,21
170948,60
170976,16
170981,44
170984,17
171028,66
171065,21
171130,60
171171,44
171185,49
171223,47
171226,49
171258,37
171282,31
171303,17
171307,265
171318,23
171363,23
171452,22
171478,21
171553,29
171574,57
171589,72
171673,42
171707,31
171746,21
171753,60
171782,21
171813,109
171851,1420
171886,23
171890,18
171893,34
171940,27
171953,67
172001,46
172066,19
172106,21
172254,21
172274,24
172280,18
172299,28
172305,18
172314,144
172365,46
172370,64
172377,21
172416,1635
172442,87
172516,107
172526,39
172534,25
172586,16
172590,21
172602,75
172674,33
172748,26
172769,20
172790,17
172854,29
172861,32
172872,23
172875,19
172945,16
172976,21
172995,29
173013,20
173032,690
173035,47
173036,17
173040,43
173063,19
173089,17
173102,37
173104,469
173161,58
173182,27
173294,21
173352,319
173396,93
173417,22
173423,84
173504,23
173512,20
173540,35
173547,34
173593,25
173638,53
173639,53
173661,17
173717,19
173764,37
173794,16
173833,29
173852,30
173860,17
173898,24
173900,30
173932,17
173981,21
173982,17
173984,24
174051,20
174066,17
174120,25
174143,19
174162,17
174182,29
174196,68
174213,21
174253,23
174272,17
174317,41
174327,16
174331,82
174355,58
174357,16
174377,18
174382,30
174437,111
174449,18
174456,31
174513,25
174532,17
174579,39
174604,32
174613,26
174619,59
174622,86
174626,22
174637,65
174638,27
174661,38
174698,23
174751,25
174790,71
174843,38
174852,100
174912,20
174947,24
174949,26
174955,28
174956,19
174977,73
175006,60
175028,60
175056,27
175066,21
175067,20
175075,220
175109,61
175134,29
175135,89
175142,45
175168,36
175178,35
175214,18
175230,35
175297,24
175322,21
175351,29
175387,51
175403,75
175455,141
175475,120
175514,32
175539,1019
175560,37
175570,20
175589,20
175636,46
175640,54
175663,28
175681,44
175686,134
175693,20
175711,444
175811,21
175883,22
175954,67
176001,39
176009,38
176010,37
176036,16
176048,49
176075,17
176079,31
176131,42
176208,33
176233,19
176239,18
176282,17
176284,142
176294,33
176315,335
176321,59
176330,26
176339,20
176361,27
176380,20
176395,46
176418,72
176419,51
176421,28
176453,35
176473,80
176522,19
176532,75
176535,18
176557,17
176578,42
176583,42
176619,111
176672,25
176796,73
176803,28
176831,20
176853,21
176920,187
176975,74
176982,44
177020,16
177046,22
177051,64
177056,22
177071,25
177099,27
177129,18
177148,35
177154,82
177231,2226
177282,62
177285,20
177292,33
177339,17
177391,19
177392,116
177412,37
177418,59
177427,73
177507,23
177574,19
177582,25
177591,44
177642,18
177656,19
177670,29
177671,24
177704,152
177737,22
177758,18
177770,26
177869,212
177879,146
178035,32
178036,17
178077,171
178080,33
178094,18
178095,45
178113,453
178127,18
178135,22
178151,23
178179,38
178207,161
178228,48
178247,22
178269,20
178300,16
178338,30
178352,1089
178361,24
178408,20
178417,28
178421,36
178432,17
178466,22
178491,86
178506,46
178568,31
178605,16
178693,157
178697,17
178714,19
178736,72
178748,17
178760,22
178763,37
178775,17
178785,34
178872,18
178885,16
178886,16
178894,43
178930,22
178960,21
178976,31
178989,56
179055,37
179093,29
179094,20
179100,36
179115,31
179124,21
179127,76
179146,105
179149,75
179162,39
179187,26
179214,27
179232,18
179260,33
179277,100
179285,20
179293,68
179306,26
179330,93
179338,19
179351,45
179373,23
179408,18
179452,70
179514,19
179537,17
179548,33
179556,23
179571,59
179590,25
179617,20
179624,21
179661,22
179675,21
179726,146
179768,20
179796,478
179804,17
179821,27
179845,33
179854,28
179890,47
179899,16
179969,23
179978,18
180011,25
180024,175
180074,73
180083,59
180100,19
180160,22
180229,26
180241,21
180247,23
180252,44
180297,17
180299,19
180382,21
180451,35
180454,23
180459,21
180466,85
180469,35
180525,45
180577,34
180584,34
180700,31
180723,66
180759,23
180782,28
180838,19
180843,48
180915,23
180917,35
180994,71
181002,24
181073,21
181085,58
181128,68
181144,19
181181,22
181184,52
181221,99
181261,18
181267,98
181274,20
181329,21
181464,26
181518,19
181574,83
181663,283
181695,17
181702,29
181714,42
181742,127
181744,45
181745,22
181835,48
181887,22
181890,27
181901,23
181961,35
181979,28
182034,22
182067,20
182088,45
182089,22
182100,1100
182126,26
182151,43
182157,126
182254,17
182259,65
182262,85
182277,165
182327,19
182353,73
182371,24
182394,18
182451,16
182479,133
182481,822
182495,48
182509,16
182527,157
182563,21
182579,70
182587,47
182599,16
182640,19
182712,18
182719,37
182767,21
182773,444
182839,28
182862,19
182899,19
182908,38
182930,19
182935,29
182948,61
183028,23
183085,41
183123,22
183136,96
183152,16
183188,36
183203,17
183230,53
183248,68
183256,19
183359,19
183380,148
183388,51
183411,34
183419,31
183453,36
183479,70
183502,101
183521,19
183525,31
183535,32
183554,19
183593,21
183619,257
183708,29
183719,16
183735,88
183753,33
183759,48
183790,21
183817,38
183827,28
183883,17
183884,37
183923,31
183931,38
183975,43
183990,37
184009,20
184052,16
184056,31
184078,29
184097,20
184110,37
184151,28
184159,17
184162,32
184164,40
184190,23
184250,20
184272,29
184288,37
184311,24
184363,18
184438,47
184477,26
184496,20
184503,19
184517,26
184520,110
184521,31
184524,16
184606,40
184610,23
184654,48
184674,25
184679,17
184762,184
184801,708
184888,113
184915,25
184976,17
185011,88
185057,19
185107,163
185133,48
185150,36
185179,25
185195,121
185212,25
185238,165
185252,52
185264,16
185291,20
185328,20
185401,20
185412,780
185471,34
185486,137
185512,21
185554,21
185564,26
185566,44
185577,19
185584,28
185641,66
185652,644
185692,23
185721,98
185745,17
185794,37
185815,18
185823,104
185897,23
185923,36
185941,46
185973,98
186020,29
186068,6157
186083,17
186091,50
186093,20
186094,22
186101,17
186129,344
186217,24
186248,20
186318,18
186343,23
186349,24
186353,19
186354,34
186364,69
186365,101
186390,79
186419,23
186420,37
186428,44
186451,28
186495,41
186496,79
186545,21
186571,23
186737,122
186761,22
186770,19
186867,33
186870,89
186891,18
186940,65
186941,87
187000,1466
187005,21
187048,50
187062,28
187078,17
187113,17
187135,55
187141,42
187143,22
187147,49
187210,17
187353,17
187389,93
187396,22
187461,21
187484,29
187486,19
187507,119
187540,22
187596,19
187616,32
187641,19
187737,324
187767,25
187809,40
187824,63
187842,34
187851,21
187861,35
187869,59
187874,70
187904,168
187920,633
187971,23
187975,17
188028,24
188044,32
188048,18
188067,31
188111,211
188137,21
188144,27
188148,40
188255,29
188269,24
188336,103
188380,21
188397,27
188405,62
188432,339
188441,23
188538,34
188578,205
188585,116
188588,18
188601,19
188632,64
188649,98
188686,46
188689,26
188839,16
188907,32
188914,25
188921,360
188924,52
188931,16
188974,21
189001,18
189012,30
189084,52
189111,19
189141,39
189191,18
189210,117
189220,23
189236,19
189237,39
189238,58
189274,247
189289,63
189324,74
189328,26
189331,24
189373,29
189385,75
189469,88
189472,22
189512,24
189528,16
189591,23
189682,18
189739,19
189742,25
189749,64
189769,16
189784,23
189796,85
189851,17
189889,23
190008,54
190108,60
190171,27
190172,30
190185,17
190207,48
190227,29
190241,33
190243,24
190275,486
190304,66
190316,19
190389,25
190397,113
190404,24
190433,27
190444,28
190447,33
190479,36
190490,19
190580,19
190598,17
190603,17
190612,24
190660,263
190664,18
190672,62
190696,26
190699,22
190701,32
190705,22
190708,16
190709,25
190777,18
190843,39
190864,20
190885,20
190946,17
190948,2509
191011,29
191068,129
191102,61
191103,34
191111,212
191148,79
191162,21
191163,30
191220,41
191272,59
191273,25
191290,65
191379,21
191398,37
191410,47
191423,20
191430,67
191435,72
191439,36
191484,41
191486,23
191532,22
191570,1077
191578,22
191608,87
191622,258
191642,19
191649,30
191656,20
191677,19
191707,31
191717,18
191843,56
191912,19
191946,22
191976,23
192026,39
192053,63
192059,37
192090,23
192096,124
192140,34
192145,28
192295,4886
192296,238
192297,75
192309,36
192311,21
192341,69
192375,36
192391,20
192406,18
192418,26
192420,59
192426,25
192504,36
192540,18
192547,177
192550,30
192643,18
192686,36
192707,18
192727,22
192734,17
192753,16
192792,85
192839,27
192871,108
192912,54
192936,76
192959,31
192962,42
192971,25
193015,158
193042,17
193059,39
193080,111
193105,1358
193121,19
193123,20
193187,17
193232,18
193259,41
193298,27
193328,21
193335,87
193363,23
193368,19
193402,23
193435,144
193456,29
193487,22
193502,39
193514,19
193516,16
193581,28
193589,61
193649,32
193667,16
193710,78
193750,23
193757,21
193767,27
193773,18
193823,54
193826,52
193849,16
193897,21
193924,26
193980,35
193982,40
193997,16
194025,17
194180,19
194192,108
194196,119
194203,43
194216,175
194221,31
194224,21
194246,724
194309,56
194310,33
194314,34
194319,37
194339,29
194408,40
194451,33
194479,16
194519,27
194542,62
194548,25
194556,100
194575,54
194580,28
194586,276
194623,160
194723,25
194731,17
194777,17
194851,26
194874,113
194875,20
194877,30
194883,38
194931,28
194932,19
194948,184
194952,26
194982,20
194992,54
195016,109
195017,25
195084,708
195116,18
195144,17
195156,30
195161,18
195182,22
195200,17
195261,135
195266,18
195268,40
195278,18
195279,20
195335,17
195370,21
195379,16
195404,158
195423,71
195458,22
195516,19
195572,32
195575,37
195616,56
195630,18
195673,34
195700,17
195712,310
195725,23
195807,23
195812,26
195817,222
195829,28
195920,53
195935,103
195951,43
195966,49
195993,25
195999,28
196020,25
196054,22
196057,52
196088,19
196099,18
196116,19
196118,31
196146,23
196217,34
196231,60
196236,39
196260,148
196272,465
196273,23
196288,23
196331,54
196371,43
196429,21
196458,38
196473,18
196494,68
196531,29
196548,37
196549,59
196568,49
196587,185
196606,37
196617,23
196654,17
196735,58
196746,50
196793,35
196797,55
196824,37
196843,48
196851,20
196876,20
196908,24
196928,37
196993,38
196998,24
197053,16
197111,58
197136,21
197148,33
197150,117
197240,31
197259,26
197260,19
197275,31
197287,298
197313,17
197314,25
197396,27
197490,41
197511,29
197515,17
197517,22
197565,20
197566,17
197592,33
197606,52
197611,20
197690,23
197708,38
197712,503
197950,35
197988,21
197993,2013
197997,46
198010,95
198146,17
198191,22
198221,26
198265,18
198319,21
198327,26
198421,26
198427,29
198428,39
198443,248
198449,16
198451,97
198482,29
198521,896
198540,29
198661,25
198717,18
198718,23
198746,99
198758,22
198862,70
198877,610
198902,34
198917,100
198947,45
198949,51
198992,17
199038,31
199104,29
199111,17
199189,37
199236,17
199240,54
199245,53
199266,60
199349,27
199439,19
199510,32
199511,16
199535,216
199560,21
199561,32
199662,21
199703,17
199747,18
199762,17
199775,28
199778,54
199855,26
199869,31
199965,20
200024,19
200085,20
200094,23
200119,17
200150,25
200192,17
200205,103
200206,178
200222,98
200239,26
200282,23
200295,32
200343,60
200423,18
200433,22
200441,57
200449,22
200477,17
200491,63
200518,34
200656,28
200663,60
200668,250
200746,26
200755,37
200781,108
200829,1389
200873,53
200889,24
200919,19
200924,68
200931,17
200969,31
201012,25
201053,19
201062,21
201080,92
201143,62
201150,26
201204,25
201205,27
201226,27
201235,38
201236,35
201279,17
201280,42
201303,28
201304,23
201330,19
201358,693
201408,38
201418,60
201476,19
201477,52
201491,25
201506,21
201536,53
201538,70
201564,41
201642,18
201657,33
201762,38
201766,56
201794,16
201826,23
201840,45
201864,623
201904,27
201924,24
201925,3771
201941,41
201982,19
201984,26
201995,31
202016,34
202025,47
202032,19
202124,21
202126,51
202147,20
202175,17
202180,21
202185,124
202186,17
202210,39
202263,25
202343,24
202407,86
202428,39
202449,18
202459,41
202476,17
202491,18
202576,17
202649,32
202697,34
202710,18
202720,17
202740,16
202776,19
202795,19
202848,18
202856,29
202868,126
202881,190
202896,197
203106,19
203113,77
203131,19
203174,97
203229,28
203243,55
203268,17
203303,19
203335,24
203336,68
203357,23
203414,46
203450,30
203458,16
203503,70
203530,68
203546,31
203605,32
203620,120
203642,28
203643,20
203647,39
203666,16
203674,21
203680,25
203700,30
203707,45
203726,35
203735,48
203753,19
203756,64
203797,396
203809,27
203817,20
203857,35
203882,22
203883,21
203981,22
203983,55
204020,22
204033,29
204212,22
204260,20
204268,24
204271,32
204308,24
204315,17
204335,17
204416,18
204423,238
204434,22
204439,34
204489,279
204627,42
204712,29
204749,20
204800,52
204807,23
204812,31
204814,30
204816,17
204831,33
204863,26
204928,17
204935,19
204982,113
204984,19
204992,21
205016,41
205031,22
205085,41
205112,20
205122,19
205150,42
205172,83
205188,19
205248,24
205265,121
205272,35
205276,138
205329,193
205370,32
205379,29
205401,130
205416,18
205481,63
205501,17
205514,157
205518,39
205520,38
205524,3724
205528,37
205536,21
205561,51
205607,26
205650,16
205694,113
205697,25
205701,1692
205702,54
205708,31
205709,38
205720,29
205731,51
205761,85
205772,17
205784,34
205804,65
205805,41
205839,95
205846,38
205920,27
205948,97
206002,20
206038,41
206045,51
206081,62
206092,19
206099,43
206148,70
206150,41
206166,34
206242,54
206337,31
206368,16
206375,20
206430,43
206469,56
206489,37
206505,21
206506,17
206541,24
206558,49
206580,17
206604,19
206623,27
206625,34
206635,36
206674,18
206683,34
206718,16
206726,42
206729,37
206735,90
206746,52
206749,17
206797,22
206863,26
206867,18
206896,38
206897,23
206927,39
206986,24
206995,33
207002,45
207040,95
207109,339
207112,89
207130,17
207140,16
207152,20
207153,18
207255,142
207278,39
207320,11749
207358,67
207396,74
207402,16
207473,26
207474,47
207478,47
207555,35
207582,33
207637,462
207680,20
207705,19
207721,122
207737,16
207742,35
207751,25
207786,23
207815,304
207817,17
207820,73
207852,364
207867,462
207936,17
207962,21
207991,41
207993,42
207994,186
207998,23
208009,47
208032,18
208039,95
208116,30
208129,23
208140,39
208141,28
208157,87
208208,224
208216,67
208223,63
208227,19
208285,32
208288,66
208350,35
208371,125
208399,17
208563,18
208599,26
208604,24
208632,105
208658,65
208664,18
208667,17
208668,28
208719,36
208753,17
208779,39
208782,435
208808,48
208823,21
208829,35
208857,19
208889,61
208896,18
208935,164
209064,17
209070,19
209084,20
209088,240
209089,29
209105,63
209108,28
209110,31
209113,63
209151,25
209167,25
209190,88
209199,19
209277,17
209353,21
209354,59
209373,17
209440,23
209607,58
209611,33
209651,24
209681,19
209694,50
209709,38
209766,21
209788,23
209804,35
209859,29
209866,24
209875,33
209876,22
209883,102
209945,132
210012,21
210028,30
210041,24
210047,29
210114,17
210125,160
210147,21
210201,68
210206,36
210260,25
210264,137
210323,102
210336,18
210370,27
210458,101
210462,31
210480,220
210481,448
210501,75
210513,21
210566,76
210649,30
210658,20
210678,20
210692,52
210693,49
210712,18
210756,49
210768,46
210795,16
210799,31
210829,26
210916,19
210941,52
210948,35
210957,32
210989,18
211003,21
211033,33
211109,64
211178,25
211184,187
211280,160
211296,47
211381,51
211383,20
211405,23
211419,43
211420,17
211430,28
211459,96
211469,44
211480,28
211511,23
211601,143
211611,67
211649,93
211659,414
211665,58
211715,25
211730,30
211743,18
211756,17
211793,22
211818,18
211834,17
211845,22
211846,99
211858,22
211873,16
211897,29
211898,27
211942,40
211959,39
212035,24
212038,16
212072,41
212089,20
212115,34
212146,33
212161,95
212162,21
212166,44
212294,44
212300,30
212346,35
212371,18
212381,5551
212441,722
212470,52
212501,34
212562,20
212619,17
212691,18
212724,17
212747,146
212788,17
212792,73
212843,20
212851,893
212854,19
212857,784
212882,148
212911,28
212957,70
212967,22
212971,71
212981,24
212989,114
213015,182
213044,35
213055,37
213068,43
213096,59
213120,16
213215,75
213219,17
213221,20
213319,20
213335,16
213343,26
213347,22
213369,17
213428,156
213452,25
213463,57
213469,17
213485,18
213497,50
213513,26
213529,18
213577,30
213590,26
213637,49
213645,66
213704,17
213755,22
213757,21
213832,35
213891,45
213895,19
213908,23
213914,17
213922,22
213951,88
213956,110
213962,49
214070,1352
214086,19
214106,77
214143,21
214181,121
214218,20
214242,104
214246,51
214272,25
214274,234
214408,17
214489,33
214511,16
214525,17
214550,17
214566,101
214591,18
214607,109
214609,22
214627,655
214660,17
214745,1447
214769,27
214905,38
214934,34
214937,181
214993,559
215013,24
215047,33
215090,29
215138,92
215185,18
215187,24
215198,25
215246,22
215257,64
215291,19
215292,32
215314,46
215318,33
215319,22
215370,17
215385,20
215406,21
215416,27
215421,161
215433,46
215466,34
215467,26
215475,19
215495,52
215499,17
215511,19
215645,33
215653,17
215685,17
215695,196
215696,48
215708,18
215730,21
215794,28
215812,21
215837,22
215892,167
215916,41
215919,1452
215923,72
215929,17
215954,24
215955,43
215998,18
216015,26
216059,19
216077,25
216109,165
216116,166
216123,19
216127,19
216141,36
216152,20
216169,67
216180,18
216220,19
216233,74
216240,96
216246,66
216253,87
216258,34
216275,39
216300,22
216326,917
216403,44
216428,48
216448,38
216487,45
216508,18
216540,159
216546,34
216554,160
216555,17
216564,23
216603,33
216617,1319
216625,23
216630,21
216631,16
216736,50
216801,25
216804,19
216825,28
216837,63
216849,338
216917,27
216947,46
216954,20
217030,66
217057,35
217087,16
217088,16
217117,29
217122,35
217158,25
217173,109
217184,149
217342,53
217354,32
217362,17
217398,27
217413,30
217568,36
217644,34
217723,20
217724,17
217738,40
217756,569
217762,31
217901,19
217917,31
217942,17
218004,28
218010,48
218014,24
218028,21
218078,58
218105,98
218141,33
218147,16
218200,21
218249,16
218271,27
218278,19
218340,45
218348,105
218354,17
218500,39
218504,47
218551,22
218572,481
218598,16
218649,50
218652,28
218779,4112
218789,7628
218812,16
218836,17
218905,36
218913,16
218942,16
218977,24
219025,27
219035,25
219045,42
219070,23
219128,46
219213,17
219266,28
219267,27
219274,25
219287,21
219292,16
219361,195
219389,33
219401,39
219439,229
219448,27
219462,20
219486,79
219494,17
219507,21
219518,62
219520,85
219529,27
219543,158
219622,55
219641,17
219683,22
219696,16
219705,25
219754,89
219767,18
219808,69
219813,16
219823,418
219825,17
219872,18
219911,38
219925,19
219929,17
219944,18
220028,39
220029,22
220045,77
220075,19
220084,24
220213,42
220359,70
220364,36
220453,28
220455,38
220483,28
220494,18
220505,21
220506,28
220539,104
220572,119
220573,28
220576,22
220578,30
220604,19
220636,19
220643,22
220648,31
220682,305
220683,38
220696,16
220701,18
220712,16
220736,19
220738,20
220741,16
220792,31
220803,18
220889,35
220930,26
220931,17
220932,25
220944,17
220945,85
220979,88
221001,38
221009,19
221028,43
221130,31
221178,115
221191,60
221197,19
221234,45
221250,24
221290,21
221303,66
221320,103
221330,24
221364,27
221366,29
221410,19
221423,22
221429,93
221500,26
221512,64
221523,24
221537,26
221539,32
221560,67
221561,293
221578,1781
221579,30
221671,20
221696,21
221769,52
221879,20
222018,39
222045,26
222055,285
222060,22
222063,17
222074,128
222118,17
222171,528
222172,52
222192,105
222196,26
222218,16
222249,37
222323,30
222326,95
222327,40
222359,36
222361,119
222406,72
222432,103
222467,30
222477,97
222478,131
222562,144
222566,17
222601,70
222610,16
222613,26
222614,17
222633,18
222671,16
222688,39
222787,21
222792,21
222793,35
222796,18
222802,50
222815,26
222826,17
222846,48
222858,35
222882,54
222903,32
222955,113
222967,97
222968,18
222984,18
222993,47
223014,20
223017,97
223055,20
223063,22
223071,19
223108,21
223137,85
223176,81
223188,47
223200,29
223268,44
223269,24
223281,56
223282,54
223326,2752
223355,72
223427,37
223435,156
223446,19
223489,16
223524,17
223550,45
223553,18
223563,52
223572,83
223653,18
223678,22
223690,18
223712,32
223762,46
223814,26
223827,105
223829,17
223836,26
223871,1980
223886,25
223941,37
223982,26
224019,43
224024,27
224069,176
224091,63
224112,57
224122,25
224135,46
224138,338
224148,27
224180,18
224185,29
224196,21
224230,72
224269,53
224297,25
224300,63
224301,59
224354,37
224382,54
224406,43
224422,17
224466,19
224491,478
224512,16
224567,41
224596,19
224609,19
224611,20
224639,172
224671,168
224672,19
224691,94
224694,27
224698,19
224720,34
224727,105
224743,106
224811,228
224862,25
224887,16
224892,39
224964,33
225035,63
225036,18
225042,125
225045,16
225077,79
225184,32
225221,37
225379,20
225383,188
225453,28
225463,18
225485,22
225520,36
225575,21
225588,145
225598,125
225606,41
225615,220
225642,22
225646,21
225710,49
225726,44
225729,122
225768,19
225791,23
225812,62
225814,71
225851,18
225978,17
225981,30
226039,198
226049,21
226074,193
226140,19
226141,138
226143,17
226162,72
226167,55
226192,56
226193,27
226237,123
226267,22
226290,19
226352,38
226358,23
226373,25
226375,53
226395,33
226402,62
226406,53
226518,20
226523,17
226524,34
226579,21
226727,31
226756,19
226757,20
226818,122
226838,40
226865,31
226924,19
226956,17
226968,18
226969,18
226995,60
227005,19
227024,17
227046,137
227101,33
227130,103
227187,11248
227192,27
227200,98
227205,18
227228,30
227241,68
227270,18
227296,27
227301,41
227312,21
227338,45
227397,18
227417,23
227484,17
227492,37
227517,645
227536,19
227571,67
227603,103
227616,24
227640,26
227693,26
227694,56
227771,18
227804,48
227817,18
227826,53
227879,54
227885,212
227902,2232
227904,61
227947,33
227949,317
227980,30
228025,135
228043,41
228113,66
228294,1474
228304,19
228325,51
228334,36
228358,379
228421,17
228435,25
228482,226
228493,142
228522,20
228584,22
228589,104
228672,16
228688,36
228789,62
228803,29
228812,16
228834,63
228850,99
228862,21
228906,23
228986,17
228993,16
229032,17
229036,17
229059,20
229096,30
229127,49
229145,17
229205,18
229230,371
229320,147
229347,24
229399,99
229415,21
229435,32
229479,23
229505,16
229524,31
229582,613
229635,19
229747,58
229754,30
229806,17
229877,163
229918,19
229947,16
229954,16
230009,135
230010,27
230110,18
230151,16
230181,17
230189,244
230202,26
230254,24
230292,41
230298,56
230316,16
230336,18
230346,18
230389,18
230405,29
230407,39
230439,17
230455,22
230477,21
230544,20
230554,30
230582,128
230618,24
230637,17
230660,42
230677,610
230750,45
230759,26
230781,21
230782,49
230822,24
230826,382
230848,34
230871,16
230916,74
230955,101
230960,21
230984,20
231040,18
231090,98
231130,38
231192,248
231212,44
231215,52
231269,28
231289,11354
231292,25
231322,25
231371,193
231419,17
231440,16
231486,22
231525,53
231545,29
231574,32
231576,63
231607,16
231608,20
231619,30
231630,30
231636,19
231663,61
231679,61
231702,33
231727,25
231731,36
231746,18
231753,126
231801,17
231834,17
231878,20
231893,29
231894,24
231915,117
231916,56
231963,31
231965,41
231975,26
231995,20
232009,20
232092,23
232135,121
232142,17
232169,26
232189,36
232244,38
232307,167
232320,39
232323,17
232362,148
232394,130
232407,49
232475,30
232494,20
232499,66
232536,85
232546,76
232572,64
232593,56
232631,50
232657,18
232688,19
232724,29
232743,20
232759,17
232774,25
232814,42
232847,22
232853,34
232857,36
232867,18
232868,28
232880,92
232893,22
232904,35
232918,43
232926,96
232959,21
232961,79
232976,40
233018,59
233108,328
233144,22
233170,45
233190,19
233202,22
233215,81
233220,20
233266,16
233276,52
233341,19
233343,94
233347,450
233353,33
233409,26
233453,46
233455,50
233457,50
233466,16
233516,18
233527,76
233561,18
233563,49
233564,22
233588,42
233598,43
233651,265
233672,156
233677,16
233713,48
233717,63
233746,39
233753,18
233754,25
233772,21
233797,20
233808,21
233828,22
233834,24
233835,503
233880,22
233906,24
233915,20
233986,23
234009,17
234017,23
234083,25
234120,1794
234129,21
234134,34
234159,22
234162,19
234172,108
234180,28
234223,32
234241,522
234330,38
234337,17
234338,16
234424,19
234427,17
234452,28
234458,54
234487,20
234571,26
234584,17
234612,84
234616,54
234657,54
234662,17
234693,16
234705,53
234713,38
234730,40
234740,73
234788,19
234789,19
234796,127
234809,21
234815,24
234816,21
234836,25
234837,19
234848,1566
234864,18
234865,734
234878,16
234882,34
234938,56
234950,16
234954,225
235077,18
235147,67
235161,40
235163,180
235224,18
235251,26
235292,20
235316,24
235326,150
235328,24
235332,37
235339,18
235354,99
235362,58
235375,40
235376,17
235410,44
235432,17
235511,30
235512,16
235514,22
235525,49
235526,81
235552,25
235562,64
235573,412
235596,22
235630,74
235657,76
235680,65
235684,23
235698,50
235707,30
235720,29
235787,366
235820,25
235826,79
235827,34
235839,20
235865,16
235887,53
235917,64
235925,82
235928,18
235953,26
235984,22
236024,655
236056,23
236104,17
236111,229
236113,38
236117,26
236126,16
236200,146
236234,18
236240,160
236262,26
236278,16
236365,146
236378,28
236394,35
236404,28
236429,18
236435,20
236443,80
236445,44
236513,21
236521,24
236531,61
236575,30
236595,45
236624,17
236640,20
236654,48
236702,23
236704,28
236732,19
236754,49
236760,56
236766,20
236773,59
236793,16
236800,44
236850,108
236864,68
236904,525
236967,39
236978,28
236981,18
236983,333
237036,30
237124,106
237125,79
237182,287
237184,17
237220,26
237228,21
237241,202
237278,22
237305,28
237311,34
237318,25
237341,18
237352,334
237370,26
237375,33
237379,361
237402,23
237453,24
237497,17
237537,16
237567,22
237573,35
237628,18
237633,34
237662,46
237672,24
237676,104
237714,18
237737,23
237753,27
237757,19
237788,967
237813,33
237821,17
237850,44
237916,31
237970,143
237973,28
237996,23
238042,31
238089,42
238113,17
238244,20
238287,29
238327,16
238373,19
238387,28
238411,112
238475,42
238499,32
238501,40
238528,2232
238556,221
238560,32
238583,59
238611,57
238627,39
238699,24
238719,29
238795,46
238812,22
238838,18
238848,17
238858,16
238866,32
238871,17
238921,21
238925,26
238946,19
238962,32
239017,18
239025,63
239064,17
239068,16
239116,30
239163,25
239215,17
239229,18
239303,153
239308,20
239380,30
239398,43
239416,51
239458,30
239506,18
239510,18
239523,24
239534,69
239536,24
239537,64
239541,677
239550,27
239558,40
239566,16
239603,19
239608,23
239627,184
239667,44
239710,23
239774,19
239786,48
239823,681
239835,67
239861,16
239933,68
239970,168
240046,20
240055,298
240064,1677
240068,21
240090,34
240099,18
240125,18
240180,18
240181,23
240189,52
240193,58
240196,71
240211,22
240217,19
240221,35
240317,162
240350,20
240356,17
240386,34
240422,70
240435,24
240464,16
240505,101
240515,41
240529,86
240541,88
240613,36
240645,16
240657,34
240691,159
240757,34
240804,42
240805,17
240820,50
240828,117
240847,17
240921,17
240932,20
240953,40
240993,26
241034,28
241146,56
241157,41
241183,107
241236,59
241264,25
241269,41
241271,16
241282,192
241303,46
241316,16
241334,33
241353,17
241360,33
241438,24
241447,22
241494,553
241566,26
241573,16
241610,18
241639,19
241653,42
241786,27
241789,56
241793,29
241811,18
241815,100
241868,125
241898,21
241933,305
241952,29
241977,104
242008,21
242023,20
242043,29
242051,34
242057,92
242060,406
242124,78
242125,77
242130,22
242156,42
242192,17
242210,41
242240,17
242263,33
242272,67
242341,19
242348,86
242357,17
242376,34
242379,223
242404,16
242455,17
242484,19
242502,22
242503,16
242511,29
242516,22
242535,47
242580,282
242613,56
242660,19
242690,19
242692,16
242719,133
242723,16
242751,82
242791,18
242794,34
242801,44
242843,21
242868,18
242877,21
242939,38
242972,65
242986,44
243015,63
243016,17
243075,130
243168,67
243176,19
243217,49
243218,42
243246,147
243257,34
243263,36
243272,17
243281,82
243284,43
243302,27
243337,52
243427,19
243484,27
243487,25
243510,436
243532,44
243549,84
243557,329
243648,133
243659,22
243660,21
243671,19
243680,19
243690,16
243691,22
243695,27
243707,40
243752,49
243788,20
243798,88
243799,20
243800,26
243820,21
243821,7629
243837,16
243893,24
243914,18
243928,26
243950,35
243958,60
243968,18
243979,19
244083,67
244117,17
244126,52
244133,20
244179,53
244191,25
244251,254
244257,43
244278,168
244298,30
244319,49
244320,21
244350,87
244360,16
244436,22
244444,26
244456,22
244483,178
244521,56
244555,19
244556,21
244557,59
244565,31
244570,33
244604,27
244640,23
244654,362
244661,73
244708,17
244789,38
244794,34
244796,41
244815,20
244924,59
244937,25
244958,31
245010,22
245067,112
245099,16
245132,164
245148,38
245149,17
245204,47
245250,25
245283,22
245284,19
245302,22
245412,24
245433,16
245440,16
245442,104
245494,43
245572,30
245589,16
245622,290
245631,21
245644,17
245737,76
245761,18
245762,17
245805,18
245806,19
245846,21
245857,25
245900,28
245929,16
245930,20
245931,17
245951,22
246005,50
246028,60
246040,18
246125,21
246143,19
246212,20
246458,121
246591,44
246636,29
246660,41
246667,38
246703,54
246709,43
246727,18
246757,93
246783,18
246840,17
246843,128
246869,26
246927,649
246937,48
246973,18
246983,26
247025,29
247074,27
247188,38
247191,73
247238,22
247256,20
247287,62
247305,36
247306,63
247336,18
247377,34
247400,18
247401,49
247438,35
247457,19
247480,99
247510,17
247518,17
247542,28
247556,17
247569,27
247592,16
247597,30
247642,17
247667,27
247691,103
247767,22
247774,31
247782,167
247819,30
247822,252
247907,64
247940,45
247965,49
248006,16
248098,23
248105,18
248130,420
248181,47
248206,66
248242,28
248243,538
248342,56
248354,20
248365,17
248416,50
248451,19
248491,297
248502,27
248503,70
248552,72
248590,66
248626,61
248670,32
248684,44
248732,17
248760,19
248761,24
248762,33
248766,521
248792,21
248862,115
248867,46
248896,21
248971,27
248972,19
248991,34
249014,16
249030,50
249055,21
249092,23
249111,16
249117,20
249121,35
249129,27
249155,18
249161,24
249176,43
249221,28
249226,23
249246,24
249288,1214
249292,60
249316,29
249372,161
249410,34
249508,16
249515,34
249597,51
249598,55
249625,16
249683,19
249690,16
249694,38
249717,42
249761,16
249790,2780
249801,19
249855,17
249889,17
249901,27
250027,35
250033,179
250073,36
250082,29
250115,46
250180,17
250184,17
250196,18
250235,16
250250,18
250275,84
250321,30
250331,23
250368,31
250494,108
250504,18
250537,109
250581,17
250584,21
250603,33
250614,22
250616,27
250628,104
250660,20
250680,172
250685,63
250713,16
250738,18
250760,25
250795,16
250823,307
250825,22
250835,18
250863,20
250881,121
250888,17
250904,23
250916,33
250918,112
250934,20
250960,26
250989,40
250991,21
251032,17
251043,22
251123,54
251131,20
251146,17
251153,20
251164,18
251239,18
251248,34
251269,20
251298,26
251321,23
251363,224
251377,19
251383,20
251415,42
251416,21
251516,143
251527,19
251530,20
251593,36
251594,25
251597,78
251602,16
251622,21
251642,91
251647,24
251673,17
251681,150
251691,131
251713,62
251741,19
251790,19
251800,19
251815,19
251823,56
251883,24
251885,240
251962,28
251967,29
251988,27
252015,40
252024,46
252034,24
252054,34
252055,123
252064,71
252066,31
252074,26
252100,33
252111,81
252137,53
252151,18
252188,16
252240,27
252249,21
252257,29
252273,54
252287,22
252403,18
252408,17
252409,22
252447,18
252448,72
252450,17
252467,18
252474,16
252497,87
252502,69
252526,1397
252568,61
252622,26
252657,35
252658,48
252693,19
252695,112
252712,18
252738,24
252768,42
252784,19
252820,32
252861,251
252879,31
252889,27
252894,53
252954,52
252971,108
252973,73
252986,17
253013,57
253015,33
253046,17
253067,17
253091,118
253104,24
253141,22
253227,209
253280,23
253296,162
253297,24
253331,139
253332,32
253363,98
253368,35
253416,21
253423,19
253439,115
253479,47
253482,18
253496,38
253515,18
253557,38
253576,57
253596,25
253597,45
253609,26
253625,84
253677,53
253691,19
253693,46
253703,16
253726,18
253735,63
253745,16
253787,21
253829,186
253846,27
253853,27
253881,61
253888,28
253928,394
253996,17
254005,20
254008,17
254026,17
254038,18
254041,29
254051,20
254071,22
254073,109
254089,28
254094,31
254120,36
254131,66
254143,73
254150,47
254160,102
254185,26
254186,21
254230,26
254238,19
254241,46
254249,17
254266,27
254324,57
254345,53
254376,23
254383,145
254437,20
254443,27
254463,121
254497,47
254521,161
254569,306
254572,41
254592,20
254612,24
254614,34
254636,43
254647,31
254692,44
254731,34
254746,129
254834,18
254839,67
254856,260
254909,28
254929,20
254940,24
254960,29
254968,54
255045,19
255099,342
255209,17
255240,41
255277,41
255286,17
255338,341
255349,159
255428,17
255437,55
255541,111
255602,40
255609,46
255611,28
255613,17
255651,120
255652,61
255670,46
255676,44
255685,17
255823,32
255839,17
255905,53
255910,24
255945,18
255949,64
255964,16
255971,46
255980,67
255984,45
255985,53
255986,19
256012,22
256086,43
256100,37
256115,27
256126,59
256149,18
256205,49
256224,23
256232,77
256269,18
256357,24
256585,17
256588,472
256623,21
256624,24
256637,19
256653,39
256717,58
256752,22
256758,59
256769,260
256793,102
256823,146
256879,28
256894,20
256897,19
256920,24
256931,114
256937,21
256941,17
256962,27
256992,54
257002,53
257059,259
257123,64
257127,18
257176,159
257200,53
257218,25
257258,25
257270,18
257278,20
257293,20
257351,46
257363,64
257383,16
257425,29
257436,27
257466,24
257532,24
257568,31
257584,16
257641,17
257649,18
257653,576
257765,53
257776,82
257867,63
257950,26
257955,140
257991,44
258033,30
258034,75
258039,20
258047,17
258064,61
258066,32
258072,29
258079,27
258143,16
258147,17
258171,17
258173,38
258194,17
258230,35
258252,2100
258281,26
258290,55
258332,20
258340,48
258368,460
258385,17
258405,176
258444,20
258458,40
258463,19
258484,57
258519,39
258562,24
258566,56
258578,27
258585,21
258618,14699
258641,19
258645,27
258672,318
258675,61
258689,264
258711,26
258737,1960
258821,24
258825,25
258833,32
258836,41
258844,45
258846,30
258855,253
258860,53
258863,23
258882,19
258942,21
258978,41
259005,39
259020,18
259047,49
259052,86
259061,18
259077,42
259081,21
259084,19
259142,27
259172,114
259178,87
259205,26
259206,218
259235,23
259247,23
259257,60
259258,17
259262,20
259274,21
259313,183
259393,48
259414,18
259436,45
259458,17
259482,367
259494,17
259499,18
259514,16
259553,68
259565,16
259569,20
259589,84
259635,18
259656,17
259702,19
259776,21
259785,23
259788,19
259797,54
259845,149
259914,30
259917,20
259922,16
259979,28
259998,16
260069,20
260090,219
260126,18
260159,294
260161,2675
260263,21
260280,23
260282,73
260294,51
260357,31
260368,115
260378,16
260385,46
260390,21
260396,17
260449,26
260464,17
260470,16
260471,19
260478,23
260480,48
260502,54
260516,24
260531,17
260541,393
260553,21
260613,47
260627,17
260690,23
260705,46
260716,229
260787,45
260813,68
260825,18
260924,31
260942,33
260954,21
260980,33
260983,23
260993,43
261119,19
261142,846
261158,482
261255,21
261289,225
261303,24
261316,19
261347,18
261388,17
261416,18
261452,31
261461,18
261473,37
261480,18
261502,31
261505,29
261518,23
261547,55
261569,55
261585,41
261595,40
261614,16
261642,19
261646,28
261669,20
261681,27
261695,39
261705,21
261715,24
261734,17
261745,38
261760,536
261778,42
261779,32
261796,112
261824,42
261833,19
261868,93
261917,361
261938,53
261954,38
262025,24
262060,17
262072,19
262094,21
262263,39
262274,635
262277,16
262309,19
262335,16
262397,19
262412,97
262461,16
262536,25
262549,157
262578,63
262643,19
262656,23
262668,20
262687,44
262699,97
262725,21
262741,32
262771,23
262787,22
262796,305
262839,42
262938,19
262946,247
262999,47
263006,19
263009,22
263038,17
263041,113
263097,278
263116,58
263129,33
263142,58
263176,30
263189,19
263205,41
263215,109
263279,80
263284,45
263312,22
263321,32
263388,30
263437,22
263483,22
263518,22
263520,99
263521,37
263539,18
263551,76
263609,31
263611,20
263678,32
263725,31
263745,21
263766,20
263808,16
263817,64
263842,64
263867,26
263877,99
263906,35
263955,93
263961,36
263962,37
264021,46
264052,40
264053,62
264057,18
264150,17
264159,16
264184,20
264218,16
264296,30
264298,17
264307,80
264322,213
264343,50
264363,17
264374,23
264412,17
264415,17
264464,108
264470,140
264534,38
264607,100
264632,36
264661,25
264700,33
264721,40
264742,19
264776,18
264820,16
264836,22
264850,19
264886,39
264915,24
264930,29
264936,74
264941,16
264952,43
264991,24
265055,20
265069,20
265094,47
265096,19
265175,18
265205,22
265210,22
265220,46
265268,57
265287,27
265297,21
265312,16
265349,26
265394,31
265430,16
265472,17
265478,16
265492,19
265504,185
265531,18
265568,37
265595,36
265601,38
265626,25
265640,100
265649,88
265675,16
265723,1568
265737,42
265769,56
265789,16
265827,19
265906,33
265909,190
265959,21
265984,45
265987,62
266018,20
266046,31
266050,28
266053,21
266077,27
266084,20
266106,45
266116,22
266141,17
266152,17
266174,18
266217,78
266272,52
266278,27
266313,33
266362,45
266402,37
266413,48
266417,82
266438,25
266459,31
266468,35
266509,16
266538,25
266547,32
266551,116
266590,23
266594,32
266614,74
266628,3797
266749,38
266756,25
266774,47
266791,35
266830,17
267058,17
267067,34
267080,262
267083,16
267110,6120
267131,1706
267138,22
267145,18
267189,27
267230,18
267253,56
267332,22
267339,41
267355,23
267365,24
267401,32
267416,165
267424,18
267435,751
267463,327
267464,32
267470,29
267471,21
267477,26
267493,61
267530,47
267560,30
267637,26
267646,49
267648,74
267652,40
267726,1020
267762,18
267781,32
267796,51
267802,19
267850,32
267859,41
267871,55
267909,24
267946,16
267964,2300
267979,48
268009,19
268013,22
268021,24
268043,16
268054,34
268081,16
268095,130
268105,1010
268128,21
268158,126
268167,92
268229,17
268233,17
268276,20
268413,58
268453,26
268458,565
268475,46
268508,38
268532,43
268573,20
268594,133
268598,45
268605,50
268610,80
268632,43
268638,19
268642,18
268677,40
268753,21
268777,54
268786,29
268818,22
268948,130
269021,19
269075,92
269162,18
269230,21
269254,211
269280,92
269304,16
269357,58
269374,34
269445,33
269459,23
269464,20
269468,297
269528,26
269540,27
269550,42
269556,30
269568,192
269643,30
269661,16
269676,29
269727,35
269738,37
269739,27
269747,17
269761,16
269763,22
269770,16
269796,22
269799,16
269857,17
269880,46
269899,20
269914,81
270033,17
270036,35
270037,19
270046,17
270074,122
270126,24
270134,52
270177,22
270195,39
270218,17
270222,21
270241,18
270245,52
270266,17
270295,45
270350,20
270368,23
270450,19
270462,21
270494,28
270545,23
270559,26
270593,26
270651,34
270701,98
270746,30
270751,17
270757,36
270889,17
270925,16
270941,387
270975,162
271126,21
271143,34
271171,20
271180,49
271195,63
271216,256
271305,26
271349,35
271363,421
271373,271
271406,35
271426,51
271428,16
271466,50
271514,26
271521,101
271553,50
271554,37
271576,24
271583,19
271590,17
271614,37
271626,40
271627,477
271637,32
271676,86
271680,16
271696,46
271710,19
271736,49
271762,80
271809,38
271823,20
271837,67
271845,31
271876,26
271881,154
271884,170
271886,22
271899,16
271915,25
271962,31
272007,18
272017,115
272089,23
272137,17
272209,44
272213,19
272318,17
272353,24
272370,86
272437,82
272497,33
272626,33
272699,16
272701,21
272719,26
272737,26
272808,109
272849,27
272907,49
272909,52
272912,102
272966,45
273049,92
273109,18
273160,24
273211,19
273273,17
273284,18
273294,19
273325,93
273359,103
273362,33
273382,56
273394,17
273406,108
273415,17
273422,105
273447,42
273457,30
273468,22
273474,60
273535,56
273545,27
273580,41
273592,19
273593,32
273608,50
273632,230
273639,33
273647,42
273649,21
273721,40
273731,30
273764,22
273769,107
273850,27
273871,59
273894,1819
273899,63
273934,20
273989,23
274010,22
274059,27
274088,42
274112,103
274121,19
274182,67
274198,67
274246,29
274254,31
274277,27
274385,87
274387,37
274397,85
274422,27
274424,31
274550,17
274574,128
274619,22
274684,44
274764,29
274776,70
274803,27
274826,18
274953,26
275036,65
275056,239
275064,17
275070,16
275095,123
275197,18
275309,31
275332,19
275382,17
275385,23
275401,27
275429,36
275433,28
275444,71
275467,239
275473,16
275485,149
275487,41
275498,18
275546,38
275600,34
275616,1683
275642,32
275663,18
275670,445
275671,33
275686,23
275690,18
275766,17
275888,25
275926,39
275936,51
275981,38
275989,16
276064,37
276074,26
276090,48
276119,35
276162,17
276214,135
276226,21
276235,102
276249,246
276275,17
276298,78
276312,149
276342,21
276358,17
276397,17
276400,52
276459,19
276460,52
276493,26
276497,18
276538,18
276560,39
276569,39
276582,81
276645,33
276715,29
276742,18
276761,29
276795,23
276870,27
276885,36
276961,30
276967,86
276969,20
277032,25
277035,18
277091,25
277159,23
277182,19
277190,17
277201,23
277210,40
277223,160
277282,27
277288,43
277327,29
277352,23
277397,44
277408,59
277410,25
277424,20
277427,17
277438,72
277457,29
277461,28
277469,106
277598,22
277665,20
277672,92
277721,32
277726,20
277769,18
277786,18
277787,129
277790,127
277804,28
277815,43
277837,382
277853,45
277901,53
277934,50
277943,32
277980,20
277990,130
278127,379
278134,20
278161,50
278176,38
278200,47
278256,94
278281,18
278337,129
278346,21
278368,24
278369,75
278370,21
278386,35
278410,17
278414,26
278437,26
278441,29
278488,109
278492,61
278543,23
278546,18
278553,18
278589,79
278709,26
278746,27
278770,164
278802,69
278850,17
278873,33
278874,226
278880,229
278898,70
278935,39
278984,20
279002,20
279006,56
279007,16
279011,21
279014,42
279122,26
279136,24
279139,89
279156,67
279174,18
279266,22
279278,30
279481,88
279487,25
279516,413
279523,35
279586,18
279591,24
279623,46
279634,18
279680,37
279682,198
279710,23
279743,37
279759,23
279766,24
279774,32
279778,41
279800,39
279825,79
279847,32
279896,25
279902,20
279930,144
279965,28
279966,119
279975,125
280097,214
280108,22
280135,30
280139,30
280155,31
280180,22
280221,236
280249,36
280267,43
280324,1788
280356,30
280427,16
280432,609
280580,42
280593,25
280610,23
280625,20
280634,66
280636,25
280730,781
280767,26
280822,39
280829,23
280865,126
280920,16
281038,17
281077,53
281201,16
281204,17
281216,32
281230,24
281252,26
281270,29
281417,106
281425,17
281453,18
281471,43
281479,36
281487,64
281498,25
281518,30
281526,41
281536,29
281538,29
281593,39
281610,16
281629,740
281638,18
281644,39
281671,93
281683,19
281701,52
281744,16
281756,132
281816,25
281846,17
281874,18
281910,27
281930,26
281962,24
281971,18
281990,207
281998,64
282011,68
282026,416
282092,19
282093,20
282137,100
282149,25
282200,35
282247,19
282261,28
282263,22
282349,42
282350,287
282358,20
282361,39
282366,22
282401,23
282529,18
282532,32
282558,31
282559,18
282576,37
282593,21
282638,18
282655,16
282656,46
282659,70
282663,17
282671,90
282706,22
282814,18
282827,24
282845,19
282877,21
282906,64
282907,17
282924,23
282949,492
283010,16
283026,29
283119,18
283122,35
283151,89
283192,33
283417,159
283450,45
283466,20
283475,60
283529,21
283602,86
283627,38
283663,39
283664,56
283685,72
283720,21
283726,44
283750,23
283758,30
283786,563
283789,72
283824,42
283877,107
283878,70
283911,34
283962,23
283973,36
284004,25
284038,83
284040,19
284066,35
284108,28
284112,20
284250,94
284282,21
284309,487
284367,27
284368,48
284394,36
284406,100
284424,31
284468,19
284531,18
284537,31
284546,51
284552,16
284567,24
284617,61
284678,77
284713,26
284759,92
284773,44
284781,464
284862,134
284901,487
284911,47
284938,16
284957,32
284995,19
285006,20
285057,18
285086,26
285108,22
285110,39
285123,25
285124,68
285132,28
285135,17
285143,53
285156,28
285165,56
285185,16
285195,24
285216,16
285232,30
285263,70
285266,78
285306,18
285322,36
285351,17
285355,22
285451,96
285511,19
285577,25
285615,44
285627,18
285680,26
285760,23
285783,17
285836,233
285839,116
285859,21
285863,34
285867,34
285873,21
285874,21
285898,37
285933,17
285988,32
285999,20
286028,17
286090,500
286107,24
286126,21
286172,45
286222,20
286240,29
286254,32
286266,28
286304,37
286310,25
286361,156
286397,201
286402,32
286424,64
286509,52
286529,16
286540,37
286557,18
286569,16
286581,16
286684,47
286686,28
286687,83
286716,40
286722,30
286815,30
286836,20
286855,29
286902,31762
286921,47
286953,18
286965,20
287015,20
287019,17
287031,21
287154,154
287180,21
287215,51
287260,16
287312,102
287325,33
287331,21
287343,87
287347,29
287361,136
287364,27
287394,20
287407,36
287421,78
287444,22
287459,19
287465,22
287474,19
287486,75
287551,25
287552,24
287584,20
287619,20
287634,25
287642,58
287689,21
287725,30
287738,84
287755,59
287770,2813
287837,19
287838,16
287839,18
287863,186
287898,19
287903,68
287937,19
287943,59
287950,33
287953,16
287971,51
287976,20
287983,34
288005,36
288075,34
288085,19
288087,32
288098,19
288102,16
288117,56
288132,19
288137,1631
288256,31
288274,34
288275,51
288279,40
288376,25
288426,69
288458,16
288462,20
288463,123
288526,64
288549,17
288552,23
288620,44
288662,34
288730,17
288768,16
288792,20
288820,22
288853,37
288854,16
288861,125
288886,43
288925,70
288943,23
288959,30
288967,34
288971,30
288990,16
289006,19
289012,23
289022,17
289026,30
289035,165
289046,19
289114,40
289140,23
289163,73
289189,406
289213,28
289235,35
289327,16
289349,18
289433,23
289440,25
289492,16
289493,23
289682,26
289689,44
289693,17
289724,53
289757,37
289780,24
289790,19
289896,27
289956,47
289958,36
289976,48
289979,49
290025,27
290094,22
290111,318
290167,39
290178,18
290242,385
290252,64
290279,23
290374,30
290449,39
290519,20
290531,21
290560,35
290606,35
290625,19
290626,28
290636,35
290650,118
290658,94
290671,513
290679,34
290709,42
290710,40
290741,57
290796,38
290831,47
290861,18
290881,219
290908,17
290949,54
290957,108
290960,22
290969,16
290975,53
291076,25
291114,153
291128,27
291139,18
291157,36
291202,96
291245,22
291248,43
291262,27
291270,20
291290,18
291335,30
291380,36
291403,40
291412,49
291419,16
291470,23
291518,19
291555,69
291571,32
291587,46
291598,63
291607,16
291613,25
291623,19
291638,18
291830,26
291844,22
291848,16
291857,114
291922,17
291927,38
291968,24
291978,25
291996,34
292001,106
292021,243
292071,24
292082,58
292131,34
292136,31
292161,29
292176,20
292182,38
292188,26
292260,38
292266,33
292270,79
292294,17
292404,34
292406,18
292442,35
292449,520
292551,372
292571,25
292589,17
292627,27
292662,17
292686,159
292714,29
292716,77
292717,72
292771,18
292803,21
292822,30
292913,21
292926,53
292947,17
293081,39
293104,61
293110,16
293115,22
293166,413
293168,76
293210,26
293252,27
293292,24
293301,19
293331,39
293349,35
293350,56
293372,30
293396,405
293425,77
293473,18
293474,44
293478,43
293523,28
293528,17
293588,24
293652,27
293653,457
293676,17
293738,87
293787,22
293827,18
293900,28
293918,175
293948,21
293964,165
293969,18
294017,19
294049,83
294092,661
294097,29
294171,52
294220,28
294230,62
294234,118
294267,27
294270,29
294335,33
294340,41
294355,85
294439,16
294447,105
294460,16
294461,55
294486,47
294529,34
294568,27
294580,95
294697,37
294699,17
294754,62
294792,111
294796,25
294810,20
294811,130
294813,32
294817,41
294818,19
294976,18
294988,27
295026,23
295032,24
295043,27
295068,18
295071,53
295072,41
295141,72
295142,22
295156,68
295196,23
295206,21
295210,20
295225,22
295257,18
295285,17
295290,18
295309,19
295361,843
295400,26
295431,40
295473,37
295491,19
295496,86
295554,72
295555,534
295606,19
295607,25
295619,98
295624,359
295648,32
295656,46
295708,21
295709,17
295710,49
295774,18
295784,45
295813,30
295826,133
295893,18
295947,26
295961,22
295987,50
295988,158
295997,34
296018,35
296025,22
296131,89
296150,90
296188,47
296206,26
296210,17
296230,23
296250,61
296267,51
296370,32
296400,38
296421,41
296429,30
296443,75
296462,43
296519,63
296534,21
296548,18
296570,20
296616,53
296644,142
296663,22
296674,22
296851,75
296854,30
296922,28
296941,22
296964,50
296988,405
297040,17
297060,17
297077,126
297106,126
297126,20
297146,16
297174,35
297189,1255
297202,630
297216,22
297262,27
297283,79
297290,25
297369,17
297383,18
297414,17
297416,27
297445,80
297458,43
297468,30
297474,44
297479,1289
297511,18
297520,99
297568,62
297601,22
297607,62
297614,26
297654,17
297689,17
297692,17
297808,493
297817,16
297851,182
297875,99
297931,18
297959,31
297969,26
297982,31
298014,17
298024,39
298038,30
298137,24
298142,31
298175,19
298250,18
298259,35
298330,42
298331,36
298410,28
298428,29
298452,17
298470,203
298583,29
298584,422
298585,120
298590,24
298594,17
298704,21
298739,53
298740,20
298752,21
298832,32
298835,42
298880,1698
298913,22
298926,26
298930,39
298936,18
298971,51
299003,26
299028,132
299163,23
299221,20
299227,28
299285,69
299302,16
299312,19
299328,138
299347,26
299374,17
299413,33
299420,47
299447,17
299449,52
299467,46
299488,17
299497,26
299533,57
299545,26
299553,58
299589,166
299601,304
299661,20
299695,19
299710,28
299725,19
299745,412
299759,22
299764,17
299770,60
299796,26
299805,26
299827,26
299838,42
299841,69
299853,36
299855,20
299865,21
299889,55
299920,27
299942,51
299971,354
299973,18
299981,39
299982,25
300004,3889
300011,181
300018,21
300038,33
300052,324
300053,20
300087,64
300093,57
300101,74
300105,17
300108,27
300156,33
300172,33
300176,29
300177,56
300216,45
300238,17
300251,54
300282,17
300299,442
300328,21
300358,24
300379,41
300415,26
300517,16
300537,26
300562,69
300583,24
300594,16
300616,18
300622,27
300658,31
300659,40
300671,21
300685,18
300700,29
300710,299
300716,22
300718,16
300719,24
300723,118
300734,59
300765,88
300812,16
300890,18
300927,24
300940,29
300972,23
301027,118
301032,162
301103,71
301174,115
301192,68
301199,25
301255,45
301257,26
301263,18
301292,31
301305,16
301339,118
301348,17
301368,20
301376,41
301378,63
301461,28
301552,42
301630,28
301658,17
301687,24
301729,64
301731,28
301823,22
301855,19
301867,25
301877,38
301883,32
301899,17
301922,30
301931,17
301937,22
301960,17
301970,101
302050,20
302203,24
302208,69
302209,51
302220,26
302232,44
302271,2375
302301,106
302303,34
302351,17
302383,17
302472,52
302527,29
302533,16
302534,31
302551,21
302561,50
302575,75
302645,17
302648,118
302660,56
302696,27
302745,25
302771,24
302829,166
302873,17
302905,22
302941,99
302964,39
303021,18
303024,71
303028,20
303041,20
303049,25
303050,17
303082,26
303129,101
303153,92
303168,41
303264,17
303272,18
303325,42
303370,16
303371,131
303421,26
303422,26
303432,60
303496,3266
303505,18
303513,30
303564,35
303590,19
303594,17
303603,34
303605,30
303634,95
303666,162
303696,22
303710,74
303743,218
303763,18
303796,71
303821,28
303831,71
303835,36
303864,52
303885,18
303946,25
303952,20
303953,26
303959,16
303960,26
303962,24
303968,623
303982,109
304015,19
304019,31
304060,33
304069,150
304095,50
304123,18
304252,54
304390,18
304394,22
304490,17
304501,21
304650,17
304672,37
304739,23
304751,33
304771,25
304808,85
304810,26
304816,21
304830,21
304852,17
304863,92
304864,16
304948,739
304949,18
304950,56
304968,24
304973,28
304998,17
305054,23
305152,32
305218,30
305230,39
305234,17
305253,71
305254,26
305268,77
305279,51
305356,978
305382,35
305453,47
305473,39
305477,17
305490,19
305505,21
305523,18
305524,31
305564,31
305566,38
305587,17
305633,182
305656,25
305679,25
305729,32
305735,26
305753,216
305760,94
305786,51
305787,115
305832,21
305856,213
305914,66
305915,21
305975,16
305988,51
306002,42
306009,28
306034,27
306057,40
306095,17
306160,21
306209,46
306244,68
306272,66
306274,16
306285,69
306374,28
306414,122
306443,25
306453,332
306459,32
306485,41
306527,18
306546,22
306656,18
306677,45
306686,43
306726,16
306749,28
306761,30
306799,106
306810,52
306818,22
306832,461
306853,17
306925,91
306948,69
306954,63
306969,311
307037,18
307046,20
307049,27
307067,33
307106,50
307113,74
307121,86
307131,17
307214,38
307258,20
307271,23
307272,37
307323,31
307325,30
307359,24
307403,21
307408,136
307447,20
307455,63
307483,38
307488,67
307560,31
307660,20
307689,53
307742,18
307751,31
307806,18
307808,19
307823,35
307827,87
307902,36
307915,17
307933,29
307954,16
308006,125
308080,16
308090,17
308117,18
308123,262
308125,44
308157,225
308162,22
308167,138
308197,226
308250,18
308280,19
308295,23
308354,33
308394,24
308417,19
308418,195
308450,24
308567,136
308592,25
308617,56
308623,30
308693,28
308713,18
308804,16
308812,26
308830,44
308835,134
308873,21
308892,51
308911,475
308920,20
308973,109
309036,26
309045,22
309051,106
309147,16
309155,24
309170,19
309180,68
309189,546
309215,15671
309264,16
309287,26
309302,17
309312,22
309403,21
309449,59
309487,16
309535,47
309543,32
309566,27
309567,19
309576,222
309614,19
309654,21
309662,63
309681,20
309686,27
309717,16
309744,23
309780,40
309784,72
309854,42
309884,21
309898,219
309952,127
309957,48
309978,26
310006,49
310007,16
310044,60
310054,31
310112,18
310124,17
310136,94
310156,22
310157,19
310327,177
310328,26
310369,21
310405,41
310432,63
310442,23
310471,29
310472,16
310473,131
310480,17
310486,41
310508,42
310515,48
310538,18
310569,20
310594,30
310686,32
310694,16
310704,17
310706,20
310775,31
310776,18
310794,59
310800,167
310809,107
310818,28
310831,22
310853,39
310875,19
310877,19
310893,99
311036,21
311048,122
311062,23
311144,32
311159,23
311250,109
311265,26
311291,22
311299,22
311322,107
311364,48
311392,19
311430,16
311434,22
311438,16
311453,23
311480,18
311506,19
311583,34
311605,32
311618,19
311637,23
311666,38
311752,42
311865,39
311868,99
311871,29
311893,86
311966,54
311989,17
312003,29
312013,18
312053,16
312060,31
312077,26
312152,19
312158,1051
312182,18
312207,20
312238,27
312241,68
312283,91
312350,24
312364,269
312404,2786
312411,17
312435,20
312462,26
312464,17
312484,23
312502,78
312521,16
312530,21
312533,30
312554,25
312559,16
312624,16
312626,63
312628,24
312653,16
312668,22
312672,28
312715,16
312739,18
312828,25
312830,30
312858,34
312907,2796
312943,32
312980,126
313024,16
313029,74
313055,17
313072,21
313080,23
313140,27
313141,38
313212,52
313240,105
313257,47
313281,17
313302,25
313304,21
313325,23
313344,47
313403,48
313433,20
313443,24
313485,20
313631,20
313662,21
313666,38
313690,39
313728,18
313745,18
313749,22
313771,27
313788,49
313802,24
313836,162
313908,16
313913,25
313940,18
313941,53
314011,16
314038,142
314056,227
314083,24
314186,17
314250,31
314254,46
314315,17
314337,67
314338,26
314387,23
314404,190
314465,22
314512,351
314621,27
314633,116
314691,116
314785,17
314795,46
314856,20
314861,120
314862,154
314902,788
314955,178
314965,269
315005,18
315023,19
315044,20
315046,22
315085,69
315114,175
315121,29
315139,20
315158,116
315191,19
315215,73
315223,41
315270,60
315276,96
315280,81
315334,138
315336,17
315346,21
315413,36
315434,59
315435,245
315448,18
315460,46
315534,17
315556,28
315558,20
315623,66
315628,42
315637,27
315647,76
315672,23
315684,217
315715,99
315718,104
315731,47
315751,17
315818,62
315844,30
315851,24
316020,193
316069,18
316082,24
316085,24
316131,76
316155,24
316159,22
316278,189
316298,38
316357,44
316362,37
316424,49
316427,61
316498,16
316512,16
316568,21
316584,27
316590,95
316673,97
316682,30
316684,17
316685,37
316719,18
316737,26
316741,35
316752,35
316776,616
316795,23
316797,45
316856,18
316864,62
316873,165
316940,22
316987,56
317061,25
317088,49
317090,102
317101,57
317134,25
317148,17
317151,47
317153,25
317174,23
317220,27
317230,18
317255,19
317279,17
317284,16
317293,26
317358,5275
317405,31
317428,571
317461,219
317486,30
317533,16
317581,74
317586,23
317661,21
317684,16
317715,21
317798,21
317840,17
318012,48
318015,129
318041,223
318048,17
318052,17
318110,40
318130,30
318149,53
318179,68
318184,21
318185,22
318189,95
318221,26
318260,16
318274,16
318422,23
318515,26
318517,28
318533,79
318593,44
318629,62
318678,48
318685,250
318734,28
318785,50
318802,7654
318812,47
318822,73
318849,20
318871,55
318882,22
318885,52
318901,93
319039,21
319057,23
319072,20
319137,31
319143,20
319186,16
319205,22
319214,41
319228,68
319353,29
319395,63
319400,48
319425,90
319480,18
319531,16
319555,119
319573,19
319639,20
319659,107
319665,36
319681,21
319779,72
319788,51
319795,38
319805,74
319827,54
319849,55
319863,17
319864,22
319866,20
319931,16
319962,22
319964,52
320056,36
320068,23
320087,52
320188,24
320206,33
320220,23
320235,358
320245,51
320274,43
320279,28
320309,17
320366,21
320370,25
320374,26
320388,29
320393,22
320437,46
320470,25
320486,41
320599,18
320624,73
320625,23
320659,22
320704,22
320741,31
320745,18
320753,17
320757,49
320771,19
320789,41
320823,2487
320824,21
320829,79
320852,18
320857,18
320936,80
320984,57
321071,69
321076,17
321106,102
321112,1272
321175,30
321183,30
321202,28
321222,16
321235,57
321244,32
321252,45
321273,38
321281,16
321287,27
321391,18
321394,27
321397,263
321453,79
321509,19
321536,131
321540,49
321572,16
321585,29
321595,28
321615,21
321616,37
321623,17
321718,17
321719,4492
321777,51
321809,20
321815,17
321841,45
321844,34
321938,17
321961,17
321996,22
322003,17
322057,19
322062,33
322079,16
322114,34
322155,104
322180,574
322341,45
322367,18
322384,30
322385,17
322401,33
322449,89
322465,27
322479,19
322517,25
322521,17
322525,17
322529,90
322576,29
322610,33
322611,28
322641,41
322695,29
322716,69
322728,30
322740,17
322743,21
322749,22
322751,1971
322762,79
322783,101
322796,20
322809,16
322820,22
322848,25
322872,55
322880,28
322910,33
322952,16
322999,50
323003,21
323016,40
323037,32
323070,38
323087,18
323095,27
323102,16
323121,40
323191,16
323197,40
323217,47
323218,165
323219,22
323241,22
323265,17
323270,54
323354,68
323366,27
323421,22
323444,93
323445,61
323462,16
323463,29
323464,17
323505,17
323543,17
323545,87
323564,28
323585,25
323590,48
323603,29
323618,67
323621,32
323622,19
323635,78
323701,68
323731,68
323779,285
323835,30
323877,18
323878,20
323880,29
324013,16
324110,25
324117,41
324127,17
324128,22
324152,70
324162,25
324170,18
324195,775
324253,17
324267,33
324333,28
324334,21
324339,19
324345,20
324362,79
324364,18
324378,18
324389,71
324397,36
324451,388
324489,48
324514,30
324537,30
324541,38
324548,389
324592,29
324625,17
324682,17
324683,18
324810,39
324813,27
324849,20
324884,27
324901,542
324973,45
325012,40
325068,27
325070,17
325099,18
325116,18
325181,33
325237,43
325264,16
325273,42
325274,29
325305,17
325310,20
325311,17
325344,25
325366,466
325393,22
325394,26
325399,24
325427,46
325431,20
325448,52
325460,22
325465,16
325520,44
325564,188
325634,41
325657,38
325704,29
325735,34
325759,65
325779,2420
325780,16
325783,43
325790,32
325853,17
325927,35
325997,50
326019,25
326033,26
326042,23
326046,18
326086,17
326121,20
326125,582
326142,37
326143,21
326169,43
326210,30
326214,865
326225,25
326238,224
326259,44
326365,47
326418,44
326490,38
326491,23
326507,16
326645,22
326710,32
326712,18
326727,36
326728,35
326809,70
326831,20
326889,238
326950,24
327038,217
327057,44
327059,27
327077,43
327142,20
327181,32
327190,94
327192,426
327193,27
327249,24
327251,22
327273,95
327316,72
327373,34
327416,16
327432,41
327448,18
327456,29
327494,17
327497,24
327506,36
327507,31
327514,41
327519,18
327521,38
327541,20
327547,16
327556,16
327582,107
327629,71
327675,32
327752,27
327782,25
327820,20
327825,17
327852,16
327862,18
327870,41
327872,24
327940,34
327945,19
328046,17
328059,21
328065,42
328084,107
328087,16
328090,149
328098,1356
328114,49
328118,58
328140,18
328144,38
328163,58
328196,69
328206,19
328221,72
328278,158
328280,129
328291,49
328346,22
328353,37
328358,16
328439,299
328459,32
328468,43
328474,180
328514,73
328538,20
328547,32
328550,43
328587,313
328593,401
328727,26
328747,38
328751,35
328757,222
328787,92
328820,30
328844,27
328887,23
328950,38
329072,22
329106,97
329108,242
329140,24
329144,17
329166,123
329171,72
329202,19
329270,84
329309,30
329311,23
329319,30
329321,19
329399,32
329409,27
329439,30
329453,18
329485,98
329541,14084
329546,24
329556,16
329560,29
329575,43
329579,60
329594,42
329627,58
329715,20
329718,55
329727,18
329753,85
329803,27
329835,27
329849,81
329855,19
329874,30
329912,69
329918,38
329936,22
329958,55
330024,24
330032,66
330054,23
330082,32
330093,20
330123,19
330202,99
330213,219
330254,30
330269,87
330342,26
330396,778
330397,29
330426,21
330430,17
330445,25
330510,34
330539,19
330590,29
330711,63
330782,122
330799,46
330803,20
330831,20
330843,25
330876,17
330887,236
330901,20
330920,24
330929,24
330937,20
330966,21
330970,41
331036,501
331061,32
331068,21
331095,548
331102,55
331103,21
331110,21
331195,17
331205,290
331245,23
331258,18
331290,66
331341,36
331361,18
331384,20
331415,60
331509,613
331521,43
331523,60
331594,34
331596,42
331635,25
331642,38
331695,27
331717,16
331744,21
331757,20
331787,293
331788,202
331827,22
331843,92
331844,18
331860,118
331877,93
331938,68
331976,25
331977,40
331992,19
332086,51
332123,37
332158,68
332189,20
332210,22
332217,178
332218,16
332251,28
332252,30
332253,117
332287,133
332288,29
332321,22
332370,56
332467,105
332476,43
332506,20
332543,38
332547,405
332590,40
332599,30
332600,40
332650,29
332669,44
332692,23
332721,40
332749,55
332776,38
332855,17
332921,28
332968,17
332970,26
333015,46
333058,27
333090,21
333147,16
333155,852
333158,46
333159,132
333160,16
333205,43
333274,19
333343,18
333347,29
333362,56
333384,23
333392,43
333430,24
333431,16
333437,25
333517,16
333519,27
333605,34
333611,78
333628,24
333638,56
333669,21
333729,26
333742,67
333750,120
333753,21
333794,44
333801,94
333894,69
333931,16
334058,16
334061,25
334121,38
334149,21
334152,34
334177,18
334206,17
334244,26
334252,61
334273,45
334372,18
334382,24
334397,93
334427,44
334429,17
334443,346
334444,18
334495,40
334517,37
334532,196
334536,51
334537,155
334562,28
334563,18
334595,32
334604,27
334606,16
334643,30
334659,26
334672,20
334673,133
334694,32
334730,50
334740,37
334776,92
334798,159
334818,19
334830,16
334931,17
334944,21
334965,21
334992,32
335010,16
335062,100
335096,46
335116,143
335129,19
335139,52
335158,103
335240,18
335245,63
335260,52
335321,45
335351,19
335416,54
335479,33
335480,24
335539,96
335559,55
335620,63
335684,33
335804,19
335891,17
335895,20
335971,20
335994,20
336045,32
336052,55
336070,29
336084,46
336087,254
336095,16
336231,39
336242,598
336256,20
336267,30
336322,23
336326,22
336327,44
336331,41
336341,664
336409,19
336424,33
336431,21
336463,847
336524,17
336638,77
336639,88
336660,19
336670,20
336777,42
336821,19
336871,48
336894,34
336895,27
336902,72
337018,16
337027,17
337072,157
337093,29
337112,37
337132,16
337140,26
337146,22
337153,28
337173,18
337192,78
337281,25
337300,36
337360,21
337362,22
337447,23
337511,952
337518,19
337535,167
337550,212
337599,43
337634,107
337650,61
337661,73
337668,23
337674,135
337714,49
337771,39
337779,24
337809,18
337818,344
337866,27
337882,47
337938,41
338020,19
338055,18
338060,34
338090,85
338149,17
338201,50
338203,52
338211,34
338257,460
338262,37
338310,40
338319,72
338351,76
338363,17
338390,16
338417,17
338457,20
338460,16
338467,54
338500,22
338505,46
338526,20
338527,25
338555,27
338566,26
338569,25
338588,71
338597,55
338608,16
338624,20
338665,53
338673,44
338697,28
338708,63
338712,201
338728,16
338754,25
338807,17
338839,28
338850,37
338909,45
338912,30
338959,25
338977,33
338982,29
339005,32
339020,29
339026,34
339045,28
339049,23
339058,127
339081,16
339103,26
339115,97
339168,20
339190,19
339204,39
339272,25
339305,59
339361,16
339364,341
339459,18
339469,229
339552,19
339572,295
339612,31
339640,246
339718,34
339729,24
339815,72
339822,20
339852,280
339891,21
339942,20
339950,126
339980,17
340019,26
340041,16
340101,17
340123,31
340142,24
340152,63
340187,32
340194,94
340204,72
340229,42
340239,20
340333,113
340427,17
340473,127
340500,18
340512,102
340552,31
340583,19
340621,46
340622,1562
340684,220
340723,40
340732,89
340734,25
340745,37
340750,40
340762,18
340766,16
340807,35
340811,31
340946,22
340994,73
341029,47
341038,62
341052,34
341056,38
341096,47
341253,24
341254,190
341336,149
341337,311
341350,209
341365,31
341381,57
341382,196
341442,898
341466,31
341468,17
341503,47
341514,25
341522,20
341524,237
341525,16
341535,83
341594,97
341597,51
341605,16
341606,28
341616,68
341700,2032
341725,25
341734,33
341777,22
341793,56
341805,27
341806,65
341809,65
341843,23
341896,42
341901,19
341948,59
341951,35
341958,21
341986,22
342028,21
342030,84
342036,307
342085,18
342154,32
342179,17
342210,55
342216,122
342266,21
342279,78
342284,20
342290,45
342292,194
342309,493
342325,25
342409,20
342427,23
342454,36
342499,29
342504,27
342519,62
342596,51
342612,17
342622,21
342653,21
342682,40
342734,20
342805,38
342853,82
342924,16
342952,16
342955,20
342964,33
343003,21
343100,16
343133,20
343153,42
343191,130
343220,31
343300,16
343315,27
343332,26
343406,47
343428,78
343450,26
343458,19
343482,27
343488,19
343522,16
343564,62
343611,81
343615,30
343689,37
343696,86
343730,17
343743,5385
343750,71
343764,27
343807,40
343832,31
343835,81
343841,101
343847,91
343913,45
343970,31
343993,22
344051,43
344083,20
344092,35
344153,18
344176,44
344196,141
344227,17
344230,27
344251,57
344299,18
344310,69
344322,72
344324,21
344391,667
344413,107
344470,20
344518,18
344548,19
344565,117
344640,21
344693,24
344753,83
344778,35
344827,31
344834,43
344872,23
344928,27
344978,220
344983,54
345004,173
345005,20
345009,32
345023,33
345041,43
345068,19
345076,18
345120,18
345129,16
345132,28
345149,34
345199,42
345209,19
345233,50
345238,160
345245,95
345301,50
345324,21
345343,23
345377,98
345378,127
345408,103
345492,168
345495,17
345558,37
345568,23
345575,24
345596,16
345608,19
345692,29
345711,60
345727,28
345728,17
345743,48
345792,34
345816,28
345839,26
345841,25
345850,28
345870,21
345901,148
345913,27
345935,18
345950,20
346011,35
346032,168
346057,17
346060,25
346092,27
346096,73
346104,312
346111,23
346119,18
346145,26
346162,341
346186,33
346190,23
346207,17
346223,48
346236,202
346293,29
346341,34
346358,21
346367,31
346368,19
346497,1611
346498,30
346502,25
346513,41
346530,53
346549,32
346553,92
346572,35
346607,21
346626,38
346641,16
346662,142
346695,22
346703,16
346747,21
346787,19
346805,131
346835,70
346877,56
346914,67
346924,20
346950,18
346952,128
347059,30
347062,17
347075,22
347078,149
347161,52
347191,27
347192,22
347244,18
347300,28
347386,18
347392,47
347421,36
347468,21
347476,17
347505,60
347518,2735
347529,26
347543,25
347578,17
347579,17
347627,17
347639,18
347757,21
347781,21
347798,84
347800,16
347801,16
347833,17
347835,46
347842,87
347846,24
347849,17
347855,30
347858,35
347886,156
347890,17
347905,953
347924,18
347958,22
347961,37
348004,18
348060,19
348147,36
348179,27
348201,25
348207,18
348232,17
348242,32
348286,509
348322,86
348325,22
348336,43
348357,29
348380,26
348440,20
348466,120
348494,53
348532,948
348541,26
348650,18
348668,19
348698,163
348710,21
348805,22
348808,38
348829,75
348902,18
348906,20
348933,50
348944,20
348980,17
349007,16
349034,95
349063,251
349075,44
349093,570
349098,37
349119,48
349176,90
349191,1126
349213,17
349248,21
349279,37
349288,27
349295,22
349303,26
349393,17
349427,18
349447,18
349466,92
349487,17
349579,57
349678,17
349724,46
349731,17
349756,25
349796,21
349797,22
349820,52
349857,1486
349866,119
349867,68
349881,24
349895,87
349910,21
350081,42
350119,21
350120,18
350124,16
350126,17
350127,21
350175,19
350203,86
350210,266
350213,89
350251,66
350280,113
350290,23
350302,17
350350,27
350357,18
350382,38
350383,24
350395,59
350402,127
350414,36
350441,33
350455,32
350460,180
350465,25
350468,32
350517,16
350577,23
350612,24
350742,16
350744,459
350759,19
350792,89
350807,20
350926,17
350973,29
350991,107
350992,24
351004,23
351009,32
351019,18
351072,54
351106,33
351137,30
351171,25
351246,18
351263,99
351274,52
351297,77
351311,23
351312,17
351327,26
351378,17
351387,109
351391,37
351412,17
351471,44
351482,29
351484,91
351509,35
351551,24
351555,17
351616,23
351661,57
351675,116
351695,19
351698,70
351756,26
351762,89
351772,47
351792,17
351806,24
351819,106
351830,23
351845,217
351875,109
351928,18
351931,130
351936,41
351987,30
352000,238
352006,17
352035,19
352068,26
352097,16
352098,61
352103,20
352184,35
352193,82
352194,20
352199,90
352221,16
352247,20
352250,33
352345,22
352374,17
352387,18
352393,54
352429,16
352502,22
352624,69
352640,38
352747,222
352759,20
352849,17
352867,66
352877,26
352910,22
352918,22
352949,66
352992,63
353013,19
353024,50
353036,24
353041,18
353065,19
353077,25
353085,20
353108,17
353118,21
353199,16
353200,25
353231,55
353243,38
353308,92
353353,31
353360,72
353409,37
353411,28
353417,19
353430,58
353514,19
353524,18
353560,36
353566,51
353571,22
353601,16
353605,122
353624,19
353625,16
353627,27
353637,24
353705,17
353717,262
353762,21
353788,27
353798,18
353845,37
353866,45
353896,68
353899,21
353906,44
353946,20
353972,28
353986,18
354022,18
354162,35
354167,36
354231,54
354239,21
354249,40
354292,38
354309,22
354373,21
354427,51
354444,33
354486,66
354562,28
354572,17
354618,79
354634,17
354637,17
354688,20
354702,29
354759,32
354794,26
354804,21
354859,19
354898,40
354917,17
354951,18
354992,31
355071,41
355087,22
355115,18
355118,70
355144,17
355155,17
355179,41
355193,324
355196,20
355231,33
355241,16
355291,82
355310,27
355311,22
355326,621
355362,34
355418,17
355448,52
355463,21
355513,16
355652,53
355669,20
355696,16
355705,27
355739,31
355754,37
355763,23
355792,91
355851,31
355863,18
355865,16
355913,17
355936,32
355977,23
355981,44
356038,21
356094,132
356115,48
356116,22
356132,50
356185,1366
356201,21
356234,54
356240,33
356257,139
356258,21
356326,17
356328,96
356373,21
356380,36
356381,30
356447,23
356459,100
356525,46
356541,19
356563,16
356569,28
356585,34
356650,17
356677,31
356718,21
356739,20
356802,16
356860,43
356866,2214
356900,123
356910,16
356911,45
356918,272
356959,55
356968,87
357009,38
357019,22
357057,21
357103,1370
357129,71
357135,26
357166,478
357196,28
357279,79
357285,23
357294,26
357297,22
357398,34
357420,126
357433,23
357487,36
357500,30
357508,23
357512,225
357525,270
357529,762
357538,62
357575,64
357592,30
357610,18
357625,38
357709,161
357724,61
357796,39
357829,17
357847,41
357863,17
357865,39
357870,25
357879,18
357893,27
357899,567
357906,116
357933,19
357957,19
358031,29
358109,18
358115,29
358158,64
358165,324
358232,16
358262,16
358275,29
358299,20
358345,25
358364,421
358411,16
358450,46
358468,24
358478,74
358524,20
358539,37
358573,69
358634,38
358726,66
358768,93
358782,23
358796,101
358822,29
358832,20
358833,55
358860,31
358864,104
358893,16
358971,84
358980,18
358989,23
359017,17
359024,33
359028,17
359038,83
359076,48
359084,49
359101,24
359126,43
359210,172
359276,50
359324,104
359341,20
359371,18
359443,27
359453,20
359460,283
359509,30
359564,106
359596,390
359631,24
359647,34
359653,18
359703,62
359733,33
359789,52
359806,33
359927,47
359937,47
359947,19
359951,24
359954,30
359955,22
359956,18
359979,16
359987,16
360004,23
360005,20
360011,58
360029,16
360053,104
360093,95
360098,21
360106,65
360107,35
360178,17
360181,30
360235,1392
360263,17
360265,88
360282,27
360295,37
360350,37
360391,48
360395,166
360425,53
360450,46
360469,17
360470,26
360499,21
360521,20
360633,16
360669,30
360672,16
360680,45
360683,21
360685,26
360689,31
360741,50
360750,19
360758,62
360760,18
360778,81
360799,21
360813,95
360917,17
360936,39
360942,18
360943,144
360960,38
361019,60
361043,318
361094,18
361123,26
361152,31
361211,36
361261,59
361281,65
361304,43
361336,20
361338,81
361352,34
361362,67
361438,34
361445,179
361499,18
361522,31
361539,22
361579,36
361612,17
361651,19
361656,16
361698,18
361768,71
361852,44
361893,20
361900,30
361942,144
361972,18
361991,60
362094,44
362125,25
362166,52
362215,18
362216,26
362274,29
362276,257
362315,16
362324,1126
362447,21
362477,20
362482,64
362539,22
362557,17
362562,35
362599,21
362631,163
362657,38
362674,19
362792,19
362818,22
362858,22
362861,18
362886,20
362899,49
362917,54
362923,44
362937,29
362953,16
363005,22
363019,46
363100,31
363123,84
363125,21
363127,111
363130,17
363131,367
363142,47
363157,142
363180,24
363185,33
363244,66
363256,53
363274,21
363333,46
363369,36
363407,51
363425,27
363428,43
363456,199
363488,18
363514,31
363546,45
363563,17
363565,65
363602,41
363624,28
363650,19
363659,23
363673,18
363697,41
363726,31
363750,23
363821,27
363823,28
363826,113
363827,109
363848,23
363850,22
363859,50
363862,59
363872,52
363908,406
363957,28
363975,18
363990,219
364021,19
364030,27
364061,49
364095,92
364131,27
364132,39
364190,17
364191,329
364198,134
364223,26
364270,33
364276,50
364287,36
364299,17
364316,313
364432,21
364447,175
364457,274
364463,17
364533,27
364541,22
364565,31
364588,20
364611,35
364617,106
364649,37
364650,18
364705,26
364762,32
364850,32
364852,52
364867,18
364900,119
364903,110
364916,16
364923,51
364924,17
365032,238
365035,20
365067,62
365068,246
365095,72
365100,27
365132,34
365203,28
365214,336
365226,44
365229,30
365244,18
365269,16
365276,21
365374,107
365380,28
365393,27
365435,28
365514,22
365561,31
365582,45
365609,29
365628,39
365640,30
365661,19
365662,105
365688,29
365736,24
365760,17
365761,17
365785,18
365786,20
365806,17
365810,20
365848,16
365888,26
365928,23
365939,19
366017,41
366107,20
366136,37
366166,232
366260,29
366269,18
366282,97
366290,70
366341,17
366369,59
366405,21
366433,22
366452,66
366457,20
366524,37
366601,39
366628,21
366636,24
366642,43
366699,17
366705,17
366708,25
366715,32
366736,36
366770,33
366809,211
366830,67
366874,166
366881,25
366885,34
366910,17
366917,45
366970,38
367021,68
367075,86
367101,131
367133,39
367169,34
367257,27
367335,193
367342,348
367394,23
367400,149
367407,382
367432,103
367441,35
367460,67
367470,46
367521,33
367542,27
367547,26
367565,16
367627,48
367758,16
367780,29
367790,25
367868,56
367889,73
367984,26
367997,37
368113,22
368168,39
368181,44
368201,54
368221,29
368253,72
368289,23
368292,749
368329,21
368370,21
368488,61
368514,19
368530,66
368547,204
368570,81
368628,20
368655,19
368680,22
368681,36
368727,71
368778,18
368876,32
368887,24
368894,19
368917,51
368951,176
368985,79
369030,146
369034,17
369083,35
369131,39
369151,31
369167,16
369171,20
369176,27
369277,33
369335,18
369348,47
369382,28
369425,40
369467,19
369499,77
369534,39
369562,135
369567,3450
369586,46
369587,20
369656,18
369666,18
369690,30
369716,49
369749,20
369777,24
369829,17
369830,19
369882,37
369898,16
369923,63
369949,26
369952,23
369972,17
369980,26
369987,141
369995,22
370035,22
370039,24
370051,19
370067,455
370076,25
370123,17
370145,24
370166,25
370172,21
370216,19
370248,128
370254,38
370342,63
370350,18
370375,273
370412,18
370418,82
370517,24
370590,869
370628,17
370660,26
370669,690
370679,17
370693,19
370704,240
370751,25
370767,79
370789,32
370843,17
370845,23
370848,17
370858,62
370885,285
370908,29
370970,28
370986,38
370998,60
371000,18
371021,42
371029,53
371045,16
371116,28
371119,32
371120,17
371122,91
371142,278
371166,17
371245,21
371283,18
371296,21
371322,25
371362,17
371381,32
371397,33
371404,16
371419,42
371444,48
371455,39
371465,64
371466,20
371517,28
371583,85
371640,42
371654,24
371656,23
371692,19
371768,17
371769,20
371804,18
371809,19
371849,26
371861,70
371863,141
371904,37
371906,24
371926,37
371953,20
372008,61
372136,202
372166,40
372197,18
372222,27
372273,422
372333,392
372348,27
372349,24
372398,19
372414,16
372427,39
372448,26
372455,19
372488,29
372493,209
372516,17
372605,18
372628,414
372646,28
372661,21
372715,100
372719,34
372734,32
372841,53
372847,82
372852,68
372873,61
372924,21
372951,18
372965,18
373050,90
373091,24
373158,31
373169,37
373170,29
373173,19
373235,30
373256,43
373264,34
373302,26
373382,20
373424,56
373454,51
373471,18
373497,242
373556,108
373633,78
373655,33
373657,44
373660,31
373672,34
373677,17
373696,16
373720,30
373759,17
373768,47
373827,60
373841,31
373842,36
373871,85
373923,16
373931,146
373938,22
373941,137
373943,29
373944,18
373950,31
373953,37
373955,98
373966,32
373967,31
374094,38
374099,31
374118,73
374161,22
374219,41
374243,137
374250,33
374297,33
374311,21
374439,61
374441,21
374444,36
374446,19
374494,35
374599,37
374608,32
374612,21
374660,30
374714,20
374741,1185
374770,22
374777,90
374832,30
374835,123
374887,64
374889,19
374942,34
374956,106
374957,70
375053,235
375086,22
375110,34
375126,153
375209,19
375238,33
375246,18
375260,29
375273,74
375286,155
375323,33
375374,34
375381,25
375428,20
375438,20
375492,25
375494,147
375495,18
375501,39
375563,29
375574,17
375636,73
375694,111
375752,120
375787,46
375794,25
375795,18
375846,17
375883,18
375886,91
375977,103
375998,61
376025,317
376037,41
376059,23
376078,25
376143,40
376157,44
376163,19
376221,24
376237,37
376340,35
376426,19
376434,38
376448,80
376489,38
376517,1548
376564,45
376566,29
376574,19
376584,62
376610,29
376611,25
376630,30
376649,74
376652,50
376668,106
376679,25
376740,50
376759,315
376833,59
376839,35
376841,35
376860,24
376868,20
376986,23
376998,61
377007,41
377015,140
377022,37
377026,18
377035,19
377079,38
377090,22
377094,20
377127,46
377193,25
377213,22
377225,67
377272,42
377300,40
377391,77
377463,77
377464,19
377515,24
377521,227
377573,22
377590,23
377608,32
377611,231
377624,28
377655,17
377703,17
377704,27
377714,21
377721,17
377756,26
377787,28
377891,22
377910,22
377936,51
377945,46
377951,60
378088,25
378122,20
378127,23
378162,22
378172,50
378193,23
378200,53
378211,24
378224,20
378225,26
378232,20
378255,169
378257,17
378315,23
378359,19
378360,29
378361,26
378370,16
378394,51
378440,21
378477,46
378490,57
378624,36
378652,57
378688,76
378708,19
378709,17
378727,28
378731,77
378751,670
378766,17
378790,177
378836,16
378853,16
378891,55
378913,42
378916,28
378922,16
378949,26
378970,28
378971,20
378991,51
379032,34
379043,61
379064,76
379111,19
379113,32
379114,27
379116,27
379129,34
379134,62
379146,30
379160,18
379182,39
379193,66
379219,33
379234,30
379265,19
379304,180
379319,17
379324,154
379331,28
379333,113
379402,31
379431,18
379435,165
379476,31
379484,18
379522,39
379528,44
379565,49
379598,25
379603,32
379628,42
379629,60
379692,22
379703,41
379706,17
379721,27
379776,17
379840,17
379852,27
379941,82
379963,90
379975,75
379996,19
380024,174
380080,55
380084,22
380106,27
380117,17
380126,17
380146,30
380203,47
380220,66
380265,17
380295,33
380308,31
380314,46
380349,31
380453,33
380517,19
380539,29
380540,68
380542,25
380558,21
380568,17
380573,45
380578,21
380599,18
380606,34
380614,41
380632,22
380690,33
380709,54
380748,79
380792,704
380811,16
380880,53
380890,30
380927,70
380936,31
380950,21
380987,40
381065,49
381092,227
381108,47
381116,119
381166,17
381198,94
381314,190
381357,70
381373,38
381407,28
381422,22
381441,16
381449,100
381577,50
381581,100
381619,288
381655,109
381719,125
381724,33
381726,141
381732,19
381774,23
381790,21
381990,44
382002,24
382062,45
382075,43
382094,31
382100,28
382115,205
382119,21
382154,28
382181,45
382233,30
382260,17
382271,35
382285,17
382308,33
382345,38
382361,31
382490,225
382513,35
382527,26
382539,146
382569,34
382643,38
382658,31
382667,39
382683,248
382704,28
382740,37
382768,48
382784,32
382802,18
382831,21
382833,20
382922,16
382938,76
382944,51
382951,34
382979,37
383017,42
383134,16
383154,74
383163,14390
383165,20
383203,71
383239,22
383335,20
383378,30
383395,83
383419,39
383430,108
383453,53
383457,63
383500,17
383562,17
383620,38
383663,44
383670,20
383671,24
383677,21
383693,52
383724,21
383730,34
383743,57
383762,17
383783,22
383879,53
383989,20
384014,1059
384087,1257
384133,19
384168,49
384178,30
384189,75
384248,266
384315,152
384381,22
384384,189
384420,31
384449,82
384461,42
384479,18
384501,60
384553,27
384587,16
384614,26
384690,33
384727,17
384753,16
384771,52
384827,22
384861,30
384866,18
384961,39
385003,20
385093,18
385102,19
385116,35
385128,124
385191,440
385202,117
385245,23
385264,16
385274,21
385385,20
385427,16
385590,38
385601,141
385622,17
385677,19
385704,91
385744,397
385849,25
385881,58
385892,311
385952,45
386059,39
386073,43
386092,53
386095,16
386099,60
386107,42
386121,20
386126,65
386129,16
386190,42
386192,353
386193,35
386194,65
386243,48
386270,26
386363,31
386425,58
386446,25
386539,91
386682,16
386689,39
386738,34
386786,61
386789,58
386834,31
386861,45
386891,47
386959,24
386962,18
387046,19
387085,229
387112,42
387113,42
387162,30
387168,30
387174,59
387221,34
387222,28
387230,75
387275,27
387278,24
387324,17
387344,163
387352,38
387358,27
387456,257
387459,30
387513,82
387585,69
387616,276
387643,34
387705,23
387710,23
387759,36
387771,23
387786,17
387794,201
387814,90
387838,22
387865,17
387877,206
387910,237
387995,74
388002,17
388012,17
388050,28
388058,22
388077,19
388085,55
388106,87
388145,23
388184,61
388185,26
388207,3273
388221,148
388243,25
388288,75
388320,25
388367,46
388372,38
388373,54
388465,68
388526,23
388566,628
388582,30
388618,299
388742,90
388745,27
388764,18
388784,51
388838,62
388943,24
388947,185
389039,17
389061,31
389079,18
389086,21
389092,69
389116,37
389127,32
389147,26
389149,43
389182,18
389272,17
389275,88
389293,30
389296,18
389360,28
389373,38
389375,20
389420,90
389456,17
389470,24
389502,21
389573,100
389597,99
389628,114
389646,19
389691,37
389697,18
389786,17
389794,38
389800,25
389849,16
389913,49
389920,64
389922,83
389935,24
389944,17
389950,29
390000,37
390042,57
390073,20
390089,27
390112,17
390121,67
390179,23
390324,35
390340,59
390379,18
390394,24
390395,29
390402,25
390452,89
390457,32
390472,39
390497,19
390522,45
390539,18
390547,16
390548,19
390564,37
390611,21
390619,55
390632,211
390668,16
390686,24
390737,44
390813,16
390840,24
390936,18
390941,36
390966,18
391000,18
391003,144
391010,372
391056,21
391092,36
391114,81
391131,23
391159,103
391164,45
391184,18
391388,29
391417,43
391424,37
391435,18
391483,42
391534,16
391544,25
391556,23
391598,23
391599,19
391633,23
391665,68
391672,19
391677,34
391689,40
391748,186
391789,26
391793,41
391827,83
391849,19
391927,27
391983,20
391988,23
392008,237
392009,38
392016,19
392088,20
392098,68
392136,27
392144,325
392168,22
392183,121
392197,16
392200,186
392209,18
392282,22
392323,30
392327,69
392334,190
392339,35
392348,20
392408,250
392430,33
392431,70
392438,33
392439,20
392442,22
392447,17
392451,246
392484,30
392507,20
392522,17
392561,56
392596,23
392629,50
392639,19
392707,47
392723,68
392728,26
392731,53
392797,37
392801,19
392813,26
392817,19
392843,76
392884,20
392892,90
392933,64
392986,98
393022,45
393057,411
393079,55
393112,25
393186,26
393240,110
393255,38
393288,18
393324,22
393326,20
393336,17
393474,44
393487,101
393505,16
393518,31
393526,17
393528,18
393530,477
393532,30
393612,17
393746,34
393795,22
393797,70
393832,18
393836,22
393837,18
393863,37
393866,111
393941,28
393987,21
393999,195
394025,20
394061,149
394108,24
394127,25
394129,16
394152,16
394154,20
394235,36
394249,33
394281,30
394284,16
394291,45
394307,350
394328,30
394349,48
394434,64
394452,20
394463,22
394511,30
394539,61
394554,378
394558,20
394686,19
394700,33
394711,24
394777,28
394784,26
394795,51
394812,52
394887,53
394911,21
394930,141
394960,27
395028,23
395053,125
395096,19
395161,32
395163,17
395189,152
395211,25
395248,32
395301,100
395302,20
395341,64
395346,137
395364,31
395420,131
395438,24
395442,46
395456,21
395500,21
395529,27
395568,34
395631,75
395681,17
395690,105
395706,19
395733,32
395741,55
395744,30
395780,18
395785,16
395796,17
395809,103
395812,74
395813,62
395815,29
395822,35
395854,49
395958,20
395965,40
396001,21
396019,24
396027,80
396028,17
396033,35
396092,18
396126,109
396137,24
396149,17
396155,23
396178,100
396192,38
396196,309
396205,17
396217,78
396231,34
396301,55
396312,127
396354,17
396368,53
396407,18
396411,20
396419,21
396425,110
396427,49
396560,46
396618,20
396621,60
396642,39
396662,17
396705,27
396706,25
396719,16
396721,33
396724,18
396726,26
396727,23
396799,18
396866,757
396867,28
396873,36
396901,31
396917,27
396928,18
396932,18
396967,48
397094,16
397141,21
397158,30
397181,20
397248,17
397275,29
397299,42
397312,20
397323,19
397324,23
397340,19
397342,23
397381,42
397404,17
397421,25
397474,17
397480,24
397491,21
397497,20
397508,272
397509,81
397544,801
397545,19
397565,17
397603,21
397622,19
397627,24
397690,17
397701,30
397729,36
397741,118
397834,16
397870,399
397884,22
397892,34
397896,113
397917,20
397928,30
397966,18
397978,21
397983,58
397989,71
397992,71
398002,17
398015,240
398067,45
398074,22
398075,111
398116,32
398129,72
398150,229
398180,28
398242,43
398276,45
398309,23
398310,351
398311,17
398331,258
398341,17
398382,21
398562,93
398586,799
398681,17
398715,38
398740,35
398746,20
398747,60
398765,105
398782,20
398843,25
398868,21
398902,25
398912,18
398919,24
399060,81
399065,53
399074,36
399081,32
399096,22
399099,360
399128,43
399177,22
399235,24
399242,622
399274,20
399281,17
399336,40
399387,54
399469,28
399497,22
399505,19
399507,43
399515,53
399525,59
399541,68
399568,17
399598,23
399664,26
399792,111
399800,22
399815,25
399848,17
399933,49
399941,30
399947,145
399955,26
399965,29
399978,40
400009,180
400021,18
400022,223
400058,121
400061,2110
400096,17
400097,23
400189,244
400265,28
400277,25
400336,16
400374,30
400400,23
400474,23
400476,23
400486,26
400540,171
400598,29
400612,16
400620,16
400621,74
400622,16
400652,29
400671,18
400721,35
400724,31
400727,20
400794,53
400796,24
400824,17
400834,51
400855,517
400934,20
400946,19
400947,35
400953,52
400954,71
400995,27
401010,21
401025,17
401029,33
401083,24
401102,19
401136,17
401137,25
401185,21
401198,29
401230,38
401243,21
401289,17
401311,28
401329,17
401332,40
401336,145
401337,42
401338,24
401349,41
401350,44
401421,50
401450,122
401466,18
401479,59
401519,27
401534,35
401590,28
401595,17
401655,59
401676,45
401768,19
401776,74
401778,45
401779,47
401797,16
401867,215
401886,33
401906,30
401952,29
401981,22
401989,25
402008,43
402015,107
402065,22
402096,25
402111,19
402125,137
402141,28
402158,28
402192,37
402214,30
402233,18
402255,29
402259,28
402310,36
402326,107
402328,33
402424,18
402440,29
402448,19
402449,62
402450,66
402490,63
402509,47
402567,17
402579,28
402650,24
402679,17
402714,47
402790,24
402805,45
402813,33
402872,26
402873,42
402874,25
402878,16
402889,37
402893,18
402894,21
402907,48
402945,93
402954,19
403001,18
403026,21
403048,23
403137,51
403152,77
403155,18
403159,142
403165,139
403176,21
403200,60
403238,16
403240,148
403256,25
403287,65
403293,25
403318,29
403391,18
403435,20
403436,32
403452,18
403495,25
403504,19
403506,29
403524,42
403587,61
403606,26
403637,68
403670,33
403693,51
403694,24
403697,19
403730,205
403784,18
403788,24
403836,40
403848,20
403863,525
403886,17
403896,68
403899,30
403910,20
404002,38
404004,33
404009,18
404029,83
404045,18
404051,730
404069,48
404094,25
404095,49
404099,75
404119,74
404126,28
404141,32
404192,50
404200,146
404327,18
404334,49
404359,19
404367,243
404377,16
404420,436
404435,35
404439,21
404444,16
404500,36
404711,31
404733,34
404755,20
404757,21
404770,18
404775,20
404780,22
404784,227
404793,31
404802,53
404853,36
404899,39
404923,17
404929,186
404964,30
404977,70
404979,19
405054,31
405097,64
405118,24
405120,55
405127,23
405147,23
405172,33
405239,39
405282,31
405311,19
405393,40
405401,52
405436,21
405468,33
405496,36
405515,25
405516,60
405537,32
405538,23
405559,19
405571,120
405585,17
405591,1552
405602,70
405621,20
405828,20
405854,26
405858,31
405897,24
405930,26
405958,20
405964,45
405972,54
405995,18
406043,20
406056,33
406066,27
406079,19
406101,1136
406116,43
406148,40
406183,30
406232,29
406235,42
406321,46
406356,65
406424,20
406480,23
406507,29
406544,22
406560,51
406566,57
406598,22
406685,18
406716,200
406760,27
406771,109
406794,46
406800,22
406805,33
406840,39
406899,311
406927,25
406928,26
406938,31
406953,190
406981,56
406987,17
406996,16
407023,16
407067,39
407075,17
407122,23
407189,68
407192,83
407194,56
407195,32
407243,16
407273,172
407281,28
407336,30
407346,57
407363,991
407444,28
407447,25
407497,32
407499,23
407545,17
407598,25
407646,21
407649,24
407658,22
407713,32
407749,36
407767,401
407775,25
407787,39
407830,35
407905,36
407930,24
407986,47
408042,141
408044,19
408112,28
408113,1495
408129,573
408154,26
408167,24
408192,28
408197,17
408247,99
408274,32
408300,972
408302,131
408308,20
408312,35
408318,48
408321,119
408335,7389
408360,18
408373,25
408403,29
408458,18
408479,33
408480,21
408486,35
408521,23
408653,18
408710,128
408713,21
408730,153
408736,21
408744,53
408749,20
408761,21
408823,99
408865,68
408867,47
408903,31
408904,24
408924,75
408942,113
408984,40
409043,87
409066,28
409070,23
409088,18
409177,21
409235,53
409272,121
409283,67
409285,16
409287,28
409289,186
409313,33
409390,16
409402,42
409403,319
409444,17
409514,22
409515,19
409517,28
409534,16
409536,17
409542,16
409622,17
409628,19
409676,25
409828,39
409831,17
409836,42
409860,21
409868,35
409947,23
409953,33
409967,18
409996,19
410010,364
410017,31
410031,46
410058,22
410059,29
410095,43
410101,34
410110,28
410167,68
410189,173
410199,22
410209,30
410215,46
410311,19
410345,37
410372,59
410382,79
410386,336
410390,22
410535,182
410541,36
410545,63
410588,262
410659,37
410668,38
410693,22
410715,49
410718,24
410734,50
410767,82
410793,68
410801,50
410817,17
410872,25
410947,32
410975,53
410976,77
411005,28
411046,17
411060,56
411088,124
411095,19
411111,26
411150,20
411170,61
411234,27
411264,51
411269,19
411295,31
411300,20
411381,39
411419,69
411439,17
411461,16
411463,56
411534,61
411538,19
411553,56
411573,95
411587,30
411602,22
411609,32
411638,20
411687,152
411718,20
411722,19
411742,97
411751,33
411764,16
411769,26
411816,18
411819,221
411836,72
411837,171
411912,22
411925,20
411989,31
412090,45
412091,111
412101,89
412148,19
412194,27
412228,16
412229,139
412243,18
412255,16
412266,170
412268,46
412320,19
412341,18
412363,77
412387,20
412441,25
412497,16
412538,41
412566,56
412584,20
412595,50
412603,20
412633,38
412643,17
412680,101
412702,28
412804,137
412876,501
412924,19
412928,17
412966,24
412983,25
413085,23
413098,182
413135,18
413140,21
413141,61
413165,29
413194,19
413233,18
413237,194
413247,31
413265,37
413297,89
413311,21
413313,31
413315,19
413346,41
413359,22
413421,30
413437,77
413457,18
413468,45
413478,16
413480,61
413490,55
413541,19
413544,31
413568,28
413607,155
413618,38
413619,21
413620,41
413631,25
413654,19
413686,16
413728,17
413736,27
413739,28
413799,123
413804,106
413810,16
413843,16
413854,28
413866,28
413903,39
413905,100
413940,47
413964,17
414014,23
414015,33
414042,417
414052,35
414064,41
414070,51
414071,4190
414088,5886
414133,35
414169,97
414178,28
414237,29
414322,22
414332,45
414362,32
414380,92
414461,28
414469,17
414523,20
414556,25
414567,34
414568,45
414611,37
414661,16
414670,530
414805,18
414901,17
414918,33
414951,179
415014,54
415015,36
415034,176
415055,18
415110,18
415119,39
415123,18
415127,25
415129,1092
415142,16
415143,72
415151,18
415224,74
415246,25
415273,28
415325,23
415327,20
415344,30
415347,18
415361,4614
415373,32
415426,47
415429,31
415462,31
415522,19
415618,22
415629,42
415639,42
415654,22
415660,212
415692,35
415699,57
415705,24
415713,31
415719,24
415800,20
415841,23
415875,21
416033,92
416071,19
416084,68
416086,24
416119,25
416175,47
416199,24
416251,62
416269,72
416284,18
416349,28
416359,18
416392,22
416419,63
416431,16
416535,19
416588,16
416594,19
416658,17
416730,53
416820,152
416821,59
416846,33
416867,76
416919,18
416951,16
416962,26
416964,821
417073,24
417086,21
417101,83
417115,290
417119,18
417141,42
417145,28
417192,71
417233,17
417269,22
417271,665
417294,98
417326,316
417339,17
417371,185
417411,31
417446,18
417460,37
417488,58
417493,38
417529,138
417580,25
417597,19
417598,114
417641,24
417664,21
417672,157
417684,21
417697,29
417745,115
417788,36
417814,51
417862,102
417884,23
417898,38
417907,34
417938,133
417939,79
417943,32
417951,22
417991,34
417993,33
418051,68
418061,59
418062,117
418096,168
418116,34
418176,42
418195,23
418229,17
418260,35
418318,22
418326,61
418359,26
418363,16
418383,30
418412,31
418416,18
418451,34
418460,187
418493,152
418512,71
418550,22
418552,17
418562,17
418571,97
418596,27
418604,22
418680,17
418682,33
418687,523
418745,66
418750,26
418879,88
418883,16
418893,90
418928,37
418947,34
418955,52
418961,22
419007,18
419022,116
419080,58
419134,22
419153,18
419181,18
419212,16
419225,68
419241,27
419258,31
419296,17
419300,24
419305,123
419333,26
419338,16
419347,37
419501,39
419525,201
419550,23
419552,49
419603,30
419623,31
419634,20
419639,41
419641,103
419659,44
419739,28
419821,19
419839,112
419840,24
419842,3280
419862,21
419870,31
419875,46
419926,31
419964,67
420063,24
420066,18
420134,19
420147,37
420164,255
420211,55
420221,32
420239,23
420266,39
420267,102
420286,316
420352,23
420358,173
420373,26
420424,68
420431,16
420441,29
420476,27
420482,22
420485,31
420575,20
420610,97
420638,32
420647,114
420648,35
420665,23
420696,1146
420755,27
420759,20
420760,16
420799,1675
420806,21
420810,5557
420823,28
420846,22
420875,18
420906,49
420909,29
420916,128
421052,18
421070,75
421084,87
421132,21
421161,32
421193,60
421330,53
421347,31
421349,56
421396,17
421421,114
421443,18
421466,59
421471,71
421535,327
421552,16
421559,17
421652,72
421698,35
421705,25
421709,18
421765,20
421819,26
421824,39
421847,39
421861,17
421935,20
422008,47
422015,18
422061,24
422071,16
422104,24
422209,19
422262,23
422281,36
422289,17
422305,586
422331,27
422355,24
422378,66
422383,49
422458,39
422465,18
422494,158
422498,17
422529,536
422582,20
422636,21
422640,28
422651,23
422657,34
422692,111
422779,45
422805,103
422845,33
422867,17
422869,34
422872,17
422887,22
422890,37
422933,22
422935,34
422954,24
422976,19
422996,48
423010,51
423023,21
423051,36
423108,19
423112,16
423123,49
423130,57
423132,134
423165,1958
423182,40
423206,21
423210,50
423227,43
423237,164
423247,28
423305,86
423434,27
423484,86
423536,48
423578,21
423598,22
423623,35
423633,84
423660,29
423688,18
423695,66
423805,18
423823,24
423831,19
423833,32
423863,23
423900,19
423907,16
423912,24
423926,27
423929,19
423935,19
423957,96
423962,19
423994,16
424114,47
424128,17
424194,170
424270,20
424294,44
424308,344
424373,17
424550,40
424576,517
424587,17
424623,19
424628,36
424629,19
424647,24
424652,22
424654,41
424667,16
424699,143
424886,35
424895,30
424896,19
424934,21
425026,18
425087,18
425129,234
425155,100
425163,55
425166,21
425208,193
425243,33
425268,18
425273,116
425284,60
425299,33
425314,17
425320,39
425325,91
425346,75
425381,40
425384,88
425406,161
425425,20
425427,20
425440,31
425460,93
425466,23
425476,64
425511,24
425551,44
425553,21
425582,75
425611,45
425657,16
425677,18
425683,68
425720,21
425725,24
425758,32
425797,37
425811,167
425842,18
425868,23
425874,22
425934,30
425945,22
425956,31
425990,39
426067,17
426082,22
426116,25
426134,60
426172,28
426183,17
426189,52
426191,25
426203,143
426251,23
426255,20
426260,35
426313,22
426323,16
426328,100
426346,245
426397,18
426399,68
426465,16
426467,21
426487,32
426494,36
426503,65
426516,44
426531,227
426534,38
426535,63
426574,20
426582,58
426585,19
426629,79
426646,63
426690,19
426698,26
426718,21
426751,115
426817,39
426859,85
426872,23
426882,37
426891,25
426913,19
426918,30
426921,22
426926,469
426942,33
426946,383
426999,205
427002,18
427029,126
427042,18
427050,42
427051,37
427077,46
427097,19
427111,41
427127,21
427148,29
427149,103
427202,16
427233,47
427237,20
427256,21
427276,38
427277,37
427289,21
427306,51
427308,94
427330,42
427353,20
427433,40
427545,17
427558,22
427637,21
427672,48
427689,24
427704,38
427780,39
427810,22
427838,116
427877,19
427947,22
427965,27
427968,33
427984,52
428027,16
428028,20
428044,49
428073,32
428075,22
428098,38
428140,23
428195,16
428268,26
428290,47
428311,35
428326,305
428347,44
428396,16
428447,16
428457,21
428469,284
428485,20
428492,36
428514,91
428525,17
428529,17
428545,21
428546,114
428549,40
428550,66
428559,64
428634,21
428640,91
428650,22
428656,81
428715,50
428760,28
428765,27
428852,19
428854,19
428859,22
428879,30
429053,20
429102,113
429142,32
429145,21
429173,49
429184,48
429190,20
429200,38
429213,35
429248,25
429255,20
429262,17
429322,134
429370,18
429393,17
429401,30
429430,141
429437,17
429465,16
429466,38
429471,17
429487,43
429505,28
429566,38
429571,31
429589,38
429609,22
429619,24
429629,51
429667,18
429671,23
429718,30
429770,39
429783,102
429856,340
429857,35
429876,523
429900,31
429911,2416
429975,71
429976,34
429995,25
430026,41
430105,46
430106,28
430151,60
430232,17
430250,93
430288,35
430306,80
430348,92
430378,64
430462,141
430463,32
430506,23
430514,16
430605,41
430609,22
430616,35
430636,17
430641,83
430648,22
430689,41
430707,23
430723,16
430726,75
430738,16
430789,34
430791,55
430794,39
430864,21
430876,51
430918,93
430977,17
431032,18
431082,26
431094,24
431147,63
431182,38
431192,21
431199,30
431243,52
431248,19
431325,41
431334,160
431385,20
431404,24
431445,78
431455,18
431473,20
431567,28
431570,23
431620,787
431634,19
431694,68
431700,29
431744,32
431764,54
431767,43
431821,36
431831,18
431915,30
431957,18
432025,20
432035,17
432049,362
432087,16
432124,64
432156,16
432163,25
432174,30
432194,204
432241,25
432243,16
432319,38
432354,23
432361,37
432364,598
432392,49
432405,38
432415,182
432449,46
432469,39
432472,22
432537,53
432592,74
432615,27
432674,18
432683,21
432695,66
432698,17
432752,22
432789,20
432808,91
432813,17
432824,21
432838,24
432847,18
432851,118
432853,24
432854,24
433016,37
433133,19
433135,33
433175,20
433219,38
433256,44
433273,174
433282,51
433315,35
433334,22
433348,55
433358,25
433372,22
433376,338
433408,22
433503,55
433564,30
433598,16
433642,62
433728,22
433729,21
433759,249
433888,25
433906,49
433925,16
433971,654
434057,263
434058,40
434089,24
434158,22
434164,59
434177,80
434184,60
434199,33
434233,24
434261,16
434269,240
434290,59
434306,23
434417,71
434429,46
434440,31
434474,18
434499,20
434541,24
434634,57
434643,26
434658,24
434662,18
434705,40
434756,22
434867,32
434889,108
434927,32
434932,24
434949,24
434952,67
434978,25
434984,19
434986,32
435012,23
435021,90
435023,29
435044,46
435074,20
435077,21
435089,79
435186,41
435199,22
435222,73
435223,97
435224,18
435237,24
435262,18
435314,30
435327,16
435339,26
435344,23
435356,18
435360,20
435364,29
435444,29
435456,17
435458,32
435474,18
435559,51
435589,26
435626,25
435636,22
435667,24
435689,18
435729,44
435775,153
435814,49
435835,112
435837,30
435852,33
435882,25
435896,17
435910,106
435964,117
435966,38
436055,39
436079,71
436095,67
436127,18
436148,18
436160,36
436161,56
436198,46
436202,81
436210,16
436220,32
436227,19
436278,24
436301,22
436326,28
436346,33
436412,39
436429,18
436477,113
436494,21
436505,52
436567,248
436570,26
436581,39
436758,51
436771,50
436780,43
436819,186
436832,46
436840,2164
436869,81
436945,61
437085,19
437098,76
437182,22
437207,51
437209,68
437211,21
437212,48
437240,18
437263,47
437299,24
437310,17
437314,59
437363,18
437424,80
437437,16
437495,28
437522,62
437529,33
437550,22
437631,17
437640,16
437660,88
437702,35
437718,25
437724,39
437737,24
437784,44
437800,57
437830,32
437842,28
437961,46
437998,155
438014,17
438026,205
438193,46
438279,34
438288,47
438310,21
438484,20
438493,21
438502,34
438518,19
438519,95
438532,60
438564,217
438695,29
438716,35
438797,19
438837,23
438838,30
438849,21
438859,23
438863,24
438926,64
438944,16
439011,74
439012,23
439022,16
439025,214
439038,20
439124,22
439194,23
439209,47
439213,20
439234,25
439236,23
439280,44
439293,21
439317,20
439422,30
439450,57
439465,380
439501,38
439506,17
439532,18
439533,22
439560,30
439583,171
439595,20
439596,17
439640,17
439652,263
439665,95
439770,43
439788,190
439791,16
439815,1718
439835,77
439859,20
439865,23
439883,18
439894,21
439978,290
440006,47
440047,31
440054,22
440087,60
440088,67
440103,24
440104,32
440130,19
440155,16
440165,23
440190,16
440203,351
440237,27
440240,26
440276,49
440310,36
440311,285
440420,72
440428,258
440437,32
440438,17
440452,109
440474,1178
440495,18
440587,24
440595,364
440600,34
440653,19
440683,42
440700,35
440738,77
440770,37
440787,32
440792,32
440818,34
440834,29
440848,34
440882,22
440885,34
440948,66
441028,91
441083,45
441086,18
441089,23
441161,223
441197,23
441227,27
441248,18
441251,687
441282,17
441300,23
441423,50
441424,453
441431,18
441459,17
441460,23
441492,43
441598,20
441702,73
441708,25
441709,231
441768,21
441807,52
441838,1888
441848,42
441878,35
441931,30
441954,27
442025,18
442042,17
442062,27
442080,31
442106,19
442133,19
442174,56
442194,79
442235,25
442241,21
442264,22
442274,65
442288,19
442309,16
442345,29
442361,63
442412,69
442424,145
442452,16
442453,37
442476,24
442480,25
442601,380
442728,163
442729,17
442763,18
442771,88
442774,24
442834,124
442895,39
442906,60
442930,20
442951,16
442996,35
442997,51
443036,30
443045,47
443094,21
443201,26
443236,29
443252,82
443277,20
443302,17
443318,465
443322,17
443330,62
443418,31
443459,52
443471,17
443476,46
443483,146
443553,37
443586,31
443629,26
443634,25
443652,29
443659,19
443668,51
443687,23
443726,22
443742,18
443751,37
443761,24
443831,43
443833,16
443851,27
443923,68
443983,25
443996,30
444022,53
444127,34
444130,20
444165,24
444223,848
444237,84
444244,16
444264,18
444314,19
444354,51
444396,26
444462,19
444574,16
444585,16
444590,50
444597,58
444606,67
444607,43
444620,45
444630,21
444640,37
444662,105
444680,38
444693,26
444767,22
444818,25
444829,32
444851,66
444928,18
444937,19
444971,19
444996,26
445023,21
445040,26
445066,42
445190,19
445194,72
445231,16
445251,21
445267,62
445275,42
445302,26
445321,1031
445344,20
445350,18
445358,27
445372,36
445480,55
445497,21
445511,32
445571,43
445602,16
445607,18
445640,295
445652,19
445660,34
445679,62
445690,45
445698,17
445704,24
445708,61
445735,20
445746,38
445747,51
445764,31
445790,60
445845,17
445853,35
445864,17
445889,26
445903,177
445930,27
445954,39
445988,26
445998,23
446018,16
446046,27
446091,27
446092,35
446183,27
446198,17
446239,39
446317,35
446331,38
446338,26
446341,112
446348,24
446388,68
446439,17
446457,68
446458,29
446522,53
446606,42
446628,27
446630,145
446674,29
446694,17
446725,24
446825,16
446844,17
446861,187
446892,31
446981,77
446993,23
447029,25
447034,21
447085,47
447117,16
447185,26
447221,24
447279,25
447318,29
447335,36
447344,27
447390,77
447410,51
447413,97
447424,17
447488,18
447560,20
447599,33
447608,18
447613,611
447622,18
447737,54
447767,33
447780,50
447784,20
447820,38
447849,16
447855,108
447859,64
447876,33
447916,36
447924,48
447977,31
447981,32
447992,45
448010,29
448011,19
448012,30
448025,43
448155,141
448172,17
448249,16
448267,16
448298,16
448301,31
448356,21
448426,19
448427,652
448441,20
448461,17
448509,23
448535,17
448555,23
448568,24
448628,41
448694,18
448725,121
448804,27
448859,29
448860,21
448885,187
448906,187
448949,70
448950,21
448959,45
448969,25
448988,17
448993,87
449141,25
449147,28
449193,115
449208,37
449215,29
449224,20
449278,33
449287,22
449294,31
449363,40
449374,19
449387,22
449408,47
449455,32
449459,43
449508,38
449544,19
449551,26
449667,17
449694,28
449698,18
449720,22
449726,34
449729,20
449821,47
449827,21
449839,4802
449886,99
449925,35
449954,16
449955,35
449960,24
449969,25
449971,20
450011,31
450059,110
450078,40
450085,21
450120,41
450154,21
450184,18
450210,32
450253,52
450282,17
450292,326
450301,27
450370,74
450387,47
450416,23
450480,18
450499,38
450500,33
450508,16
450516,180
450557,20
450672,37
450677,48
450706,55
450726,25
450733,32
450767,19
450876,55
450912,31
450952,21
450959,17
451103,621
451152,19
451162,20
451183,31
451222,68
451225,24
451248,460
451259,89
451267,25
451271,69
451328,18
451336,17
451392,40
451455,92
451473,16
451486,69
451497,16
451501,343
451504,109
451509,17
451580,20
451637,16
451639,22
451657,32
451683,35
451687,47
451725,19
451778,23
451806,122
451816,25
451852,37
451863,26
451902,26
452038,66
452043,174
452129,79
452147,303
452167,69
452201,16
452237,59
452248,54
452260,45
452334,60
452345,30
452378,64
452379,18
452431,24
452444,57
452458,21
452484,69
452512,263
452552,21
452633,74
452705,23
452716,24
452752,32
452785,22
452806,18
452813,19
452827,84
452833,32
452834,24
452998,68
453009,36
453034,37
453057,27
453096,22
453194,43
453210,36
453211,57
453218,19
453349,19
453362,65
453371,1213
453374,51
453406,37
453433,24
453463,20
453486,28
453493,27
453528,468
453543,447
453548,25
453579,21
453595,16
453602,111
453626,27
453685,58
453717,30
453794,29
453849,29
453862,16
453876,27
453882,30
453906,34
453909,17
453917,27
453926,63
453955,24
453975,28
454008,23
454052,45
454103,185
454113,16
454194,32
454202,188
454212,18
454247,20
454264,35
454283,28
454369,3666
454379,20
454408,32
454427,24
454433,59
454446,18
454451,16
454454,1946
454485,18
454511,51
454559,51
454575,30
454577,65
454593,23
454619,42
454623,47
454625,19
454633,441
454647,52
454684,33
454687,158
454689,202
454692,20
454700,29
454708,21
454713,83
454714,134
454726,42
454763,78
454779,162
454822,133
454823,35
454839,28
454852,54
454864,17
454899,30
454934,33
454957,34
454965,20
454973,34
454989,34
455002,17
455003,58
455004,17
455042,67
455108,22
455110,19
455111,23
455140,25
455179,190
455184,30
455222,29
455225,789
455240,5734
455258,16
455305,25
455307,16
455348,17
455364,30
455391,56
455405,90
455411,61
455437,17
455462,25
455524,118
455543,26
455566,16
455583,22
455593,22
455609,165
455628,41
455663,36
455676,19
455692,160
455697,17
455705,918
455776,44
455785,20
455792,23
455821,18
455831,32
455909,36
455927,22
456006,17
456011,19
456054,30
456072,18
456152,35
456232,21
456258,20
456260,20
456320,47
456361,25
456368,17
456376,646
456397,52
456408,50
456413,18
456471,33
456475,45
456504,42
456508,29
456519,16
456544,16
456560,76
456597,29
456637,103
456681,95
456718,30
456732,17
456848,29
456849,23
456930,16
456983,53
457029,102
457035,21
457038,31
457042,23
457052,25
457061,106
457075,32
457088,35
457105,58
457165,19
457186,41
457204,16
457237,23
457378,17
457386,86
457387,17
457389,32
457440,28
457455,31
457466,49
457514,33
457515,29
457557,47
457559,21
457565,25
457566,43
457625,99
457665,42
457669,72
457703,236
457704,20
457711,18
457733,41
457871,18
457893,60
457925,25
457937,43
457943,23
458052,24
458069,18
458158,21
458167,17
458195,21
458203,17
458249,25
458303,51
458346,17
458355,23
458415,149
458441,55
458457,170
458571,18
458608,16
458716,447
458753,50
458759,29
458784,29
458798,43
458830,31
458865,18
458872,56
458873,35
458899,29
458911,27
458917,984
458948,17
458958,21
458961,30
458970,64
459161,19
459190,33
459198,16
459223,18
459267,76
459310,47
459331,25
459337,87
459390,19
459410,35
459482,25
459503,29
459570,52
459573,18
459682,20
459686,18
459693,31
459776,16
459796,48
459804,22
459818,17
459829,17
459832,16
459857,288
459882,20
459893,44
459897,20
459907,24
459908,197
459939,23
459966,53
459994,31
460013,33
460051,1676
460090,29
460093,129
460131,21
460136,33
460147,35
460263,26
460315,468
460340,99
460369,22
460370,18
460389,20
460416,16
460440,67
460465,29
460476,83
460499,24
460522,81
460558,44
460591,16
460693,24
460701,40
460754,16
460756,19
460758,43
460771,184
460853,18
460899,26
460906,53
460973,100
460995,38
461035,17
461055,20
461065,16
461067,85
461074,31
461092,22
461105,46
461124,38
461150,28
461165,34
461186,18
461216,16
461223,25
461242,22
461250,324
461283,16
461287,23
461293,17
461306,66
461339,19
461352,59
461361,22
461381,45
461398,43
461423,39
461437,47
461483,31
461512,56
461515,146
461537,44
461550,26
461563,16
461588,25
461613,23
461632,20
461646,21
461655,60
461672,48
461691,85
461720,165
461726,17
461787,78
461793,18
461832,34
461835,90
461993,18
462000,41
462027,37
462055,146
462074,18
462091,74
462120,32
462162,31
462186,53
462214,48
462218,18
462227,19
462228,18
462268,43
462273,18
462391,25
462406,16
462422,50
462558,45
462561,549
462616,233
462617,53
462653,23
462654,16
462705,45
462754,28
462769,39
462800,22
462811,16
462814,64
462818,30
462831,101
462832,21
462892,21
462908,25
462915,37
462928,26
462943,23
462974,59
462983,18
462998,137
463016,24
463029,17
463046,53
463057,34
463084,17
463105,22
463156,30
463169,23
463183,77
463204,29
463281,17
463288,62
463333,16
463356,19
463362,18
463365,40
463371,17
463400,18
463413,20
463423,22
463454,36
463456,18
463488,18
463530,2326
463582,29
463641,39
463690,50
463713,24
463759,23
463766,64
463790,24
463831,29
464017,18
464023,27
464034,24
464114,137
464178,39
464246,17
464261,22
464281,172
464306,55
464315,19
464327,257
464364,21
464381,40
464403,26
464454,79
464465,21
464517,49
464561,17
464563,16
464586,45
464636,39
464655,25
464692,60
464694,37
464760,64
464799,28
464831,22
464848,23
464936,17
464964,22
464989,27
465008,19
465040,19
465047,67
465111,16
465157,20
465208,57
465211,18
465230,18
465240,16
465283,182
465288,44
465304,26
465305,66
465356,24
465361,30
465369,27
465378,166
465383,24
465402,25
465442,49
465465,38
465469,18
465517,16
465543,16
465600,58
465638,19
465693,19
465742,40
465772,26
465803,27
465838,27
465868,129
465911,97
465912,48
466007,26
466070,18
466076,20
466082,95
466084,35
466097,109
466113,84
466135,600
466146,23
466152,53
466161,25
466175,26
466178,23
466179,26
466217,30
466244,69
466311,35
466332,34
466335,16
466365,110
466391,16
466392,17
466485,133
466502,767
466519,40
466571,28
466633,16
466662,68
466677,54
466716,96
466742,21
466744,21
466796,24
466810,30
466855,18
466866,30
466902,37
466915,36
467002,199
467005,19
467054,35
467063,113
467070,18
467098,91
467112,1225
467115,644
467124,364
467136,102
467139,24
467162,23
467173,35
467179,67
467194,27
467247,355
467270,20
467387,29
467401,25
467402,102
467407,21
467410,22
467426,49
467444,43
467489,23
467535,32
467557,22
467607,34
467640,48
467670,29
467696,18
467731,19
467796,33
467810,52
467836,68
467881,30
467910,16
467925,57
467955,17
467956,21
468039,16
468050,21
468069,32
468075,17
468169,29
468211,67
468219,505
468223,25
468229,16
468273,24
468312,16
468394,25
468397,53
468403,39
468414,19
468506,73
468550,35
468636,28
468637,806
468649,46
468700,40
468712,18
468768,17
468769,172
468783,40
468795,17
468813,54
468816,79
468834,25
468877,34
468878,20
468899,32
468982,27
468990,112
468992,24
469001,30
469005,22
469056,18
469086,44
469120,23
469127,18
469160,30
469168,31
469174,885
469198,43
469224,148
469295,17
469337,433
469340,36
469354,34
469355,41
469356,37
469417,21
469434,350
469467,18
469517,18
469520,1005
469548,25
469562,16
469603,26
469604,53
469613,31
469652,32
469710,95
469758,32
469793,39
469827,22
469883,16
469890,60
469912,19
469967,16
469982,65
469999,49
470049,18
470111,27
470146,18
470147,139
470164,21
470230,28
470240,23
470260,24
470267,30
470295,16
470299,49
470312,21
470329,151
470415,1258
470451,26
470501,86
470515,19
470518,24
470542,234
470556,1137
470571,34
470621,18
470713,78
470719,20
470749,30
470756,46
470791,23
470885,17
470909,22
470923,64
470954,18
470980,40
470991,32
470999,34
471109,26
471117,18
471134,24
471178,18
471185,27
471199,20
471239,112
471285,18
471286,17
471289,18
471311,16
471319,77
471325,49
471336,19
471426,38
471434,26
471488,32
471492,326
471601,28
471603,74
471651,19
471664,29
471756,75
471757,27
471800,25
471809,31
471816,27
471826,17
471863,35
471887,22
471892,22
471973,22
472063,55
472095,47
472161,35
472230,18
472249,21
472280,19
472313,26
472329,23
472351,28
472353,26
472354,26
472401,36
472404,43
472424,52
472450,197
472481,17
472485,17
472507,33
472508,33
472515,37
472594,16
472620,37
472652,23
472727,29
472734,39
472737,17
472765,44
472790,36
472797,35
472813,33
472864,24
472887,26
472901,108
472982,34
472996,51
473009,469
473058,20
473080,28
473089,25
473102,35
473103,82
473114,64
473169,28
473180,72
473233,24
473234,113
473262,48
473264,18
473285,40
473291,20
473302,40
473329,71
473331,19
473332,17
473479,28
473488,33
473519,34
473591,21
473593,28
473613,18
473614,17
473655,17
473682,17
473724,16
473734,64
473767,18
473777,26
473807,28
473837,40
473858,59
473878,110
473899,19
473906,54
473916,76
473982,84
474005,45
474042,19
474057,34
474070,112
474087,22
474104,147
474138,21
474193,21
474275,22
474279,17
474290,26
474321,51
474332,20
474354,26
474383,21
474442,16
474448,30
474459,41
474499,25
474562,19
474594,37
474614,21
474626,140
474682,17
474684,159
474728,99
474739,23
474819,19
474884,57
474916,25
474954,26
475059,46
475075,16
475177,132
475254,223
475260,76
475279,142
475290,36
475298,19
475302,28
475403,26
475409,45
475438,17
475461,90
475551,94
475584,21
475587,49
475657,48
475681,27
475695,20
475793,20
475854,26
475867,18
475909,16
475957,20
475965,25
475975,72
475991,70
476022,17
476097,52
476099,20
476108,53
476159,29
476176,112
476238,17
476268,17
476275,72
476279,310
476283,20
476316,55
476339,32
476354,25
476400,80
476417,19
476425,21
476473,21
476481,80
476502,23
476606,18
476609,83
476615,21
476626,21
476672,28
476696,46
476700,26
476711,30
476727,250
476759,25
476796,33
476851,43
476889,21
476897,28
476907,23
476927,20
476956,37
476979,35
477035,31
477037,22
477046,3308
477060,29
477070,411
477073,17
477119,22
477168,100
477169,31
477173,16
477201,19
477252,23
477269,34
477277,24
477305,65
477324,28
477355,31
477370,19
477373,17
477380,19
477428,17
477451,23
477478,62
477500,30
477516,18
477626,60
477643,24
477663,72
477741,34
477745,22
477822,95
477857,27
477875,78
477909,25
477941,121
477947,22
478000,19
478003,16
478049,64
478059,18
478099,35
478104,55
478123,95
478156,433
478178,21
478195,19
478197,17
478218,53
478262,17
478264,36
478282,56
478314,23
478379,68
478384,19
478421,68
478475,19
478501,16
478516,63
478520,46
478592,30
478627,22
478686,18
478689,211
478740,18
478752,69
478754,21
478766,36
478821,31
478838,18
478842,33
478860,137
478970,31
479046,28
479054,40
479090,22
479110,1376
479156,19
479178,16
479240,22
479277,23
479292,54
479302,28
479340,17
479367,18
479373,25
479376,35
479388,21
479415,250
479543,18
479545,29
479562,139
479570,28
479575,61
479624,35
479663,33
479666,838
479672,77
479677,36
479695,19
479706,6268
479716,561
479720,22
479778,195
479811,83
479820,99
479821,35
479831,160
479855,111
479880,16
479926,32
479985,45
480003,32
480004,26
480055,23
480115,19
480121,45
480154,108
480155,18
480176,27
480274,31
480286,41
480289,21
480318,21
480372,20
480443,18
480450,44
480488,22
480520,26
480640,26
480655,36
480689,35
480744,30
480752,19
480806,103
480815,21
480829,21
480884,20
480923,367
480939,24
480941,22
480953,20
480964,21
481006,35
481007,69
481050,94
481119,24
481134,45
481148,27
481161,21
481177,22
481179,18
481184,17
481195,753
481227,21
481228,19
481239,20
481246,26
481256,37
481326,34
481367,19
481403,27
481428,23
481433,20
481440,535
481444,48
481450,55
481504,19
481622,505
481625,18
481665,48
481701,18
481706,16
481722,34
481744,17
481750,46
481775,22
481813,89
481881,17
481892,23
481906,27
481936,47
481974,32
482001,32
482010,25
482033,20
482088,17
482101,29
482106,164
482116,22
482190,110
482229,20
482245,757
482251,19
482255,19
482261,56
482328,107
482353,47
482381,16
482445,28
482451,180
482486,22
482509,124
482516,46
482540,19
482577,18
482584,31
482595,21
482603,20
482616,39
482690,26
482765,28
482778,133
482785,40
482789,16
482871,73
482929,33
482949,30
482958,25
483015,17
483031,135
483043,19
483075,87
483081,79
483089,20
483102,16
483130,28
483164,137
483211,773
483235,64
483252,32
483284,16
483312,31
483336,18
483371,30
483384,20
483389,24
483391,24
483402,272
483428,54
483437,16
483478,16
483504,26
483523,271
483529,73
483563,25
483572,42
483627,16
483644,18
483672,333
483683,18
483702,159
483708,20
483712,17
483716,95
483729,23
483734,34
483747,77
483765,33
483766,38
483877,18
483961,77
484047,17
484049,18
484050,20
484166,142
484214,333
484225,21
484226,34
484227,160
484257,33
484262,25
484350,41
484397,27
484411,42
484425,43
484426,176
484434,20
484475,394
484481,30
484557,21
484579,25
484626,132
484648,16
484718,46
484723,36
484743,17
484769,113
484783,19
484821,17
484897,18
484941,423
484963,20
485015,18
485017,17
485019,22
485045,210
485091,36
485094,198
485101,19
485182,414
485195,36
485253,393
485301,38
485319,35
485399,32
485409,19
485446,16
485460,226
485493,26
485515,25
485522,18
485545,174
485552,22
485570,16
485580,21
485589,460
485609,31
485621,81
485670,102
485705,44
485729,24
485810,26
485817,65
485818,23
485820,28
485823,26
485855,48
485887,86
485968,35
485980,94
485982,57
486030,36
486135,22
486160,22
486199,95
486200,21
486220,57
486221,57
486227,25
486234,49
486263,24
486295,24
486301,42
486367,54
486442,172
486455,142
486479,18
486510,40
486527,35
486557,20
486571,53
486577,113
486638,16
486656,17
486664,43
486699,20
486723,26
486792,29
486794,671
486871,87
486908,19
486909,31
486917,131
486940,30
487015,16
487018,21
487032,23
487040,24
487076,20
487094,51
487096,24
487165,22
487176,17
487221,21
487244,32
487298,17
487300,39
487375,20
487383,67
487417,64
487421,20
487422,18
487466,447
487475,83
487495,25
487529,61
487566,98
487591,17
487606,41
487714,43
487744,36
487755,21
487796,26
487811,28
487824,44
487864,60
487911,22
487913,19
487917,18
488007,28
488114,20
488119,97
488232,61
488250,24
488252,263
488273,16
488289,25
488385,34
488411,42
488415,21
488421,18
488431,43
488448,51
488484,17
488519,22
488569,23
488638,23
488642,518
488656,29
488707,43
488734,24
488758,455
488759,18
488767,28
488841,233
488923,145
488949,23
488964,19
488980,20
488993,47
489020,17
489046,28
489072,74
489086,21
489096,17
489205,36
489208,26
489215,57
489217,37
489235,28
489236,21
489284,104
489353,2235
489404,80
489417,28
489418,21
489476,40
489529,335
489534,24
489560,16
489575,19
489631,24
489718,31
489723,25
489788,29
489799,30
489855,19
489888,42
489915,31
489935,24
489962,39
489966,18
489990,49
490016,20
490070,31
490096,27
490104,21
490153,29
490158,63
490175,25
490179,32
490227,27
490260,41
490291,140
490295,22
490300,221
490310,24
490312,684
490333,34
490340,27
490363,152
490386,71
490388,17
490401,16
490416,38
490427,16
490462,29
490473,51
490494,21
490500,23
490502,40
490568,77
490592,29
490605,65
490630,28
490654,84
490673,16
490678,141
490698,17
490728,19
490754,19
490766,23
490812,405
490846,21
490856,20
490917,70
490930,32
490931,83
490972,19
490983,20
491028,114
491059,2441
491082,441
491143,101
491146,88
491157,33
491162,72
491185,19
491196,16
491197,47
491220,33
491236,31
491237,31
491241,30
491264,28
491284,79
491285,19
491379,22
491466,79
491557,53
491568,62
491656,20
491678,20
491686,17
491740,24
491747,17
491799,32
491802,16
491827,874
491838,85
491859,18
491905,57
491935,133
491943,29
491957,19
492014,37
492020,35
492088,70
492093,35
492153,19
492209,17
492262,38
492351,303
492371,73
492407,25
492415,51
492480,55
492509,56
492512,40
492532,18
492567,31
492675,88
492680,17
492695,38
492782,36
492802,22
492852,19
492922,41
492963,22
492972,498
493023,34
493025,55
493075,42
493116,78
493117,35
493166,22
493215,22
493216,160
493222,20
493240,23
493241,35
493245,75
493257,34
493281,75
493352,22
493369,155
493378,96
493389,32
493399,49
493401,21
493419,94
493424,58
493434,21
493449,17
493458,103
493460,54
493464,17
493472,82
493476,16
493498,320
493499,21
493526,41
493542,28
493562,27
493637,24
493658,20
493702,82
493728,29
493743,17
493767,47
493808,20
493857,22
493892,32
493943,66
493973,17
493975,20
493981,21
494036,29
494066,27
494073,282
494119,29
494120,16
494128,20
494133,53
494137,29
494147,34
494153,41
494331,20
494347,17
494354,20
494365,37
494404,49
494439,90
494448,16
494457,20
494463,23
494469,19
494471,428
494556,195
494557,33
494593,30
494643,75
494644,43
494650,21
494683,17
494689,19
494691,39
494713,47
494755,29
494756,63
494786,19
494794,22
494803,39
494814,19
494848,123
494915,25
494928,17
494978,64
495025,19
495063,40
495116,30
495123,86
495139,24
495164,36
495180,20
495181,20
495192,33
495215,29
495250,27
495251,18
495265,17
495324,192
495380,27
495452,57
495517,40
495553,56
495589,32
495594,21
495619,16
495649,20
495674,25
495705,31
495736,21
495748,18
495754,297
495829,63
495832,46
495833,54
495846,40
495861,50
495926,23
495928,5240
495949,19
495963,16
495970,25
495980,16
495988,179
496045,26
496049,42
496071,41
496084,196
496087,23
496091,307
496095,16
496102,34
496137,16
496143,30
496151,20
496214,50
496222,20
496225,24
496239,17
496242,21
496244,59
496258,109
496269,30
496278,31
496301,17
496310,33
496321,28
496331,29
496363,18
496405,17
496440,19
496452,217
496477,115
496542,57
496569,63
496584,18
496585,76
496588,27
496612,869
496630,85
496638,22
496660,51
496678,45
496699,47
496706,28
496711,20
496738,43
496740,44
496759,17
496774,35
496812,1371
496815,27
496879,26
496944,28
496965,21
496977,104
497004,28
497024,48
497072,26
497124,28
497193,19
497229,30
497231,23
497280,16
497302,114
497307,18
497318,32
497338,65
497368,20
497488,20
497522,39
497523,59
497575,23
497588,19
497617,48
497637,20
497698,93
497733,16
497741,24
497786,57
497803,16
497837,33
497899,25
497910,22
497936,23
497942,76
497951,60
497958,24
497968,53
497981,16
498000,38
498017,36
498026,24
498040,44
498093,409
498109,28
498169,16
498213,29
498216,19
498249,26
498275,27
498285,267
498299,26
498319,31
498337,28
498338,80
498340,96
498346,209
498391,68
498522,21
498545,202
498548,18
498577,19
498729,34
498755,129
498800,16
498850,107
498908,21
498968,226
499006,44
499034,20
499040,31
499064,46
499065,29
499081,29
499123,32
499141,16
499159,32
499163,17
499202,85
499211,63
499229,22
499255,18
499268,20
499276,17
499278,21
499286,19
499336,18
499385,1797
499400,346
499411,16
499434,16
499453,66
499454,25
499475,96
499505,31
499512,40
499520,22
499557,22
499578,16
499590,17
499595,37
499603,17
499616,23
499664,79
499685,45
499697,21
499705,18
499757,23
499815,604
499889,267
499894,38
499914,550
499916,120
499951,16
499969,32
500004,17
500048,22
500050,24
500052,57
500068,18
500091,34
500145,57
500146,38
500160,471
500216,16
500220,23
500221,24
500227,19
500239,17
500294,41
500297,19
500323,72
500328,94
500334,493
500395,17
500421,98
500436,215
500483,88
500484,22
500500,16
500511,39
500565,29
500606,23
500666,31
500685,30
500693,16
500708,17
500758,32
500781,25
500783,17
500797,36
500830,66
500853,16
500888,27
500901,25
500914,30
500950,24
500983,27
501018,47
501028,66
501042,16
501043,16
501054,18
501167,23
501193,36
501240,56
501255,16
501274,18
501288,38
501291,67
501315,20
501364,19
501365,48
501387,26
501443,49
501493,18
501497,23
501520,40
501571,27
501585,733
501598,18
501634,77
501636,260
501651,19
501689,17
501728,302
501744,44
501757,16
501801,1215
501814,215
501840,22
501847,42
501880,24
501899,26
502029,30
502036,29
502052,57
502079,104
502092,49
502098,89
502103,24
502128,187
502132,42
502146,53
502178,23
502190,34
502220,20
502268,21
502318,308
502325,21
502356,20
502373,137
502379,191
502386,23
502394,20
502418,34
502476,23
502485,1180
502504,56
502582,45
502629,21
502711,27
502738,17
502751,76
502776,89
502792,31
502815,32
502822,28
502841,31
502847,71
502867,25
502879,30
502880,19
502923,108
502942,17
502949,16
502959,60
503017,49
503035,159
503066,24
503144,18
503145,33
503146,56
503221,32
503234,210
503241,34
503277,16
503287,41
503322,30
503325,45
503438,25
503461,37
503495,23
503513,31
503643,23
503658,141
503674,26
503702,16
503705,32
503721,16
503745,17
503764,19
503769,17
503858,80
503859,17
503869,21
503949,19
504032,18
504046,40
504049,62
504107,19
504116,72
504143,26
504146,16
504185,64
504247,26
504307,20
504315,28
504335,98
504336,44
504337,72
504372,57
504408,64
504440,46
504454,36
504488,26
504618,19
504696,71
504731,305
504735,19
504789,26
504854,52
504873,18
504877,36
504900,16
504934,19
504937,65
504940,99
504979,17
505012,3597
505031,8992
505076,24
505084,24
505100,22
505128,17
505129,815
505223,277
505256,50
505329,25
505353,23
505377,47
505378,194
505379,20
505390,37
505393,58
505409,23
505424,18
505437,25
505487,56
505522,797
505533,17
505616,24
505625,17
505661,28
505725,23
505740,26
505743,122
505751,24
505760,18
505768,27
505779,16
505786,361
505798,26
505830,24
505832,25
505856,26
505862,43
505875,24
505913,28
505976,35
505984,18
506002,29
506079,70
506164,33
506165,21
506195,17
506204,57
506365,18
506398,162
506468,36
506485,17
506495,19
506503,20
506518,20
506559,26
506566,17
506597,36
506666,19
506670,17
506691,63
506793,108
506802,38
506841,64
506861,49
506923,16
506924,28
506950,35
506964,26
506978,17
507006,16
507067,88
507085,20
507090,19
507114,25
507141,62
507191,17
507230,17
507261,21
507324,17
507352,117
507356,27
507380,73
507383,117
507396,217
507449,30
507516,19
507521,36
507598,22
507636,18
507687,181
507713,34
507746,20
507775,373
507785,20
507825,16
507900,19
507906,26
507950,26
507956,23
507982,38
507992,17
508009,19
508024,35
508057,24
508076,51
508079,27
508083,211
508088,83
508091,74
508130,19
508131,21
508141,1509
508144,22
508151,17
508152,19
508158,29
508264,50
508300,25
508304,18
508312,23
508314,18
508316,20
508332,34
508350,27
508360,263
508371,309
508408,987
508412,19
508458,25
508540,561
508546,35
508566,23
508574,88
508639,74
508706,24
508739,43
508755,30
508837,20
508860,35
508873,56
508882,16
508923,137
508984,18
509166,21
509171,32
509180,18
509200,17
509247,28
509256,35
509267,18
509301,18
509327,30
509332,23
509335,20
509395,236
509404,17
509493,24
509542,16
509562,27
509634,25
509690,20
509708,19
509786,19
509870,54
509897,20
509989,141
509996,28
510031,19
510040,32
510054,26
510072,426
510087,38
510146,21
510195,26
510198,94
510212,61
510219,28
510252,56
510265,159
510271,17
510272,18
510280,17
510281,20
510299,225
510303,52
510304,19
510316,290
510339,29
510360,111
510363,22
510370,176
510387,252
510401,26
510404,123
510405,36
510435,20
510448,30
510449,24
510457,19
510504,22
510517,19
510550,41
510557,16
510587,19
510633,20
510638,248
510747,23
510757,32
510761,90
510829,18
510905,20
510909,20
510913,77
510915,31
510918,62
510930,20
510941,51
510965,102
510969,465
510982,19
510992,22
511004,17
511048,23
511100,20
511102,23
511164,23
511180,20
511223,24
511268,23
511289,83
511298,33
511302,17
511303,28
511305,18
511320,1160
511330,39
511345,296
511353,23
511366,19
511368,21
511412,34
511429,17
511443,68
511450,68
511487,43
511497,18
511498,21
511513,16
511522,161
511595,44
511617,29
511644,243
511663,33
511732,95
511782,87
511789,22
511808,36
511832,25
511862,45
511865,20
511890,177
511935,99
511959,18
511980,974
512021,34
512061,31
512130,20
512131,81
512148,112
512165,18
512239,24
512307,24
512335,17
512382,33
512413,349
512415,35
512448,470
512482,19
512495,35
512519,30
512533,25
512543,18
512548,30
512568,23
512583,27
512602,31
512656,49
512690,24
512763,19
512767,173
512774,34
512775,25
512825,25
512933,17
512960,29
512999,56
513007,16
513019,49
513073,32
513081,30
513097,17
513118,26
513145,67
513156,23
513185,41
513207,17
513236,55
513253,24
513269,35
513271,19
513281,25
513348,26
513376,25
513468,16
513484,21
513495,69
513500,46
513508,300
513518,18
513585,91
513586,126
513606,122
513636,22
513649,73
513669,23
513685,28
513712,18
513728,32
513730,19
513739,33
513772,158
513797,31
513870,207
513909,19
513911,118
513946,19
513951,300
513976,20
514006,331
514023,332
514033,76
514084,24
514096,24
514124,23
514148,18
514156,16
514166,23
514195,22
514196,23
514244,264
514263,28
514272,609
514301,31
514324,75
514329,25
514345,31
514350,131
514356,26
514363,23
514390,49
514407,41
514433,20
514445,23
514451,23
514477,45
514484,46
514500,34
514515,204
514516,195
514551,18
514559,32
514572,43
514573,101
514578,110
514628,31
514666,40
514689,21
514727,21
514733,22
514831,60
514892,20
514917,17
514987,34
514993,20
515135,33
515204,19
515205,46
515227,147
515254,36
515256,24
515268,30
515278,20
515293,30
515301,27
515351,99
515353,23
515356,342
515358,26
515369,34
515370,51
515376,155
515382,34
515399,111
515410,25
515468,18
515517,34
515561,32
515596,2597
515599,23
515618,62
515622,64
515683,65
515763,158
515807,37
515925,24
516047,108
516135,34
516203,38
516222,25
516245,24
516254,37
516272,37
516287,17
516304,76
516324,22
516415,40
516462,33
516482,22
516501,32
516524,33
516567,27
516581,27
516583,17
516594,16
516636,20
516685,52
516763,16
516816,169
516876,316
516905,37
516920,17
516927,111
516990,144
517044,17
517045,18
517052,26
517075,24
517106,26
517117,20
517119,20
517138,16
517172,22
517196,28
517214,19
517220,18
517251,53
517263,72
517290,17
517302,29
517323,151
517364,20
517403,16
517404,20
517430,19
517435,215
517449,88
517465,22
517475,16
517486,41
517503,28
517524,35
517532,21
517533,66
517544,24
517563,118
517589,175
517611,40
517632,44
517692,16
517706,23
517742,23
517763,35
517825,19
517838,30
517882,38
517894,32
517919,20
517927,17
517944,16
517981,20
517989,16
517990,40
518062,18
518063,24
518064,23
518126,2027
518147,26
518183,17
518189,43
518202,74
518252,115
518259,17
518272,24
518274,62
518299,38
518338,16
518360,18
518362,26
518399,46
518403,51
518419,253
518467,52
518482,26
518504,31
518533,21
518537,17
518626,18
518646,73
518650,62
518653,42
518691,20
518702,117
518704,149
518712,76
518728,43
518795,19
518811,24
518881,16
518896,65
518907,301
518936,34
518963,19
518996,30
519010,73
519028,24
519050,48
519070,122
519071,16
519108,29
519146,18
519147,23
519158,866
519164,20
519193,33
519268,64
519273,25
519292,25
519346,25
519353,1852
519358,339
519445,37
519454,33
519505,23
519517,83
519536,17
519537,32
519538,20
519583,29
519598,28
519605,28
519630,22
519657,31
519692,22
519754,440
519776,93
519786,27
519795,49
519827,25
519848,76
519853,21
519910,21
519929,16
519946,29
519955,31
519963,39
519981,35
519982,53
520051,18
520055,18
520133,28
520136,29
520188,16
520203,41
520231,83
520269,22
520288,42
520342,38
520391,34
520445,77
520480,56
520501,17
520502,670
520510,26
520514,26
520515,35
520538,16
520555,18
520565,25
520606,25
520656,58
520690,727
520694,28
520724,20
520754,16
520759,35
520767,38
520825,17
520862,50
520889,99
520911,17
520912,23
520958,17
520986,35
521002,116
521065,35
521102,26
521142,20
521162,65
521174,26
521225,66
521226,24
521268,17
521269,187
521312,17
521314,92
521369,40
521383,156
521417,27
521446,35
521536,67
521608,696
521630,171
521637,70
521662,17
521681,21
521722,42
521733,18
521735,16
521743,21
521801,206
521993,48
522017,89
522061,103
522118,19
522132,36
522145,66
522244,16
522260,39
522261,22
522296,20
522318,18
522347,32
522371,38
522394,815
522398,16
522436,24
522487,31
522521,16
522525,920
522612,18
522623,17
522630,50
522656,67
522666,21
522680,26
522684,17
522696,35
522713,19
522736,87
522738,103
522744,16
522777,17
522791,42
522828,16
522850,17
522861,2102
522942,52
522950,48
522970,16
522992,40
523033,185
523049,19
523056,27
523059,76
523144,30
523197,20
523217,59
523218,44
523268,20
523336,46
523373,22
523477,16
523530,38
523531,19
523554,34
523556,22
523613,44
523625,23
523671,20
523701,58
523736,17
523769,45
523776,18
523786,50
523790,61
523794,58
523796,48
523804,26
523830,35
523879,21
523914,29
524014,106
524035,16
524038,24
524074,112
524256,21
524278,25
524306,52
524355,35
524356,164
524398,33
524424,91
524426,24
524441,272
524475,44
524521,167
524575,29
524578,19
524584,21
524596,60
524628,55
524648,329
524659,66
524679,31
524689,20
524690,50
524693,72
524705,246
524792,17
524794,20
524806,18
524832,28
524839,21
524841,19
524870,50
524879,20
524896,34
524919,49
524964,176
524966,115
524982,52
524998,49
525002,61
525016,48
525023,40
525052,27
525079,167
525111,23
525116,112
525120,264
525131,17
525135,118
525206,20
525214,21
525217,47
525242,33
525260,35
525268,17
525290,22
525383,22
525459,23
525466,141
525486,44
525500,55
525506,1003
525545,23
525588,47
525617,32
525633,17
525658,41
525660,18
525701,22
525707,26
525869,42
525883,485
525900,17
525945,23
525961,20
525972,31
525995,59
526003,20
526015,22
526039,17
526050,25
526084,18
526182,45
526216,17
526222,28
526278,23
526290,111
526308,114
526325,76
526347,80
526369,29
526421,54
526474,28
526519,58
526555,26
526573,76
526574,1133
526628,37
526662,25
526687,21
526698,80
526716,63
526792,17
526798,18
526808,37
526814,49
526821,98
526828,23
526829,36
526852,23
526920,20
526939,29
526943,17
526957,17
526966,25
526978,134
526982,43
527001,61
527059,83
527100,50
527134,110
527219,57
527221,24
527229,21
527238,21
527268,103
527291,25
527323,46
527346,71
527367,49
527384,16
527422,16
527427,19
527437,44
527471,75
527528,295
527542,21
527592,31
527597,52
527602,18
527606,159
527630,28
527634,27
527691,21
527729,20
527733,17
527796,37
527802,18
527886,20
527906,40
527939,32
527942,60
527964,24
528001,52
528024,120
528025,44
528039,20
528071,17
528106,17
528183,25
528184,18
528192,16
528224,22
528275,112
528349,193
528394,74
528395,104
528452,19
528496,40
528503,18
528511,91
528575,16
528586,112
528623,24
528648,22
528669,23
528707,50
528777,18
528859,493
528868,22
528880,39
528924,38
528925,34
528987,16
529010,44
529024,22
529042,26
529078,128
529082,99
529101,37
529102,41
529104,40
529106,372
529204,40
529217,20
529219,25
529234,21
529255,465
529265,23
529285,37
529300,42
529319,19
529336,34
529365,31
529378,28
529398,40
529402,38
529411,32
529412,26
529497,37
529504,20
529566,21
529569,24
529584,33
529624,37
529663,17
529712,18
529733,33
529789,265
529794,52
529796,19
529799,126
529800,37
529847,143
529889,18
529922,19
529949,83
529998,260
530005,307
530023,34
530056,92
530204,28
530229,211
530230,51
530241,26
530259,18
530297,16
530309,53
530327,31
530336,22
530391,32
530476,21
530495,33
530503,16
530560,25
530567,54
530599,31
530627,31
530666,21
530672,77
530741,18
530757,19
530808,44
530813,32
530838,45
530890,109
530937,42
530955,32
530978,18
531002,113
531014,408
531048,69
531053,24
531082,19
531195,54
531211,24
531219,18
531260,69
531274,30
531324,168
531327,20
531371,19
531380,36
531388,66
531401,18
531421,67
531430,19
531463,74
531477,20
531573,17
531607,167
531631,28
531671,32
531687,20
531713,23
531800,22
531850,18
531882,27
531908,19
531952,20
531967,19
531976,20
531985,17
532005,7827
532107,57
532178,16
532246,83
532252,17
532261,98
532302,16
532328,282
532373,37
532381,17
532390,719
532434,1232
532515,58
532528,62
532608,25
532613,23
532614,16
532679,28
532695,29
532703,18
532748,36
532775,42
532778,16
532833,48
532860,37
532870,25
532887,79
532938,28
532990,16
532997,48
533000,52
533010,974
533018,21
533053,16
533062,29
533070,1236
533088,61
533089,30
533094,28
533145,57
533161,34
533272,72
533278,28
533288,19
533290,20
533308,31
533311,18
533338,152
533343,22
533344,27
533365,20
533446,63
533455,18
533497,29
533516,22
533546,17
533589,18
533627,44
533638,18
533658,23
533669,32
533679,76
533722,26
533726,373
533731,52
533745,37
533750,36
533755,44
533781,130
533782,81
533786,176
533836,33
533862,34
533901,20
533924,21
533942,17
533971,26
534011,24
534078,16
534236,60
534330,18
534331,58
534334,32
534356,45
534366,101
534387,31
534402,54
534403,61
534405,44
534440,214
534444,63
534554,39
534580,17
534781,20
534792,377
534801,134
534833,30
534874,19
534888,28
534925,39
534932,25
535008,17
535041,23
535050,97
535101,30
535122,22
535144,33
535202,26
535273,29
535275,18
535281,46
535287,39
535323,19
535374,20
535393,43
535414,22
535416,23
535429,22
535430,103
535455,48
535528,27
535553,18
535611,17
535634,16
535667,19
535672,82
535682,16
535708,2618
535731,68
535751,30
535898,94
535906,21
535936,122
536021,45
536039,92
536087,64
536094,23
536105,2938
536111,17
536167,222
536219,2885
536233,30
536244,127
536284,24
536292,34
536337,105
536342,22
536462,64
536463,41
536479,9649
536482,20
536489,130
536522,56
536539,55
536562,268
536624,34
536658,23
536826,30
536839,35
536853,29
536863,16
536900,1694
536911,1099
536969,27
536994,16
537010,24
537018,17
537051,44
537095,86
537166,24
537197,17
537238,18
537251,17
537254,17
537264,29
537273,248
537302,111
537346,24
537347,39
537349,225
537412,25
537429,25
537436,58
537460,376
537468,46
537479,25
537534,21
537538,88
537564,17
537573,16
537574,19
537604,19
537677,22
537732,20
537747,105
537772,27
537799,26
537810,22
537821,52
537846,16
537952,18
537953,26
537987,133
538143,22
538162,17
538185,32
538216,43
538237,55
538241,51
538265,16
538289,50
538310,43
538318,26
538326,68
538332,32
538336,25
538359,70
538388,71
538427,86
538456,71
538485,72
538578,36
538590,20
538650,21
538651,18
538693,24
538702,27
538761,23
538763,16
538790,48
538824,17
538875,24
538913,16
538950,32
538951,24
538986,21
539024,28
539026,64
539037,16
539041,22
539044,34
539056,17
539124,24
539132,60
539162,90
539181,30
539218,19
539241,28
539251,30
539293,108
539326,23
539357,17
539364,24
539394,38
539406,26
539425,26
539433,29
539445,20
539460,38
539497,23
539524,18
539535,16
539557,1264
539645,17
539657,38
539676,33
539703,1791
539721,16
539749,82
539750,33
539763,33
539777,20
539789,37
539817,93
539861,174
539868,335
539905,19
539937,38
539996,64
540062,19
540094,47
540117,27
540132,39
540199,140
540270,18
540285,19
540302,33
540320,19
540322,36
540372,79
540393,28
540401,34
540448,101
540466,88
540574,24
540585,65
540632,97
540650,19
540660,41
540666,17
540685,31
540686,17
540725,16
540728,160
540755,19
540758,83
540769,16
540774,567
540819,16
540839,18
540889,18
540905,39
540944,42
541012,22
541029,106
541063,23
541064,18
541101,24
541107,43
541133,18
541197,305
541222,37
541283,22
541314,31
541386,24
541387,78
541543,19
541572,21
541584,410
541587,18
541602,288
541610,119
541637,24
541646,34
541668,44
541742,51
541818,20
541819,17
541864,32
541870,57
541904,85
541911,71
541972,16
541974,20
541975,31
542017,42
542105,20
542108,28
542188,39
542199,22
542201,20
542243,24
542256,19
542284,26
542391,295
542418,75
542444,78
542568,115
542584,23
542614,186
542641,60
542666,30
542699,38
542718,16
542719,44
542773,78
542794,24
542807,65
542812,63
542813,32
542857,29
542878,32
542917,18
542953,107
542989,21
543017,20
543053,37
543086,38
543103,43
543136,51
543183,36
543187,17
543247,31
543258,23
543263,40
543280,54
543281,35
543282,215
543340,39
543388,19
543421,86
543440,60
543448,78
543481,21
543497,27
543509,17
543521,207
543532,47
543566,23
543567,19
543568,76
543588,55
543632,22
543639,19
543653,230
543695,85
543703,46
543763,18
543825,22
543829,60
543832,16
543845,40
543894,18
543905,50
543927,89
543959,44
543963,47
544050,18
544074,24
544118,21
544128,18
544129,37
544135,160
544136,16
544184,143
544187,49
544233,16
544274,31
544301,33
544305,18
544363,27
544378,31
544493,37
544497,18
544534,101
544547,65
544554,35
544576,60
544580,41
544595,36
544606,18
544636,30
544646,23
544654,54
544798,18
544829,35
544837,38
544889,28
544892,27
544976,70
544979,234
544992,25
545000,25
545016,17
545030,20
545033,45
545043,24
545080,103
545081,43
545083,56
545181,28
545198,94
545222,17
545228,56
545255,31
545269,22
545318,622
545325,31
545351,22
545352,21
545358,36
545480,21
545543,23
545555,69
545572,21
545647,28
545662,19
545692,19
545715,26
545741,49
545773,173
545835,40
545878,98
545901,119
545906,27
545972,89
545985,50
545995,29
546008,80
546026,52
546091,25
546189,109
546202,66
546254,202
546311,17
546330,20
546376,46
546381,43
546388,55
546397,26
546443,195
546482,23
546496,28
546507,31
546551,35
546575,50
546622,20
546661,31
546662,444
546703,20
546726,94
546793,119
546801,22
546808,37
546810,100
546839,33
546869,17
546927,50
546942,192
546982,104
547020,147
547088,21
547103,48
547106,42
547111,28
547148,54
547188,55
547198,39
547213,28
547216,49
547277,18
547281,19
547286,98
547331,62
547363,73
547435,21
547465,19
547474,55
547485,42
547560,19
547567,22
547573,20
547582,79
547586,49
547620,1584
547638,40
547652,22
547735,16
547745,155
547755,38
547795,81
547806,16
547827,111
547851,36
547865,37
547873,22
547883,18
547940,46
547944,160
548020,17
548073,38
548100,407
548103,40
548110,19
548126,17
548140,84
548201,26
548235,22
548250,82
548268,19
548280,185
548287,25
548301,126
548330,100
548354,141
548374,30
548378,32
548444,20
548473,62
548480,24
548669,21
548671,75
548735,24
548806,55
548811,38
548855,24
548863,16
548869,35
548898,16
548920,19
548928,31
548933,25
548936,19
548970,17
548971,23
548979,17
548986,27
548997,17
549000,30
549027,23
549051,23
549086,19
549088,2822
549123,59
549157,71
549193,45
549207,17
549235,18
549308,16
549342,25
549388,25
549410,29
549437,38
549441,19
549446,751
549475,29
549478,481
549541,20
549555,63
549568,22
549636,177
549646,346
549676,33
549695,102
549800,34
549811,154
549883,48
549917,72
549925,29
550013,26
550017,19
550035,60
550045,20
550065,85
550146,25
550181,17
550331,51
550361,18
550388,16
550402,48
550431,26
550444,17
550504,42
550703,16
550748,39
550774,100
550796,21
550813,33
550829,23
550860,99
550865,34
550866,19
550892,29
550930,50
550945,57
551017,128
551219,33
551360,20
551379,62
551457,26
551484,19
551512,20
551515,17
551523,33
551525,344
551526,22
551532,2826
551547,74
551560,132
551590,50
551599,19
551635,20
551682,21
551683,25
551697,20
551849,39
551850,79
551875,43
551929,185
551975,89
551979,16
552053,79
552110,26
552119,40
552191,18
552198,61
552216,20
552239,17
552243,50
552294,128
552310,46
552330,60
552360,84
552412,162
552441,44
552499,20
552522,205
552543,19
552554,34
552567,21
552571,50
552585,16
552587,24
552597,22
552603,23
552649,68
552738,32
552760,16
552788,19
552821,29
552835,16
552841,26
552848,23
552892,28
552893,53
552989,165
553069,48
553074,40
553103,46
553106,53
553142,30
553203,35
553324,48
553339,17
553355,24
553430,21
553493,17
553519,16
553529,795
553552,16
553555,33
553606,177
553655,22
553672,75
553705,44
553716,34
553776,19
553794,105
553824,32
553846,37
553853,16
553864,23
553865,41
553892,76
553905,21
553912,16
553927,17
553941,44
553956,156
553962,31
553981,22
554002,68
554028,36
554032,24
554033,55
554054,80
554088,23
554140,20
554151,49
554172,38
554218,98
554262,22
554273,17
554275,61
554303,18
554345,24
554355,25
554370,611
554371,16
554381,16
554445,72
554469,23
554493,516
554495,28
554523,135
554546,83
554557,32
554614,26
554617,154
554625,20
554635,20
554639,22
554676,31
554682,16
554689,30
554715,26
554719,43
554762,29
554797,26
554874,22
554880,47
554890,32
554939,27
554962,90
554998,17
555044,17
555057,34
555106,31
555107,28
555113,82
555118,18
555138,47
555151,19
555172,30
555199,23
555262,31
555335,16
555340,26
555352,33
555379,21
555383,27
555462,19
555468,26
555470,35
555472,30
555473,33
555483,42
555504,43
555550,222
555556,27
555558,17
555561,17
555611,47
555695,19
555702,23
555714,64
555719,51
555772,18
555775,25
555897,17
555917,181
556025,54
556131,62
556143,68
556162,36
556164,106
556191,17
556206,19
556227,18
556233,120
556240,52
556251,139
556254,16
556265,27
556269,42
556271,22
556325,69
556354,21
556365,247
556376,17
556386,115
556418,17
556472,33
556476,22
556512,18
556619,20
556697,358
556724,47
556774,23
556784,18
556809,17
556925,16
556949,105
556952,28
556966,20
557012,35
557027,18
557038,19
557062,407
557098,70
557124,45
557155,335
557173,28
557184,79
557193,17
557208,23
557235,17
557239,24
557257,102
557261,21
557262,228
557328,21
557337,24
557362,26
557445,90
557459,52
557474,150
557478,47
557491,17
557492,1533
557493,175
557523,47
557556,93
557648,30
557682,23
557696,24
557722,16
557763,20
557785,102
557804,38
557843,69
557845,16
557857,16
557860,83
557950,41
558004,23
558017,54
558085,67
558086,21
558152,23
558199,21
558221,16
558259,22
558316,17
558414,41
558473,26
558478,19
558479,24
558480,21
558571,18
558582,24
558642,41
558675,792
558682,18
558708,53
558722,66
558741,41
558760,36
558761,23
558768,18
558782,23
558841,106
558874,16
558886,136
558894,19
559003,28
559011,43
559039,16
559109,18
559169,17
559170,32
559215,22
559218,229
559228,32
559239,27
559287,23
559291,26
559311,116
559321,42
559329,19
559339,40
559358,26
559369,32
559446,20
559510,65
559511,52
559542,41
559551,21
559567,241
559579,17
559625,23
559636,28
559661,32
559685,70
559688,38
559803,207
559918,69
559926,19
559952,17
559960,31
559961,218
559978,211
560001,17
560015,18
560065,19
560086,39
560101,30
560103,40
560113,19
560194,21
560278,16
560284,104
560292,19
560317,182
560345,717
560426,18
560434,104
560444,24
560489,37
560497,72
560590,100
560593,35
560608,183
560611,132
560638,379
560653,31
560698,51
560748,23
560754,175
560755,17
560808,50
560816,37
560857,52
560880,39
560887,17
560937,24
560943,19
560950,17
560974,19
561018,16
561027,222
561046,18
561083,18
561096,31
561120,32
561193,24
561267,529
561283,27
561307,25
561321,173
561351,26
561369,39
561416,31
561417,2836
561447,24
561450,22
561486,25
561492,90
561500,41
561564,16
561565,26
561593,18
561618,61
561628,25
561685,21
561740,27
561801,30
561808,23
561823,18
561850,29
561892,19
561897,1412
561944,47
561968,94
561999,44
562005,24
562124,18
562154,21
562204,18
562288,85
562318,20
562356,86
562383,68
562425,17
562431,16
562433,17
562485,38
562500,30
562512,31
562531,23
562544,94
562566,36
562571,19
562613,20
562615,23
562740,47
562745,20
562755,35
562801,17
562817,26
562840,32
562860,175
563001,20
563049,350
563076,33
563145,19
563174,58
563207,22
563215,16
563307,41
563336,23
563386,54
563387,23
563388,19
563407,45
563409,115
563418,42
563480,19
563494,20
563538,31
563572,40
563590,893
563600,27
563620,19
563634,1392
563638,59
563639,22
563681,18
563688,18
563692,68
563707,20
563712,26
563722,19
563773,133
563787,24
563812,17
563871,19
563880,20
563958,31
563982,24
564014,39
564028,239
564051,22
564086,1790
564090,46
564104,38
564198,71
564208,24
564232,44
564237,21
564246,41
564273,33
564355,21
564400,21
564455,16
564464,59
564510,18
564538,5584
564568,20
564653,37
564761,19
564787,23
564788,66
564827,31
564829,185
564861,72
564892,25
564944,19
564951,29
564957,19
564997,18
565015,27
565050,16
565056,16
565068,16
565069,48
565090,161
565104,19
565120,162
565124,50
565127,36
565131,219
565132,36
565144,115
565169,40
565171,26
565193,20
565238,110
565248,41
565256,106
565263,23
565292,16
565325,203
565363,26
565372,36
565373,79
565446,17
565467,19
565503,40
565522,34
565530,182
565531,17
565548,25
565556,20
565565,332
565577,18
565581,81
565632,35
565652,26
565664,42
565668,58
565709,71
565711,24
565731,42
565739,180
565747,73
565765,23
565830,23
565858,31
565893,19
565963,33
565980,106
565989,18
566034,54
566092,23
566126,23
566145,22
566197,84
566246,38
566282,17
566309,82
566340,29
566491,26
566505,20
566521,145
566530,45
566538,40
566543,188
566557,64
566569,29
566590,78
566597,82
566613,83
566621,26
566643,25
566670,18
566677,267
566708,17
566714,122
566723,27
566812,26
566877,23
566882,223
566883,17
566890,59
566918,19
566973,95
566996,22
567041,21
567061,24
567065,16
567134,38
567140,177
567164,38
567199,36
567214,35
567221,208
567238,18
567250,17
567251,24
567276,23
567293,87
567295,29
567301,44
567308,56
567316,39
567322,16
567347,21
567383,216
567419,41
567505,19
567544,60
567551,58
567552,36
567567,24
567571,25
567613,24
567702,59
567739,46
567743,44
567778,24
567788,17
567819,18
567850,30
567853,83
567876,22
567885,17
567896,23
567900,42
567901,20
567925,20
567946,47
567985,30
567998,56
568051,142
568075,18
568076,21
568081,49
568106,57
568165,74
568187,48
568198,21
568371,35
568378,31
568419,58
568461,19
568488,37
568555,25
568557,28
568569,31
568615,225
568709,37
568762,19
568827,112
568844,40
568869,1539
568918,17
568936,18
568958,18
568992,22
569001,16
569004,39
569028,46
569173,52
569188,17
569206,21
569231,39
569240,23
569298,49
569322,25
569328,23
569361,331
569386,21
569401,31
569416,19
569451,28
569508,264
569523,18
569640,76
569669,31
569760,84
569766,95
569775,20
569816,138
569836,18
569837,17
569850,18
569856,24
569857,21
569869,59
569872,34
569875,19
569910,32
569911,19
569930,26
569970,41
569973,16
569980,17
569998,96
570006,125
570073,97
570089,33
570121,40
570171,17
570191,29
570195,24
570235,168
570256,31
570258,18
570291,51
570358,65
570392,16
570394,17
570410,16
570446,33
570477,40
570525,25
570535,27
570544,24
570552,18
570564,25
570565,48
570596,44
570609,18
570612,23
570629,19
570639,32
570644,29
570647,17
570648,26
570650,28
570692,18
570711,21
570716,27
570734,30
570735,17
570778,23
570810,17
570838,20
570846,37
570864,16
570905,22
570942,41
570991,27
571011,47
571086,41
571110,16
571111,45
571217,31
571226,57
571248,16
571252,17
571256,16
571282,32
571309,30
571325,25
571327,18
571335,18
571337,17
571340,18
571360,19
571363,33
571388,119
571394,22
571401,70
571429,21
571442,19
571445,18
571488,17
571530,29
571547,115
571578,53
571668,21
571682,229
571689,20
571714,26
571797,33
571801,145
571820,42
571853,74
571869,22
571877,370
571886,71
571890,18
571898,17
571938,31
571945,60
571985,17
572003,28
572032,25
572053,62
572095,53
572110,28
572150,16
572155,1265
572171,25
572197,44
572296,17
572300,37
572321,226
572348,17
572353,33
572385,38
572457,34
572463,139
572466,27
572467,40
572477,24
572493,114
572496,27
572602,18
572637,33
572645,80
572659,26
572667,21
572669,16
572674,22
572675,24
572694,22
572703,50
572727,18
572798,110
572829,44
572835,22
572850,1036
572862,169
572882,20
572884,25
572921,23
572944,31
572956,16
572976,44
573041,30
573042,21
573048,31
573076,46
573078,19
573114,19
573120,47
573143,45
573189,23
573372,18
573393,28
573439,16
573456,27
573472,22
573503,37
573530,24
573576,47
573708,17
573715,18
573783,189
573784,17
573799,80
573801,26
573805,35
573820,29
573854,20
573863,19
573895,55
573964,18
574001,17
574007,16
574008,20
574022,27
574102,18
574135,1657
574157,23
574163,66
574171,57
574201,3332
574249,16
574250,276
574280,36
574317,41
574322,92
574379,19
574405,20
574411,20
574459,18
574496,277
574532,17
574540,18
574578,108
574616,65
574636,48
574726,25
574728,20
574789,48
574802,259
574804,63
574826,28
574857,81
574878,34
574926,62
574940,26
574952,17
574959,20
574960,19
575022,20
575024,53
575040,45
575053,18
575054,78
575128,20
575132,22
575152,21
575165,17
575189,55
575251,22
575257,16
575290,23
575321,51
575328,17
575335,83
575393,44
575415,75
575458,31
575530,18
575559,85
575580,22
575581,21
575613,30
575619,19
575657,55
575714,269
575734,51
575737,25
575752,31
575801,34
575802,26
575808,17
575850,109
575866,65
575885,20
575922,24
575932,32
575967,18
576016,19
576018,71
576026,18
576142,16
576170,23
576180,19
576194,24
576213,38
576239,60
576267,27
576285,17
576291,62
576314,20
576362,21
576416,379
576418,17
576430,909
576463,29
576530,87
576540,34
576565,36
576571,16
576619,17
576635,50
576673,171
576685,34
576691,21
576698,18
576699,19
576726,52
576756,220
576760,66
576765,30
576774,59
576790,310
576794,64
576801,118
576820,18
576821,43
576907,200
576932,48
576958,9541
576982,53
576985,21
577015,69
577041,26
577051,35
577074,18
577101,22
577102,27
577116,19
577134,256
577142,18
577181,30
577182,101
577228,37
577282,31
577299,27
577320,31
577327,77
577356,39
577357,20
577364,50
577381,17
577469,284
577472,30
577476,50
577483,23
577519,57
577541,137
577554,133
577584,138
577585,84
577620,26
577626,20
577639,33
577662,219
577684,23
577708,259
577757,94
577773,20
577816,24
577823,63
577855,151
577952,26
577961,21
577974,19
577987,58
578017,55
578056,25
578124,240
578194,73
578195,69
578263,22
578277,83
578352,17
578412,18
578431,19
578531,88
578555,99
578619,46
578640,20
578644,30
578659,58
578662,16
578684,119
578738,18
578755,36
578772,16
578788,17
578796,185
578810,27
578812,28
578850,28
578965,50
578974,70
578982,62
578989,151
579015,147
579052,20
579055,30
579060,102
579152,26
579223,23
579278,64
579301,16
579396,26
579409,21
579457,32
579568,36
579637,18
579684,23
579708,16
579757,17
579773,30
579782,114
579864,32
579895,22
579926,17
579953,20
580036,21
580096,31
580108,21
580173,75
580181,22
580217,20
580241,46
580272,139
580407,46
580442,58
580445,18
580518,17
580524,31
580558,111
580589,23
580590,42
580597,30
580600,30
580617,72
580641,32
580653,591
580715,39
580731,27
580766,107
580781,29
580792,28
580844,297
580850,21
580857,50
580868,27
580881,62
580900,17
580917,28
580939,68
580944,323
580986,22
581051,44
581138,38
581146,52
581151,18
581179,22
581206,19
581230,22
581257,32
581258,106
581311,18
581351,58
581354,168
581356,17
581360,89
581367,31
581377,175
581409,131
581480,38
581587,24
581592,38
581599,164
581604,17
581626,368
581685,17
581699,23
581724,17
581760,44
581792,132
581796,62
581814,72
581863,125
581871,45
581890,31
581901,29
581955,40
581989,52
582016,25
582024,27
582043,38
582089,18
582090,21
582113,19
582186,18
582200,18
582203,28
582212,68
582241,27
582274,40
582280,29
582399,17
582450,25
582464,26
582468,32
582471,59
582506,20
582517,92
582608,41
582643,196
582734,41
582786,20
582803,144
582855,25
582881,457
582892,25
582969,828
583001,20
583012,17
583026,74
583048,16
583049,34
583069,16
583126,38
583134,844
583172,29
583210,17
583275,17
583300,16
583326,18
583345,21
583371,19
583418,352
583443,17
583480,51
583481,61
583589,23
583621,22
583661,18
583672,268
583747,20
583754,30
583758,49
583769,19
583791,197
583809,22
583866,19
583907,90
583958,59
583969,24
583997,69
584052,20
584082,32
584092,53
584113,31
584253,71
584289,21
584291,19
584317,37
584325,77
584329,72
584386,29
584394,17
584415,28
584423,16
584482,20
584561,22
584564,19
584568,16
584576,19
584591,28
584592,244
584641,19
584665,25
584709,28
584744,30
584753,20
584776,63
584804,56
584865,19
584882,1058
584894,16
584947,81
585036,70
585048,20
585053,122
585071,211
585078,196
585093,19
585100,39
585162,32
585202,33
585219,17
585238,43
585264,16
585308,26
585330,22
585472,23
585491,97
585507,30
585583,17
585643,17
585652,36
585668,35
585689,19
585700,35
585724,99
585781,22
585799,24
585800,28
585824,19
585888,38
585903,17
585912,22
585934,21
585958,21
585959,21
586045,28
586132,114
586137,97
586164,29
586172,32
586237,16
586245,64
586291,24
586312,21
586320,61
586391,18
586446,25
586449,1341
586457,44
586470,17
586472,27
586474,19
586513,33
586544,56
586586,18
586632,644
586704,62
586713,43
586724,17
586733,20
586746,22
586793,100
586802,90
586822,28
586839,34
586852,142
586889,20
586925,71
586953,62
586992,50
586994,398
587001,355
587002,20
587015,86
587045,22
587047,22
587075,17
587082,34
587092,21
587122,28
587164,46
587184,27
587209,87
587288,17
587342,54
587387,103
587402,18
587436,24
587445,17
587483,33
587484,43
587606,24
587628,16
587664,27
587692,22
587745,37
587748,89
587751,18
587752,33
587792,234
587852,30
587855,63
587883,264
587892,63
587943,20
587944,28
587945,17
587948,19
587961,296
587977,19
587981,56
588036,21
588039,20
588046,22
588079,33
588082,48
588083,29
588093,29
588193,23
588268,36
588286,25
588290,19
588303,188
588311,21
588344,20
588349,48
588350,55
588395,21
588465,23
588466,18
588473,66
588597,33
588637,363
588661,20
588703,35
588724,18
588733,30
588735,100
588831,58
588849,30
588866,42
588922,50
588938,36
588977,17
588989,64
588991,28
589029,20
589030,17
589067,20
589114,20
589142,21
589176,39
589188,22
589288,28
589322,26
589402,71
589422,71
589459,18
589506,20
589524,25
589559,89
589569,20
589578,29
589590,16
589601,23
589626,27
589657,117
589663,29
589680,34
589755,22
589764,58
589772,28
589804,66
589810,667
589874,30
589949,80
590047,24
590150,51
590153,33
590234,87
590242,29
590264,22
590278,37
590316,17
590345,86
590388,22
590413,51
590420,28
590427,45
590468,27
590486,28
590504,17
590513,19
590521,307
590575,27
590581,19
590645,18
590683,17
590687,21
590733,21
590740,19
590754,77
590763,370
590804,28
590830,23
590881,41
590917,34
590937,19
590939,314
590944,84
591056,106
591086,22
591117,18
591147,910
591177,56
591240,121
591247,44
591276,17
591280,19
591290,60
591463,18
591565,44
591582,57
591596,18
591609,28
591619,30
591658,18
591703,68
591749,40
591784,74
591817,21
591962,84
591963,16
592000,16
592025,23
592039,39
592053,23
592100,31
592107,22
592143,18
592170,22
592172,25
592217,24
592248,83
592281,44
592375,25
592380,24
592431,18
592505,27
592537,34
592554,24
592558,42
592605,20
592618,51
592624,31
592628,32
592644,52
592647,19
592648,18
592652,45
592670,25
592679,40
592683,71
592709,140
592714,23
592746,153
592752,16
592757,84
592777,126
592781,52
592832,37
592843,45
592847,88
592912,19
592919,16
593023,22
593036,62
593048,597
593062,34
593069,238
593070,193
593170,20
593217,25
593229,21
593268,80
593281,22
593320,30
593401,17
593409,65
593429,25
593439,18
593463,40
593498,19
593500,17
593538,24
593544,88
593587,46
593590,23
593608,19
593648,763
593660,49
593705,657
593709,193
593729,61
593812,32
593821,52
593893,45
594061,38
594091,24
594113,34
594120,29
594142,24
594199,28
594201,89
594209,20
594215,17
594225,26
594242,18
594288,32
594315,358
594335,18
594384,21
594386,66
594424,43
594443,31
594464,18
594566,16
594581,17
594604,17
594616,1084
594617,243
594631,36
594706,23
594816,49
594852,115
594943,47
594957,94
594972,94
594996,41
595050,90
595069,76
595122,34
595144,27
595210,17
595217,31
595240,76
595280,36
595302,407
595325,33
595385,27
595403,44
595423,19
595441,19
595480,66
595527,30
595528,69
595540,16
595575,17
595586,21
595665,105
595692,17
595731,19
595748,22
595776,17
595793,19
595795,29
595798,20
595851,31
595868,29
595934,16
595961,17
595976,84
595982,18
595992,39
596003,84
596026,191
596074,84
596079,17
596101,16
596189,22
596223,161
596255,23
596271,17
596319,17
596320,30
596372,69
596398,25
596408,204
596412,20
596447,508
596461,35
596521,22
596552,17
596553,61
596620,29
596643,37
596644,34
596645,26
596697,38
596703,87
596705,22
596777,38
596792,17
596807,24
596831,40
596836,26
596839,32
596841,82
596869,50
596888,81
596912,559
596944,21
596946,17
596956,20
596957,16
596968,24
597018,26
597039,17
597070,27
597195,88
597205,31
597270,17
597281,25
597294,18
597329,62
597345,49
597405,192
597440,74
597443,31
597467,19
597496,21
597591,35
597606,32
597607,22
597619,73
597658,45
597664,17
597667,24
597709,22
597844,113
597895,34
597916,391
597923,68
597937,26
597956,29
597969,27
597985,95
597992,73
598014,88
598019,28
598036,68
598044,16
598105,20
598134,21
598176,146
598195,25
598281,18
598340,21
598347,17
598366,40
598392,20
598397,17
598446,129
598453,36
598540,32
598581,16
598583,26
598585,16
598598,36
598601,65
598624,28
598636,30
598699,17
598724,35
598750,21
598767,52
598808,21
598838,115
598848,31
598850,96
598852,23
598856,48
598911,32
598924,33
598926,122
598927,35
598939,20
599038,17
599041,33
599047,35
599052,19
599067,19
599160,115
599196,183
599197,68
599199,18
599239,18
599427,19
599431,25
599473,17
599516,19
599631,40
599692,20
599700,32
599711,32
599716,20
599718,22
599742,17
599787,80
599796,17
599812,39
599818,107
599849,43
599938,41
599975,23
600030,16
600115,28
600160,24
600169,17
600173,21
600199,17
600246,28
600283,20
600313,75
600336,25
600439,21
600464,20
600488,26
600532,18
600582,19
600586,24
600676,34
600736,16
600779,17
600887,23
600928,28
600935,67
600954,39
601008,4516
601044,51
601046,34
601076,21
601126,35
601156,17
601224,31
601252,24
601279,284
601303,23
601318,22
601324,2023
601362,23
601374,72
601381,50
601461,101
601477,45
601527,27
601530,17
601552,156
601597,57
601610,22
601618,59
601619,19
601622,60
601705,37
601808,96
601825,145
601847,18
601852,2435
601854,23
601855,28
601947,19
602020,50
602028,19
602037,79
602054,33
602180,16
602194,65
602239,23
602263,100
602280,255
602332,84
602345,106
602348,35
602371,25
602412,17
602413,32
602418,25
602459,18
602494,46
602530,18
602565,20
602596,51
602609,50
602632,26
602656,46
602666,24
602705,24
602739,21
602793,44
602796,93
602804,37
602816,25
602840,19
602863,33
602927,18
602957,36
602962,17
602993,25
603034,17
603036,19
603045,21
603072,30
603074,21
603121,16
603200,38
603233,54
603253,22
603265,30
603305,31
603317,26
603337,547
603348,17
603368,18
603378,39
603404,21
603414,225
603453,204
603459,36
603543,29
603572,57
603588,111
603596,17
603660,16
603688,20
603705,17
603923,27
603924,30
603925,71
603971,23
603975,19
603983,23
603984,43
603991,21
604010,25
604035,31
604059,167
604163,18
604184,24
604199,19
604224,36
604226,188
604263,19
604329,91
604454,346
604503,56
604543,76
604603,88
604613,17
604619,17
604635,23
604645,1464
604661,17
604672,20
604698,63
604732,115
604741,67
604785,39
604837,88
604843,42
604874,17
604876,27
604884,30
604886,34
604895,20
604940,25
604941,26
604964,109
604971,17
604997,56
605008,25
605019,22
605022,44
605023,124
605100,79
605128,102
605156,1550
605242,17
605245,21
605296,219
605310,279
605346,21
605389,26
605410,17
605425,16
605442,21
605482,18
605495,27
605501,77
605506,23
605514,19
605544,35
605590,36
605597,806
605598,24
605601,19
605604,22
605607,49
605610,45
605641,35
605733,18
605737,39
605797,16
605809,27
605830,69
605866,54
605867,48
605877,16
605903,52
605941,17
605969,19
606014,18
606017,70
606055,25
606105,36
606190,36
606203,51
606210,72
606218,25
606252,2170
606257,50
606258,18
606276,17
606280,53
606298,22
606321,18
606361,43
606427,381
606430,41
606438,19
606484,160
606554,44
606577,17
606646,39
606647,36
606648,29
606654,77
606661,16
606687,26
606691,24
606693,33
606728,35
606747,275
606755,27
606793,24
606822,61
606896,16
606919,22
606940,20
606964,55
606973,18
606982,16
606984,64
606991,29
607003,22
607008,16
607014,22
607096,44
607105,64
607165,71
607169,24
607188,18
607206,47
607233,118
607286,2220
607296,25
607332,49
607374,16
607380,46
607414,25
607435,56
607468,26
607475,20
607518,38
607524,297
607530,18
607559,39
607608,22
607621,97
607658,137
607669,17
607698,18
607760,186
607761,28
607777,19
607788,19
607804,17
607806,19
607822,36
607825,58
607841,16
607851,76
607854,19
607861,40
607899,28
607934,42
608022,35
608045,22
608055,37
608065,25
608066,22
608085,18
608113,34
608121,72
608132,32
608152,25
608153,46
608167,18
608190,17
608211,50
608343,42
608352,565
608369,16
608390,23
608492,17
608521,22
608551,65
608556,50
608595,19
608644,246
608667,23
608671,18
608702,19
608716,87
608723,215
608756,46
608800,548
608824,40
608853,23
608878,57
608884,17
608886,938
608894,82
608897,22
608900,98
608908,43
608937,106
608947,18
608985,138
609023,19
609073,17
609084,35
609103,26
609113,21
609121,26
609234,90
609269,17
609281,24
609336,42
609407,21
609479,19
609522,34
609550,17
609557,282
609563,48
609590,17
609592,42
609596,23
609597,20
609703,47
609784,90
609837,18
609856,33
610012,95
610105,21
610116,131
610122,19
610138,31
610163,448
610171,23
610172,17
610188,26
610194,19
610250,211
610253,18
610330,33
610332,20
610343,376
610400,68
610427,19
610431,520
610448,39
610510,19
610518,17
610542,23
610573,31
610574,24
610611,23
610638,23
610639,136
610665,29
610676,23
610693,19
610696,73
610713,23
610714,32
610753,22
610776,18
610845,17
610850,25
610864,29
610865,40
610899,19
610928,48
610945,204
610955,22
610959,18
610992,951
611020,43
611034,19
611040,19
611044,19
611106,24
611131,21
611137,21
611200,51
611212,21
611237,193
611289,34
611301,40
611303,27
611391,35
611399,20
611418,21
611426,110
611446,19
611484,111
611485,41
611504,19
611566,22
611570,55
611585,25
611722,17
611790,37
611822,40
611827,59
611864,16
611868,22
611930,19
612013,26
612016,108
612075,1871
612080,228
612112,21
612226,71
612246,29
612316,45
612398,22
612399,63
612411,18
612433,65
612440,21
612442,30
612487,31
612517,19
612546,19
612604,324
612620,20
612670,374
612718,19
612721,19
612756,61
612786,20
612812,39
612831,139
612889,26
612901,27
612908,46
612961,29
612964,17
612993,28
612995,122
612996,130
613002,321
613027,53
613050,85
613063,85
613113,112
613125,238
613135,96
613193,21
613209,625
613248,139
613287,57
613293,132
613349,21
613353,22
613358,19
613495,58
613501,26
613515,337
613518,22
613529,41
613545,21
613551,77
613602,102
613613,20
613622,22
613639,19
613647,26
613651,24
613668,33
613685,26
613719,22
613748,794
613753,32
613802,128
613827,17
613844,26
613951,16
613972,17
614037,18
614045,17
614140,141
614209,19
614240,28
614242,16
614273,42
614292,22
614356,33
614358,28
614368,19
614391,17
614442,34
614455,18
614466,39
614517,68
614522,32
614528,29
614545,33
614563,35
614611,167
614615,20
614620,20
614676,21
614681,19
614703,17
614716,1601
614752,25
614777,71
614785,18
614793,65
614850,17
614859,23
614882,18
614884,19
614906,46
614947,1013
614974,16
614978,33
614997,58
615024,68
615026,53
615043,23
615093,16
615104,39
615125,202
615141,20
615150,57
615165,244
615194,30
615204,68
615241,87
615245,16
615269,235
615320,54
615325,55
615338,18
615355,152
615363,32
615371,18
615391,27
615416,374
615435,21
615447,39
615490,19
615502,32
615514,54
615586,131
615591,260
615596,20
615603,18
615646,25
615699,212
615700,42
615702,18
615722,56
615763,35
615780,19
615801,37
615804,22
615941,17
615944,19
615984,28
616011,36
616023,20
616054,29
616055,60
616071,79
616107,34
616128,32
616162,20
616244,66
616293,16
616339,16
616346,54
616359,18
616403,100
616420,30
616425,53
616468,18
616552,25
616560,259
616602,46
616604,75
616623,30
616782,94
616794,54
616795,16
616836,18
616841,258
616862,36
616868,46
616914,26
616927,87
616955,20
616994,50
616996,47
617019,126
617024,55
617027,34
617119,67
617124,16
617174,73
617208,37
617296,19
617333,46
617398,33
617420,24
617463,26
617465,48
617474,56
617475,84
617476,17
617542,33
617546,28
617549,109
617557,34
617613,49
617632,39
617638,91
617648,22
617649,24
617653,35
617663,21
617664,417
617700,18
617708,18
617717,17
617735,21
617784,43
617797,22
617810,26
617826,65
617841,26
617860,876
617871,30
617891,39
617895,2023
617906,51
617924,18
617934,31
617951,18
617954,33
617980,39
617981,50
618000,24
618039,166
618060,21
618064,359
618072,283
618074,29
618075,17
618118,24
618174,52
618217,24
618235,18
618266,64
618271,27
618357,16
618369,20
618376,26
618407,23
618432,23
618452,41
618510,102
618537,19
618538,57
618542,30
618556,20
618575,115
618581,46
618597,18
618650,19
618657,34
618667,29
618683,27
618699,23
618732,97
618822,22
618832,27
618837,18
618848,42
618903,85
618999,24
619004,24
619014,18
619117,17
619131,78
619163,57
619166,27
619176,21
619187,21
619190,20
619261,176
619341,21
619363,17
619376,29
619415,33
619455,42
619457,20
619464,294
619505,18
619508,59
619550,58
619586,144
619600,112
619653,30
619677,247
619692,25
619734,20
619746,23
619748,153
619762,21
619801,19
619819,39
619833,22
619846,19
619847,38
619848,26
619889,34
619914,74
619955,19
620003,21
620011,34
620037,20
620064,18
620071,59
620079,5485
620096,20
620100,17
620106,41
620151,180
620165,16
620177,177
620195,30
620238,502
620431,95
620440,20
620464,203
620563,43
620644,42
620650,25
620651,61
620701,128
620735,114
620740,65
620791,75
620801,19
620802,16
620882,22
620941,23
620972,17
621006,16
621017,67
621044,19
621045,23
621085,78
621105,20
621124,21
621130,48
621137,59
621151,46
621152,45
621171,18
621187,28
621196,247
621251,46
621252,173
621261,18
621262,43
621297,23
621300,24
621325,20
621348,28
621392,17
621423,19
621431,34
621442,19
621450,116
621554,18
621565,25
621601,24
621749,16
621831,22
621874,40
621895,30
621910,209
621976,17
621977,81
622033,20
622039,16
622095,16
622102,24
622116,32
622122,17
622160,17
622170,68
622184,16
622279,54
622303,2366
622338,20
622454,44
622456,492
622465,23
622472,561
622544,21
622567,37
622587,1249
622606,26
622610,19
622651,985
622666,18
622674,172
622694,18
622699,32
622718,32
622727,40
622793,210
622830,62
622835,19
622856,27
622864,64
622885,16
622905,20
622911,95
622924,33
622986,325
622989,18
623009,27
623038,17
623074,37
623163,22
623173,28
623185,19
623204,23
623209,25
623218,30
623236,26
623295,16
623301,18
623305,19
623313,16
623339,23
623346,50
623351,18
623393,23
623403,52
623462,16
623476,107
623483,60
623493,27
623531,53
623559,33
623571,27
623581,33
623641,37
623673,45
623697,18
623722,16
623738,16
623741,42
623768,20
623800,49
623810,30
623818,16
623846,25
623915,29
623919,98
624060,24
624090,31
624113,17
624152,24
624184,23
624240,37
624327,20
624331,21
624421,32
624444,32
624457,23
624503,23
624540,23
624541,19
624575,21
624583,27
624594,894
624626,59
624646,24
624692,33
624831,46
624898,103
624914,86
624960,19
624985,25
624994,25
625078,26
625115,25
625116,56
625150,35
625196,23
625311,25
625397,18
625416,57
625423,30
625449,41
625474,110
625480,17
625485,19
625504,22
625531,32
625536,26
625542,42
625712,149
625717,74
625719,49
625794,204
625797,19
625798,19
625804,24
625835,17
625865,19
625904,31
625959,39
625980,19
625986,27
626007,27
626039,30
626066,29
626067,47
626073,46
626111,21
626122,17
626137,17
626153,16
626156,18
626198,300
626233,40
626372,21
626402,41
626408,23
626414,34
626480,43
626494,29
626535,22
626566,18
626568,19
626619,157
626623,50
626735,41
626752,27
626753,16
626754,76
626788,76
626798,19
626799,45
626827,31
626932,18
626943,35
626956,26
626967,132
626974,50
626978,732
626993,60
627000,23
627014,26
627044,41
627100,33
627196,37
627219,17
627244,54
627248,25
627251,68
627253,35
627317,20
627400,21
627452,99
627486,26
627517,20
627518,41
627549,21
627566,56
627567,34
627588,33
627599,873
627628,200
627646,377
627687,369
627699,31
627708,77
627719,36
627731,29
627803,47
627831,29
627857,38
627891,16
627893,64
627898,105
627903,40
627927,20
627970,112
628000,24
628009,22
628088,33
628113,51
628125,181
628133,16
628153,27
628166,90
628190,342
628191,26
628197,22
628211,24
628229,118
628241,28
628252,32
628293,18
628301,17
628303,30
628327,36
628335,58
628425,76
628440,18
628501,25
628536,19
628578,16
628690,56
628706,93
628740,25
628760,19
628762,16
628811,101
628832,732
628855,29
628888,32
628890,41
628921,20
628957,19
629000,65
629001,54
629008,91
629021,26
629037,39
629074,146
629105,16
629116,21
629144,424
629157,48
629161,32
629251,40
629277,26
629282,63
629344,18
629412,331
629417,198
629449,37
629504,24
629539,73
629650,28
629664,20
629746,117
629747,21
629809,118
629888,17
629922,22
629931,28
629948,55
629972,32
629996,17
630052,17
630060,19
630073,40
630076,44
630107,18
630130,20
630142,26
630152,40
630153,1663
630155,92
630194,90
630197,343
630207,51
630277,55
630290,20
630316,16
630359,17
630371,50
630382,30
630395,31
630399,17
630413,111
630491,20
630580,30
630602,18
630667,19
630670,31
630803,21
630842,19
630858,28
630895,23
630976,28
631043,22
631075,317
631077,28
631157,19
631197,20
631207,258
631216,57
631233,17
631259,120
631270,20
631277,28
631409,21
631431,60
631434,17
631435,18
631440,196
631512,21
631545,60
631612,46
631627,75
631783,17
631819,43
631844,23
631860,16
631866,55
631867,37
631906,29
631909,120
631922,50
631926,19
631999,19
632018,40
632063,497
632097,20
632099,43
632103,20
632125,25
632136,32
632156,27
632180,20
632215,92
632224,642
632260,20
632312,16
632329,26
632356,641
632380,17
632391,39
632445,17
632485,33
632496,20
632508,34
632519,20
632520,18
632523,25
632531,17
632566,25
632570,76
632571,22
632580,35
632586,17
632589,22
632614,43
632616,16
632626,33
632638,77
632688,31
632783,92
632816,26
632889,31
632926,23
632963,21
632968,30
633049,22
633067,40
633068,18
633069,41
633079,115
633082,24
633101,20
633102,26
633131,16
633144,27
633159,24
633192,39
633205,26
633258,20
633263,43
633292,101
633327,47
633330,45
633341,39
633361,88
633386,91
633390,17
633521,29
633548,99
633590,18
633617,18
633620,28
633624,19
633662,172
633667,72
633684,32
633717,19
633726,18
633764,280
633825,57
633826,17
633854,20
633869,42
633876,21
633972,46
633980,94
634010,19
634030,54
634034,17
634085,25
634121,28
634226,23
634276,21
634297,22
634500,16
634516,64
634550,16
634594,122
634612,18
634618,59
634623,37
634715,34
634769,34
634841,33
634878,24
634916,45
634943,53
634968,21
635007,38
635066,46
635073,16
635076,18
635146,38
635215,62
635224,18
635246,25
635272,227
635278,25
635424,26
635440,22
635462,26
635487,21
635561,17
635570,18
635576,25
635624,191
635684,35
635689,17
635706,167
635736,23
635752,33
635791,18
635811,19
635820,34
635828,16
635878,21
635936,18
635945,69
635962,174
636008,35
636012,19
636036,23
636073,17
636086,17
636125,29
636173,46
636174,35
636204,20
636240,168
636253,29
636268,61
636270,26
636290,101
636345,37
636421,510
636529,28
636550,20
636611,16
636617,18
636642,59
636701,23
636702,48
636744,17
636800,40
636803,18
636826,34
636837,19
636849,151
636880,94
636898,26
636925,21
636966,52
636969,16
636977,72
636980,71
637001,23
637068,31
637075,75
637078,28
637085,142
637141,368
637147,22
637199,72
637206,69
637285,28
637360,20
637367,60
637391,130
637445,22
637460,25
637474,36
637525,38
637528,27
637529,20
637594,368
637616,20
637617,25
637634,82
637649,31
637650,16
637651,17
637677,46
637680,166
637681,18
637702,193
637756,20
637768,44
637778,22
637796,642
637797,28
637810,16
637819,26
637823,19
637848,49
637861,22
637870,18
637886,19
637932,443
637941,819
637945,18
637965,40
637996,38
638000,16
638068,34
638070,28
638100,49
638126,50
638138,16
638147,49
638148,19
638162,30
638163,31
638176,18
638180,70
638209,28
638215,17
638222,23
638274,84
638311,23
638312,27
638332,164
638343,495
638354,311
638368,24
638375,64
638385,22
638386,17
638391,24
638399,31
638411,17
638471,144
638562,28
638596,28
638609,26
638625,29
638661,19
638674,23
638682,53
638713,103
638759,33
638792,82
638872,40
638902,46
638925,30
638944,29
638952,18
638982,23
639009,1298
639019,61
639046,51
639049,17
639101,32
639119,19
639155,23
639237,38
639240,18
639252,249
639261,27
639306,96
639317,19
639319,20
639320,72
639343,55
639349,84
639372,36
639388,16
639391,19
639407,43
639425,49
639468,1965
639484,29
639498,212
639521,21
639528,19
639546,47
639559,92
639564,77
639567,27
639578,16
639604,21
639705,39
639711,16
639746,31
639766,94
639776,27
639816,30
639965,20
639971,18
639992,19
640027,24
640075,60
640106,89
640116,20
640148,16
640153,19
640166,27
640186,28
640192,33
640209,76
640222,22
640253,59
640257,27
640272,18
640401,44
640419,19
640446,142
640455,20
640458,16
640478,621
640502,23
640505,28
640523,23
640535,127
640558,299
640562,22
640565,20
640645,19
640695,32
640713,40
640716,82
640717,25
640739,23
640804,24
640816,17
640843,145
640870,17
640950,160
640993,500
641013,18
641019,39
641027,17
641048,83
641111,17
641113,132
641115,67
641186,24
641208,47
641222,16
641247,34
641310,34
641326,17
641327,30
641356,26
641432,20
641449,26
641468,209
641499,66
641556,22
641586,20
641625,20
641656,36
641742,37
641755,151
641826,30
641836,16
641837,90
641922,35
641931,77
641948,25
641958,23
641968,40
641985,68
641992,180
641997,59
641999,89
642026,26
642041,31
642093,31
642104,26
642117,17
642158,211
642191,19
642261,22
642316,38
642434,31
642512,74
642517,55
642520,444
642521,43
642581,21
642591,50
642603,38
642664,33
642715,57
642749,18
642767,22
642768,16
642780,17
642792,135
642827,19
642829,41
642837,19
642845,37
642904,20
642910,32
642941,26
642962,16
643020,92
643044,32
643052,22
643063,32
643122,6774
643183,17
643186,64
643201,24
643211,19
643226,268
643250,28
643255,19
643272,28
643291,22
643309,1314
643320,20
643341,28
643368,29
643377,32
643386,112
643437,99
643460,31
643465,33
643476,19
643482,24
643512,20
643529,34
643574,16
643596,51
643599,17
643600,36
643669,56
643695,43
643708,32
643722,30
643783,34
643813,25
643822,103
643896,30
643948,18
643949,44
643951,66
643993,27
644037,33
644056,82
644106,109
644189,18
644191,22
644251,23
644293,53
644295,73
644359,183
644396,25
644437,119
644492,66
644517,99
644557,40
644575,26
644604,51
644660,35
644677,21
644716,23
644791,34
644804,126
644805,34
644831,39
644846,77
644886,19
644899,422
644990,81
645062,102
645091,77
645101,47
645110,33
645158,27
645205,2183
645247,16
645251,110
645284,47
645331,42
645348,30
645364,19
645376,24
645413,20
645432,77
645447,28
645458,17
645511,85
645532,17
645545,21
645546,16
645548,43
645550,21
645610,21
645616,159
645637,24
645638,33
645758,306
645795,93
645814,16
645881,16
645884,19
645896,24
645914,83
645936,61
645963,16
645983,39
646008,23
646010,17
646063,22
646077,18
646094,107
646161,49
646165,40
646209,258
646232,23
646247,41
646261,28
646303,73
646308,19
646422,31
646435,19
646451,47
646506,39
646517,27
646521,20
646542,28
646556,24
646567,18
646583,31
646624,40
646728,21
646826,103
646881,86
646902,29
646943,23
646949,17
646959,23
647009,183
647010,144
647030,31
647036,26
647064,41
647094,17
647115,20
647123,121
647140,39
647144,65
647223,31
647238,22
647249,18
647291,22
647305,44
647318,43
647337,19
647342,20
647435,192
647446,32
647462,136
647498,28
647522,27
647542,30
647585,46
647611,21
647618,72
647720,24
647760,48
647818,1093
647819,57
647838,100
647841,23
647899,16
647908,19
647952,16
648017,149
648024,17
648050,331
648086,16
648102,58
648146,55
648147,74
648183,70
648193,65
648253,26
648295,78
648313,134
648325,105
648336,24
648359,84
648372,19
648382,76
648393,62
648485,28
648506,51
648556,20
648606,16
648626,41
648645,21
648649,21
648680,40
648732,56
648736,17
648764,21
648768,22
648774,34
648786,22
648807,139
648811,30
648812,19
648828,18
648931,43
648945,20
648978,24
648982,51
648995,51
649003,57
649096,17
649143,22
649164,25
649177,120
649186,16
649191,53
649192,32
649196,22
649198,20
649232,42
649248,46
649257,68
649264,23
649267,244
649272,130
649327,40
649343,17
649357,30
649406,19
649407,20
649492,65
649536,79
649548,63
649567,60
649598,47
649628,18
649661,18
649681,17
649683,36
649685,21
649771,65
649830,477
649834,76
649856,21
649857,18
649889,19
649893,42
649901,16
649902,18
649919,26
649921,22
649964,22
650072,258
650103,34
650109,105
650162,17
650184,21
650209,41
650261,16
650268,19
650300,17
650307,71
650347,20
650365,21
650407,20
650422,26
650454,94
650523,40
650532,34
650555,16
650578,152
650588,17
650611,20
650623,47
650667,17
650681,16
650706,44
650726,21
650784,32
650798,35
650842,156
650878,23
650923,20
650927,22
650933,17
650959,25
650980,30
650986,31
651046,156
651102,29
651109,17
651137,18
651174,16
651228,775
651265,25
651307,19
651308,22
651334,55
651421,111
651423,22
651499,16
651537,22
651543,22
651577,21
651608,34
651637,33
651662,65
651681,16
651695,63
651763,49
651771,18
651776,27
651788,38
651894,36
651895,21
651927,21
651958,28
651999,73
652020,17
652067,21
652090,86
652107,21
652147,20
652214,20
652232,19
652235,28
652254,22
652278,30
652284,44
652322,20
652395,24
652440,27
652499,123
652522,27
652645,145
652663,20
652687,19
652716,16
652751,26
652821,94
652887,23
652914,118
652918,38
652924,25
652947,21
652950,50
652972,20
652997,21
653001,173
653002,21
653019,72
653035,16
653049,21
653059,36
653091,17
653101,21
653132,24
653160,77
653166,33
653203,80
653217,26
653283,26
653316,50
653358,250
653363,126
653367,83
653422,20
653438,24
653521,19
653568,33
653585,41
653614,36
653624,52
653647,20
653670,87
653714,34
653719,116
653723,39
653752,70
653761,18
653790,19
653811,18
653823,33
653889,36
653890,53
653987,24
654007,36
654008,37
654011,21
654086,47
654138,54
654200,23
654216,38
654269,29
654270,18
654337,31
654348,36
654353,18
654430,27
654433,43
654438,192
654482,149
654499,51
654531,24
654535,47
654547,20
654557,46
654558,17
654567,3200
654603,43
654606,350
654628,43
654642,16
654657,26
654676,59
654708,23
654709,63
654785,450
654816,21
654828,16
654834,68
654850,64
654906,24
654933,1195
654952,218
654989,16
655024,150
655039,22
655061,20
655072,354
655139,45
655148,50
655191,33
655243,28
655287,18
655366,50
655418,22
655422,16
655427,129
655448,26
655470,18
655597,26
655650,22
655661,27
655675,79
655682,28
655735,49
655743,24
655750,197
655778,30
655792,23
655832,18
655909,19
655910,39
655918,37
655978,16
655989,29
656044,18
656058,18
656066,33
656169,62
656178,31
656179,93
656240,42
656259,164
656342,23
656374,40
656390,36
656424,40
656434,22
656452,16
656465,153
656511,16
656520,20
656527,6881
656600,24
656606,29
656609,21
656612,22
656636,29
656647,77
656658,20
656668,41
656680,62
656731,32
656743,49
656773,30
656825,24
656829,21
656835,42
656881,21
656885,44
656911,97
656938,42
656951,25
657014,62
657061,98
657073,24
657120,23
657172,16
657189,20
657207,25
657224,29
657249,552
657283,31
657301,32
657334,17
657411,224
657418,56
657423,18
657430,46
657442,36
657451,139
657498,47
657518,25
657543,52
657609,195
657623,519
657702,23
657711,16
657751,17
657775,25
657815,20
657816,29
657829,26
657851,126
657913,34
657922,16
657984,31
658013,28
658054,28
658114,26
658129,18
658134,38
658139,16
658171,17
658215,19
658218,50
658219,83
658240,206
658287,58
658291,45
658324,24
658332,52
658335,21
658357,25
658375,25
658408,17
658449,19
658475,38
658505,49
658527,18
658532,18
658537,24
658548,18
658564,47
658571,17
658605,57
658636,21
658666,64
658700,29
658707,21
658716,17
658766,78
658791,50
658822,35
658824,24
658866,133
658886,113
658909,28
658969,23
658983,17
659012,93
659029,16
659067,29
659070,45
659071,24
659080,27
659102,22
659118,59
659119,19
659127,17
659133,35
659168,28
659227,214
659257,48
659266,217
659307,49
659334,44
659369,28
659384,190
659426,57
659433,575
659444,38
659450,18
659455,26
659478,20
659505,17
659517,22
659636,115
659650,48
659676,45
659712,21
659768,28
659786,19
659795,16
659843,21
659847,26
659917,46
659938,16
659953,34
659984,25
659985,62
660001,244
660025,45
660043,20
660047,41
660063,26
660068,22
660071,72
660079,393
660148,64
660168,149
660173,26
660186,22
660228,38
660251,53
660262,32
660263,217
660318,28
660320,19
660349,4021
660419,20
660422,62
660436,16
660492,61
660526,27
660533,428
660583,53
660608,233
660655,18
660666,32
660680,28
660689,74
660730,22
660761,27
660786,17
660798,17
660845,32
660875,19
660936,19
661002,27
661038,28
661073,125
661078,67
661085,17
661108,21
661174,25
661184,17
661224,32
661262,54
661294,589
661307,192
661308,27
661380,25
661416,22
661448,83
661460,17
661475,29
661503,25
661507,47
661512,144
661570,105
661582,19
661605,17
661619,20
661656,68
661665,22
661727,23
661754,16
661763,39
661878,21
661879,237
661933,44
661934,233
661984,18
661999,41
662012,33
662018,20
662028,34
662031,19
662054,20
662073,26
662099,40
662114,44
662121,385
662160,22
662173,34
662255,46
662260,16
662322,19
662335,70
662403,17
662451,51
662467,37
662528,36
662562,62
662577,93
662685,26
662704,38
662712,25
662769,405
662778,23
662786,201
662790,22
662840,22
662878,16
662921,20
662945,1497
662973,16
662987,27
663004,18
663018,17
663058,29
663067,59
663100,18
663140,16
663163,17
663203,18
663249,40
663334,25
663368,38
663401,618
663418,30
663430,116
663447,44
663457,30
663471,18
663484,39
663495,47
663502,28
663519,26
663527,35
663541,22
663544,16
663702,86
663753,27
663757,21
663769,177
663778,19
663783,16
663795,32
663811,76
663872,65
663899,18
663958,57
663977,73
663990,19
664045,22
664065,23
664091,24
664115,19
664236,127
664241,41
664314,20
664322,30
664324,50
664339,18
664365,18
664502,129
664504,17
664511,16
664539,52
664579,30
664623,1111
664631,19
664685,16
664757,79
664761,23
664797,25
664939,27
664952,55
664965,190
664997,24
665040,31
665064,34
665079,151
665110,71
665125,17
665129,194
665137,36
665144,52
665149,368
665175,292
665203,40
665217,17
665232,16
665233,18
665234,33
665307,53
665328,16
665331,60
665353,96
665369,156
665376,23
665401,22
665444,29
665517,17
665532,359
665554,40
665558,40
665608,19
665631,54
665643,16
665654,28
665691,31
665707,44
665728,92
665731,758
665750,78
665803,22
665820,131
665849,59
665856,32
665861,20
665864,20
665873,22
665893,63
665922,25
665934,17
665971,47
666014,30
666054,20
666205,22
666219,22
666227,19
666247,102
666250,16
666313,16
666320,18
666392,36
666479,22
666549,75
666551,25
666643,16
666730,19
666748,22
666768,22
666778,84
666786,77
666787,30
666872,761
666897,21
666916,27
666931,25
666936,50
666939,16
666940,17
666976,21
666998,30
667025,117
667030,34
667038,21
667045,30
667046,46
667056,49
667059,18
667094,553
667115,74
667118,93
667123,31
667146,19
667147,97
667159,36
667210,16
667234,31
667253,31
667283,17
667291,19
667303,17
667332,29
667334,40
667361,59
667371,17
667372,21
667379,29
667382,25
667472,24
667561,36
667581,98
667678,31
667684,43
667705,88
667732,56
667747,32
667758,43
667760,57
667766,19
667781,17
667850,151
667860,18
667865,22
667871,61
667896,24
667932,17
667947,30
667959,34
667962,32
667974,21
667975,45
668064,257
668091,413
668113,46
668133,16
668136,125
668152,151
668183,26
668186,27
668187,140
668218,22
668220,33
668257,161
668274,62
668275,25
668325,36
668358,17
668388,22
668435,18
668462,24
668527,16
668530,23
668551,20
668582,22
668598,18
668609,1194
668622,193
668648,26
668665,24
668673,23
668687,88
668717,78
668780,65
668787,36
668795,19
668807,63
668888,25
668897,18
668908,34
668919,30
668926,36
669063,19
669068,77
669069,23
669084,37
669087,19
669121,23
669127,26
669142,48
669150,19
669154,28
669158,25
669168,27
669170,1514
669252,127
669274,42
669289,43
669300,34
669302,126
669344,55
669411,324
669432,308
669492,16
669500,195
669502,88
669505,52
669539,28
669595,17
669640,20
669673,36
669680,29
669718,99
669727,196
669751,42
669773,31
669785,37
669789,18
669831,21
669844,19
669926,16
669943,26
669949,37
669998,47
670024,72
670104,52
670111,25
670114,28
670156,38
670180,467
670193,113
670212,44
670224,46
670307,20
670329,45
670330,28
670332,16
670370,48
670390,17
670396,50
670432,286
670473,22
670494,30
670496,23
670511,16
670516,81
670528,19
670561,108
670622,23
670660,27
670663,26
670671,25
670693,113
670701,32
670702,24
670729,117
670738,30
670775,17
670857,609
670892,73
670908,55
670967,19
670973,16
671018,104
671043,120
671100,40
671124,68
671132,28
671185,60
671237,30
671256,45
671270,53
671277,16
671327,18
671364,20
671384,19
671404,60
671476,1861
671517,22
671518,38
671523,17
671585,76
671586,172
671631,62
671670,33
671671,43
671687,17
671704,69
671726,93
671731,144
671738,27
671752,19
671758,67
671777,136
671783,17
671784,23
671821,17
671826,34
671836,16
671839,18
671880,30
671909,178
671955,1039
671981,17
672023,22
672041,43
672046,36
672086,19
672090,57
672095,74
672099,39
672138,29
672183,31
672219,664
672266,58
672325,16
672331,57
672333,55
672336,16
672344,281
672357,108
672380,20
672396,23
672455,25
672461,19
672462,35
672503,106
672523,47
672558,39
672569,17
672576,16
672593,18
672609,58
672617,22
672632,59
672636,121
672690,824
672714,20
672764,47
672776,45
672845,27
672873,17
672879,19
672885,26
672886,17
672935,47
672960,38
672979,17
672998,61
673011,16
673018,45
673043,18
673046,33
673052,42
673077,33
673094,76
673096,82
673162,66
673180,29
673203,31
673235,21
673236,21
673268,83
673272,32
673283,54
673289,259
673314,46
673330,29
673348,16
673354,42
673359,139
673393,35
673400,329
673433,27
673505,22
673533,19
673564,28
673588,69
673653,16
673691,50
673793,27
673796,77
673818,20
673846,19
673887,76
673890,19
673947,30
674022,188
674044,21
674058,16
674086,17
674087,23
674099,19
674126,186
674132,17
674202,16
674232,82
674237,58
674253,139
674294,43
674328,41
674356,46
674446,144
674472,37
674529,316
674536,21
674551,17
674564,35
674578,18
674582,17
674632,172
674642,69
674700,17
674744,156
674765,19
674769,19
674787,22
674839,22
674871,321
674873,34
674883,25
674967,28
674976,44
674993,37
675006,20
675044,17
675126,100
675131,24
675155,33
675207,32
675247,42
675253,17
675283,26
675326,22
675339,21
675350,27
675396,26
675448,29
675459,48
675558,24
675562,127
675620,40
675625,222
675626,21
675633,44
675637,30
675672,16
675707,77
675714,23
675723,72
675734,33
675753,17
675848,118
675882,20
675897,28
675947,22
675955,19
675956,94
675978,47
675986,806
676063,130
676069,17
676147,69
676163,18
676180,19
676233,24
676238,151
676268,26
676277,17
676283,36
676290,49
676345,32
676353,31
676434,42
676489,27
676560,18
676572,28
676608,18
676668,18
676742,144
676754,77
676770,46
676817,50
676841,87
676871,83
676896,28
676910,20
676917,37
676943,25
677000,16
677013,46
677022,31
677031,29
677041,380
677058,52
677060,67
677130,79
677141,20
677169,51
677178,18
677264,226
677276,16
677278,32
677324,20
677355,174
677363,19
677367,24
677387,21
677417,17
677431,44
677445,17
677497,26
677535,52
677560,19
677564,27
677567,28
677569,120
677595,18
677633,87
677654,27
677673,17
677687,36
677696,42
677712,70
677725,34
677731,19
677738,31
677752,17
677754,73
677764,261
677807,17
677823,20
677833,16
677853,24
677854,24
677869,160
677871,102
677887,117
677904,213
677949,35
677965,35
677981,22
678094,40
678103,16
678132,24
678151,84
678155,23
678180,20
678194,88
678213,121
678214,91
678219,17
678401,49
678404,24
678417,38
678418,18
678426,23
678432,96
678471,41
678490,22
678496,21
678559,16
678593,228
678619,29
678623,41
678655,34
678656,279
678663,20
678699,18
678736,67
678787,47
678791,27
678834,32
678845,25
678862,24
678863,123
678865,34
678866,28
678880,18
678946,128
678953,59
678993,48
679025,26
679086,31
679184,25
679209,40
679290,81
679305,18
679367,127
679397,19
679509,17
679533,18
679594,18
679620,21
679644,20
679649,168
679659,19
679679,17
679682,285
679689,838
679705,51
679739,19
679772,55
679833,22
679857,51
679897,17
679903,18
679915,25
679916,35
679945,19
679955,48
679980,35
680037,20
680046,185
680052,20
680059,29
680097,23
680116,16
680154,16
680155,20
680165,40
680200,36
680208,19
680233,60
680282,51
680306,66
680331,16
680339,24
680400,36
680443,17
680476,24
680488,17
680505,58
680509,48
680525,18
680549,29
680587,27
680591,17
680664,19
680715,49
680729,18
680752,17
680820,25
680826,18
680830,76
680870,18
680878,20
680886,29
680937,28
680994,1012
680997,17
681013,43
681027,76
681045,156
681152,43
681198,16
681207,426
681247,86
681273,28
681306,60
681331,16
681354,22
681356,292
681386,66
681430,74
681446,522
681454,23
681498,81
681522,21
681581,80
681625,19
681631,25
681648,22
681659,25
681703,116
681713,82
681725,18
681746,25
681747,52
681751,68
681795,31
681811,24
681863,22
681879,231
681893,16
681934,19
681950,34
681951,73
681953,37
682001,28
682008,22
682086,1052
682097,21
682113,19
682129,22
682134,30
682158,76
682173,18
682193,36
682245,18
682312,16
682314,497
682348,17
682391,18
682443,31
682464,17
682481,19
682482,70
682515,24
682523,36
682587,40
682595,21
682598,36
682607,134
682613,18
682614,150
682642,18
682643,21
682752,23
682814,18
682820,24
682835,74
682862,44
682907,21
682917,33
682924,48
682936,32
682949,38
682971,43
683006,25
683020,17
683033,16
683045,35
683067,37
683079,16
683121,19
683125,18
683149,207
683163,47
683164,30
683189,32
683275,32
683288,25
683337,77
683396,34
683424,36
683480,164
683576,305
683605,25
683647,35
683661,22
683663,26
683735,31
683779,19
683849,57
683902,18
683916,357
683922,19
683947,17
683959,20
683968,32
683969,127
683986,20
683991,27
684002,26
684007,531
684024,35
684051,29
684063,106
684064,21
684082,41
684083,17
684093,31
684107,16
684131,26
684162,16
684202,30
684226,27
684252,87
684257,41
684284,48
684371,83
684414,19
684423,45
684487,30
684512,19
684582,17
684611,27
684640,34
684647,60
684676,18
684683,30
684721,31
684755,17
684784,19
684816,18
684896,29
684915,27
684924,179
684958,23
685011,27
685016,327
685018,18
685045,34
685065,121
685076,29
685104,18
685121,34
685138,76
685180,26
685199,32
685220,37
685247,47
685250,16
685314,26
685329,20
685340,16
685350,19
685390,43
685412,25
685468,17
685493,17
685523,31
685535,17
685536,27
685559,40
685622,28
685628,26
685639,33
685642,52
685719,62
685723,18
685762,22
685773,18
685784,28
685789,19
685809,26
685901,29
685911,27
685922,21
685929,38
685936,51
685954,30
685981,16
685996,22
686028,18
686163,88
686173,30
686196,23
686226,87
686232,341
686246,42
686251,193
686265,177
686377,73
686418,23
686471,23
686558,46
686588,4423
686605,80
686645,25
686699,42
686714,72
686746,41
686747,16
686777,56
686798,70
686805,40
686819,17
686843,35
686848,23
686863,53
686927,16
686970,25
687022,77
687027,107
687048,149
687063,16
687069,22
687102,24
687146,46
687177,28
687194,24
687205,61
687284,27
687289,35
687324,34
687352,137
687430,98
687448,25
687468,19
687477,19
687480,20
687485,18
687511,33
687528,18
687635,25
687665,35
687671,307
687715,43
687740,72
687782,20
687789,48
687866,42
687897,51
687910,117
687916,36
687941,24
687943,20
687982,32
688015,625
688021,97
688024,37
688080,182
688086,20
688094,18
688106,26
688114,52
688121,17
688172,22
688186,96
688190,38
688216,19
688226,31
688236,52
688262,35
688267,28
688339,26
688430,16
688460,134
688476,211
688529,53
688572,18
688587,49
688598,42
688646,29
688684,19
688702,102
688735,83
688791,36
688801,59
688820,21
688851,33
688879,567
688891,39
688931,43
688932,964
688938,60
688946,18
688947,22
688976,17
689025,17
689055,45
689059,17
689060,159
689070,69
689072,19
689076,21
689106,179
689145,559
689209,20
689214,16
689265,17
689320,33
689327,20
689355,86
689361,25
689402,314
689417,20
689443,34
689468,47
689526,80
689563,82
689578,24
689583,26
689628,16
689690,30
689694,66
689695,61
689712,21
689725,35
689733,16
689735,24
689740,73
689746,16
689751,237
689798,53
689829,22
689842,24
689857,16
689858,123
689877,39
689910,24
689929,19
689936,114
689969,29
689994,19
690003,16
690135,162
690203,25
690205,91
690206,21
690210,36
690214,18
690262,16
690291,17
690323,49
690329,133
690338,17
690339,27
690350,23
690352,32
690404,43
690405,19
690425,38
690426,59
690441,30
690513,22
690525,47
690548,32
690552,33
690559,17
690576,17
690621,109
690624,52
690643,17
690660,56
690673,25
690675,26
690759,95
690762,24
690792,26
690822,34
690826,17
690856,30
690862,18
690863,47
690866,103
690922,22
690976,24
691014,108
691136,64
691194,20
691221,117
691235,24
691236,18
691262,20
691266,36
691273,290
691276,17
691372,62
691407,1729
691426,37
691428,19
691442,29
691476,28
691484,51
691486,268
691521,29
691546,331
691592,21
691634,17
691687,52
691720,18
691760,22
691786,19
691799,16
691881,40
691888,174
691891,24
691915,48
691937,105
691947,33
691960,24
691990,24
692055,26
692061,16
692090,20
692108,28
692113,17
692133,39
692138,19
692188,16
692212,29
692213,33
692220,19
692270,23
692290,48
692315,17
692330,21
692337,19
692352,41
692355,27
692358,18
692370,51
692397,28
692402,33
692435,36
692450,201
692467,22
692504,16
692505,64
692511,365
692525,179
692528,18
692587,20
692643,20
692644,157
692662,17
692698,46
692712,36
692788,36
692828,19
692850,33
692854,100
692882,18
692894,25
692908,24
692954,22
692985,20
692999,53
693006,167
693064,17
693077,125
693099,28
693118,22
693131,27
693150,42
693177,27
693180,24
693189,20
693190,114
693200,16
693209,24
693236,20
693275,80
693313,64
693334,43
693362,17
693375,42
693410,18
693464,73
693505,40
693527,21
693577,58
693614,85
693655,55
693663,18
693664,4191
693666,26
693718,35
693724,21
693784,23
693790,129
693937,21
693960,23
694013,195
694014,20
694027,16
694029,21
694031,398
694082,36
694139,16
694146,280
694167,20
694201,46
694219,264
694244,25
694245,38
694304,18
694305,43
694307,35
694325,25
694354,75
694387,20
694403,25
694431,21
694461,24
694471,35
694484,35
694581,17
694610,23
694780,17
694792,70
694820,31
694847,143
694860,1461
694897,30
694930,18
694940,75
694958,97
694978,885
694995,19
695007,38
695127,30
695155,24
695163,47
695169,126
695210,31
695226,16
695234,37
695249,1223
695328,33
695345,25
695360,18
695383,26
695390,20
695411,20
695417,22
695451,197
695487,33
695517,24
695554,118
695631,16
695633,22
695721,24
695761,16
695769,57
695793,40
695851,93
695915,176
695967,29
696038,20
696082,42
696131,47
696183,19
696191,35
696196,20
696200,34
696213,90
696234,147
696274,63
696280,18
696284,16
696293,85
696298,20
696333,440
696338,34
696355,24
696360,38
696396,75
696424,378
696425,21
696437,45
696489,56
696524,45
696526,16
696533,94
696551,20
696564,67
696606,95
696650,100
696655,33
696663,39
696736,16
696786,19
696799,29
696828,37
696848,48
696860,31
696880,34
696886,47
696895,92
696979,25
697000,29
697018,52
697034,32
697097,38
697106,43
697176,18
697227,133
697242,84
697245,18
697314,17
697342,40
697344,20
697364,71
697375,42
697439,48
697474,16
697477,221
697491,24
697492,35
697517,22
697531,84
697534,179
697589,30
697653,76
697707,58
697742,25
697744,124
697789,299
697902,98
697915,19
698008,185
698018,42
698019,200
698056,17
698058,52
698081,105
698103,16
698174,17
698193,30
698216,16
698225,19
698248,19
698305,27
698346,21
698353,25
698377,103
698380,24
698387,19
698405,17
698446,32
698469,20
698484,19
698485,98
698491,267
698567,19
698575,100
698578,17
698594,47
698595,79
698617,44
698618,22
698619,18
698625,102
698682,69
698725,138
698756,22
698757,23
698783,19
698793,49
698816,38
698851,44
698882,26
698899,17
698967,181
698988,29
698995,112
699011,23
699047,20
699235,31
699251,16
699258,72
699279,19
699318,166
699326,350
699334,42
699350,17
699381,21
699394,20
699414,18
699431,35
699481,179
699538,19
699552,554
699569,18
699598,112
699599,17
699603,43
699635,17
699659,318
699669,117
699687,41
699710,714
699766,49
699838,297
699884,21
699932,18
699937,140
699950,21
699995,48
700024,20
700098,22
700109,16
700137,41
700190,26
700198,105
700244,126
700251,84
700289,88
700304,85
700324,75
700452,816
700465,34
700535,43
700544,91
700573,27
700597,27
700699,19
700779,29
700797,25
700804,25
700836,24
700842,24
700848,31
700912,28
700921,17
700996,26
701063,17
701094,85
701116,46
701152,16
701173,41
701180,86
701249,18
701268,32
701297,23
701314,315
701360,63
701424,20
701539,29
701562,19
701591,47
701594,25
701597,17
701647,18
701660,18
701681,53
701705,19
701707,24
701713,24
701770,60
701776,56
701808,20
701818,19
701864,79
701895,27
701918,28
701941,188
702002,65
702004,17
702059,22
702091,67
702130,51
702135,244
702171,19
702206,1993
702268,31
702298,76
702328,30
702374,20
702447,49
702450,24
702454,28
702495,96
702506,16
702557,17
702574,57
702592,51
702652,25
702663,23
702685,43
702699,18
702710,22
702734,198
702776,137
702800,23
702819,170
702833,21
702906,34
702926,17
703067,47
703089,29
703113,20
703117,23
703157,70
703187,17
703195,80
703204,22
703211,35
703263,28
703286,55
703347,36
703359,28
703363,16
703378,145
703413,18
703430,323
703447,46
703462,18
703477,21
703552,22
703600,21
703606,44
703611,36
703686,143
703768,88
703779,27
703802,16
703809,17
703832,18
703838,109
703883,21
703939,79
704005,18
704054,20
704057,16
704067,17
704069,19
704071,17
704077,19
704081,434
704099,79
704100,22
704133,17
704217,104
704223,24
704229,28
704287,43
704299,32
704386,60
704431,24
704440,98
704453,41
704461,20
704509,27
704547,251
704598,19
704612,36
704691,23
704715,35
704718,42
704723,3625
704758,74
704766,20
704797,162
704798,48
704800,18
704807,26
704808,140
704859,132
704869,41
704889,28
704909,19
704921,32
704975,24
704981,51
704995,19
705012,46
705021,70
705057,95
705069,1825
705078,32
705088,16
705154,16
705204,16
705220,45
705224,404
705230,18
705248,18
705297,38
705321,24
705356,21
705360,23
705385,19
705390,26
705419,16
705446,30
705502,23
705530,39
705531,24
705532,27
705555,47
705558,22
705573,28
705588,74
705589,18
705590,25
705670,221
705676,24
705769,24
705776,38
705777,35
705796,17
705800,56
705810,18
705819,30
705872,24
705904,95
705938,29
705969,126
706032,25
706046,42
706047,3982
706074,22
706075,158
706076,24
706177,19
706244,19
706247,26
706274,153
706283,28
706289,39
706306,20
706312,190
706367,20
706403,22
706427,29
706457,25
706487,37
706492,245
706511,24
706525,31
706554,19
706597,27
706621,37
706632,483
706683,19
706731,79
706798,53
706799,39
706804,202
706859,16
706883,45
706918,22
706969,448
706970,69
706971,29
707004,21
707026,138
707054,20
707058,38
707116,30
707178,35
707204,28
707216,16
707262,28
707263,19
707274,18
707293,31
707328,22
707343,24
707346,108
707359,36
707385,36
707399,62
707416,38
707463,87
707526,32
707578,61
707601,23
707648,48
707665,16
707668,20
707701,23
707706,45
707870,22
707885,24
707894,25
707929,80
708017,20
708029,16
708040,239
708042,77
708047,16
708107,44
708112,55
708134,52
708290,91
708364,16
708391,25
708434,18
708435,16
708472,17
708490,35
708498,30
708506,22
708617,18
708627,42
708650,52
708691,88
708732,22
708746,27
708769,16
708770,24
708790,16
708802,981
708870,19
708900,20
708972,23
708979,63
709040,23
709047,49
709059,209
709063,17
709108,128
709194,137
709208,17
709246,16
709258,27
709268,369
709309,24
709384,44
709435,183
709471,20
709477,44
709565,328
709609,79
709612,29
709682,33
709706,19
709729,28
709786,62
709831,61
709867,23
709868,39
709874,21
709949,17
709958,158
709959,22
710035,34
710045,16
710063,43
710073,108
710096,19
710163,481
710179,26
710225,21
710230,45
710269,24
710274,22
710276,220
710311,17
710326,31
710346,32
710355,48
710397,17
710458,188
710482,22
710496,20
710501,24
710505,22
710509,70
710515,26
710608,20
710626,17
710672,38
710679,23
710752,875
710792,113
710797,24
710845,29
710878,47
710891,92
710902,34
710904,17
710951,19
710959,26
710962,25
710966,21
711004,18
711006,45
711065,16
711097,91
711118,45
711124,35
711160,30
711169,59
711197,59
711212,26
711233,37
711242,17
711258,136
711285,31
711322,17
711456,22
711460,18
711506,25
711514,18
711531,177
711560,21
711564,20
711572,65
711593,19
711610,30
711613,20
711633,24
711648,482
711651,33
711662,16
711738,19
711747,894
711805,42
711873,30
711902,17
711911,24
711915,31
711938,47
711969,35
711982,24
712006,44
712010,55
712027,30
712095,117
712102,26
712126,25
712195,43
712226,17
712228,24
712232,20
712242,600
712277,24
712291,39
712301,26
712322,43
712342,26
712444,33
712486,59
712487,19
712516,32
712525,65
712529,16
712552,24
712565,37
712583,21
712589,39
712594,39
712610,36
712631,21
712647,24
712652,125
712653,27
712673,16
712696,18
712698,28
712709,32
712719,31
712737,50
712756,23
712813,100
712867,27
712871,39
712901,26
712906,29
712926,16
712936,23
713007,21
713013,42
713014,37
713025,231
713058,52
713076,24
713109,60
713127,20
713231,56
713251,39
713279,40
713416,81
713421,136
713423,17
713433,40
713473,16
713475,126
713485,23
713510,80
713528,65
713564,27
713567,22
713594,62
713611,38
713665,35
713670,32
713685,16
713700,38
713756,65
713785,78
713790,41
713823,31
713842,78
713884,22
713911,16
713981,44
713987,24
713997,17
714007,24
714024,17
714052,175
714067,20
714068,88
714083,34
714201,32
714213,38
714233,78
714234,1034
714266,40
714313,43
714358,44
714383,52
714389,40
714495,39
714518,21
714546,35
714557,16
714595,60
714603,41
714656,34
714674,18
714733,26
714747,16
714844,23
714852,17
714868,27
714880,31
714888,53
714915,30
714942,1086
714961,16
714986,1819
715001,76
715015,242
715030,38
715034,218
715096,270
715098,20
715125,19
715161,46
715187,21
715192,18
715221,17
715226,102
715237,138
715264,29
715270,16
715331,20
715361,29
715425,18
715435,40
715463,17
715487,17
715539,24
715549,150
715570,70
715603,22
715686,46
715691,21
715728,34
715830,18
715925,16
715972,22
716007,18
716044,45
716072,30
716082,29
716083,21
716103,48
716116,97
716162,184
716167,1357
716182,550
716210,19
716212,165
716268,18
716279,20
716369,32
716393,155
716456,585
716477,90
716529,20
716550,614
716576,81
716598,21
716603,216
716630,17
716667,28
716739,22
716781,23
716782,16
716820,36
716824,19
716884,37
717077,21
717099,26
717121,22
717122,20
717158,25
717165,22
717186,38
717263,21
717271,16
717279,213
717297,17
717299,28
717359,512
717480,18
717519,80
717526,31
717534,29
717617,23
717618,17
717702,30
717726,595
717765,17
717825,45
717829,72
717836,75
717866,90
717870,30
717887,17
717941,21
717978,81
717980,17
717990,72
718002,107
718072,17
718079,16
718148,18
718151,23
718178,28
718254,24
718256,27
718264,30
718339,43
718352,16
718356,29
718384,16
718430,74
718494,18
718541,66
718574,39
718654,73
718720,22
718737,22
718848,37
718878,71
718938,30
718994,28
719008,23
719022,48
719050,17
719057,103
719156,19
719260,18
719268,31
719285,803
719315,198
719343,33
719401,28
719412,42
719425,65
719429,21
719448,17
719470,19
719548,114
719569,28
719572,20
719578,32
719595,48
719599,270
719654,25
719720,62
719791,19
719794,21
719817,16
719879,39
719885,17
719915,17
719924,28
719946,23
719972,16
719992,24
720012,34
720028,35
720036,48
720059,23
720081,60
720092,64
720108,16
720109,20
720193,44
720276,17
720289,17
720311,46
720333,570
720341,19
720458,62
720491,56
720605,17
720621,106
720626,26
720632,58
720671,18
720694,49
720800,45
720899,27
720965,17
721045,87
721088,30
721122,41
721130,32
721134,17
721158,28
721224,148
721267,32
721277,19
721294,19
721313,53
721325,30
721353,653
721357,38
721363,24
721367,70
721369,27
721376,25
721390,103
721410,17
721426,46
721435,22
721436,17
721477,86
721488,94
721507,35
721541,17
721545,17
721578,27
721640,19
721652,26
721658,84
721660,96
721675,16
721693,31
721738,18
721745,31
721757,16
721760,16
721761,29
721834,179
721842,37
721849,84
721869,34
721886,134
721889,83
721908,38
721918,31
721950,54
721957,259
722012,54
722044,153
722046,478
722075,21
722090,23
722094,19
722108,74
722167,23
722177,208
722194,139
722246,25
722268,24
722303,24
722351,18
722356,65
722363,2209
722395,21
722404,57
722503,66
722523,30
722540,17
722569,21
722575,20
722624,52
722639,22
722661,27
722663,34
722672,17
722680,25
722681,41
722724,27
722727,81
722736,17
722787,22
722798,65
722808,21
722830,140
722877,200
722953,36
722963,227
722973,49
722978,125
723006,20
723023,17
723046,18
723051,23
723068,26
723129,50
723141,26
723171,16
723201,20
723226,21
723229,33
723242,25
723248,119
723409,113
723424,16
723463,16
723479,24
723485,21
723566,20
723569,16
723571,16
723665,22
723677,28
723703,257
723780,36
723844,27
723854,175
723867,37
723904,21
723956,117
724001,72
724055,101
724057,140
724081,23
724189,27
724205,22
724252,120
724269,23
724283,23
724284,59
724383,60
724443,170
724512,35
724520,51
724540,53
724541,102
724586,19
724587,116
724608,24
724611,64
724671,53
724673,23
724697,28
724700,18
724741,35
724771,419
724779,36
725010,31
725041,24
725078,40
725100,18
725116,16
725195,32
725249,37
725267,45
725286,23
725312,51
725357,55
725384,41
725434,17
725454,274
725459,31
725487,25
725528,200
725533,21
725574,25
725578,98
725582,57
725617,52
725700,57
725708,22
725716,152
725744,21
725810,20
725811,30
725845,302
725851,16
725879,24
725889,43
725905,71
725918,37
725946,41
725991,35
726000,92
726013,17
726033,36
726063,22
726110,17
726111,48
726117,24
726128,22
726138,17
726143,24
726161,43
726165,203
726192,23
726249,24
726352,98
726353,260
726366,52
726444,102
726532,20
726537,18
726541,8441
726551,18
726591,59
726594,17
726608,69
726636,32
726692,62
726740,72
726741,45
726784,25
726785,390
726786,45
726810,45
726835,25
726884,109
726890,17
726891,19
727007,20
727070,64
727121,49
727189,21
727199,20
727258,27
727365,47
727382,32
727394,63
727456,88
727457,100
727568,25
727581,16
727594,19
727674,2468
727675,49
727737,25
727749,17
727825,23
727828,61
727841,179
727847,67
727853,118
727887,16
727902,24
727977,39
727979,22
728022,26
728049,27
728068,26
728089,18
728131,23
728163,60
728239,40
728260,18
728271,22
728280,39
728308,20
728361,25
728362,28
728386,29
728441,20
728454,70
728485,16
728487,51
728497,21
728535,88
728556,16
728612,17
728616,17
728635,18
728657,18
728712,34
728783,20
728795,44
728811,22
728814,59
728818,74
728867,20
728872,94
728929,34
728950,44
729004,75
729073,66
729088,16
729093,30
729102,28
729126,39
729127,49
729135,780
729146,26
729152,46
729179,17
729185,20
729224,19
729280,21
729331,18
729337,19
729344,19
729348,51
729362,25
729365,35
729374,102
729391,18
729423,33
729430,72
729462,17
729463,19
729473,44
729474,26
729510,21
729543,26
729558,214
729615,87
729669,35
729683,17
729718,28
729850,34
729869,31
729889,79
729912,54
729927,18
729940,31
729975,88
730013,28
730076,45
730151,17
730224,22
730303,16
730309,119
730353,16
730425,23
730461,17
730466,39
730518,228
730561,61
730563,31
730598,24
730645,25
730647,16
730654,33
730673,22
730683,100
730698,16
730733,24
730759,29
730782,75
730836,133
730904,27
730934,18
730978,270
731005,1528
731028,27
731062,25
731065,24
731146,17
731148,27
731149,33
731150,16
731156,16
731161,1053
731188,20
731240,35
731249,23
731254,92
731282,18
731305,24
731333,19
731378,19
731418,50
731496,37
731498,23
731499,110
731508,24
731569,39
731575,19
731597,27
731598,16
731610,23
731632,18
731637,124
731647,22
731648,30
731681,20
731695,20
731710,17
731717,17
731815,21
731820,31
731850,27
731897,25
731898,52
731904,33
731969,19
731971,50
731994,16
732043,27
732069,35
732129,277
732151,37
732206,37
732296,67
732323,20
732332,41
732335,4258
732397,95
732439,240
732464,27
732467,19
732479,16
732485,22
732577,38
732611,29
732623,25
732635,61
732654,69
732678,20
732701,52
732728,127
732750,18
732803,40
732820,21
732821,37
732917,56
732925,45
732945,83
732987,64
733004,41
733013,132
733067,16
733075,22
733079,53
733090,67
733099,28
733222,17
733226,20
733248,24
733255,405
733265,127
733300,26
733317,62
733345,17
733360,105
733362,232
733435,57
733438,30
733468,16
733479,110
733480,105
733529,90
733551,197
733573,37
733644,94
733647,60
733677,50
733678,54
733702,152
733746,34
733762,57
733816,23
733853,19
733930,86
733938,51
733999,17
734012,49
734014,21
734029,26
734036,66
734042,575
734099,59
734101,84
734187,40
734188,17
734208,58
734250,22
734306,124
734310,27
734350,28
734367,104
734371,28
734401,49
734411,25
734500,37
734512,42
734517,31
734518,2527
734529,27
734558,48
734559,16
734571,200
734583,50
734620,111
734692,17
734710,170
734774,33
734797,65
734860,19
734909,33
734945,45
734948,19
734967,17
734980,24
735044,818
735103,40
735107,41
735108,29
735125,166
735135,28
735177,24
735192,164
735206,25
735208,17
735224,47
735258,17
735259,42
735272,17
735294,112
735312,44
735319,57
735328,23
735329,141
735346,39
735386,17
735397,41
735422,45
735510,37
735526,20
735541,24
735543,20
735579,24
735613,93
735632,45
735685,48
735707,95
735743,29
735817,18
735819,32
735827,51
735881,26
735883,19
735925,23
735935,48
736007,30
736065,43
736112,100
736206,20
736247,20
736250,88
736262,32
736274,25
736291,112
736307,2047
736308,18
736326,56
736327,27
736388,211
736390,21
736405,54
736407,92
736417,20
736432,16
736463,167
736471,53
736518,40
736539,167
736585,30
736637,16
736638,37
736665,20
736688,20
736706,19
736717,42
736747,20
736789,57
736800,26
736805,152
736838,41
736872,36
736873,442
736874,33
736889,319
736933,21
736944,23
736952,22
736966,19
737057,19
737102,27
737124,36
737160,23
737178,16
737215,130
737242,65
737259,22
737269,38
737311,44
737370,83
737412,172
737422,17
737439,34
737457,343
737474,43
737528,82
737566,20
737583,24
737609,17
737666,20
737733,16
737757,276
737771,21
737826,278
737831,62
737834,20
737905,383
737935,38
737948,18
738053,84
738103,25
738175,16
738176,31
738193,60
738203,18
738213,54
738222,63
738300,20
738325,29
738347,16
738376,25
738382,37
738383,39
738503,21
738588,42
738599,174
738667,29
738699,20
738700,86
738701,32
738743,18
738763,47
738787,29
738805,16
738815,21
738817,1073
738822,28
738828,34
738860,25
738866,27
738895,34
738996,16
739014,16
739015,18
739020,127
739041,101
739086,18
739123,35
739162,48
739213,22
739362,188
739388,17
739432,163
739473,19
739483,25
739526,40
739534,58
739576,16
739585,18
739679,169
739721,18
739775,64
739810,76
739922,19
739946,39
740002,17
740021,17
740023,19
740025,20
740031,67
740068,19
740131,3284
740140,31
740145,43
740193,22
740255,17
740267,1032
740304,195
740318,424
740339,19
740340,17
740348,25
740370,20
740377,75
740378,401
740415,22
740438,53
740505,21
740538,16
740570,20
740586,529
740588,41
740612,18
740625,17
740652,51
740679,29
740704,20
740740,21
740745,22
740781,55
740794,47
740807,30
740838,24
740879,36
740891,34
740989,40
741014,51
741015,62
741035,65
741044,519
741085,29
741154,16
741188,24
741205,92
741239,27
741258,23
741282,33
741293,18
741350,70
741367,17
741376,27
741398,196
741413,50
741506,88
741538,20
741600,135
741633,16
741637,18
741671,28
741672,26
741702,492
741749,186
741779,16
741783,30
741804,48
741806,129
741818,32
741835,32
741846,22
741869,29
741890,32
741916,20
741936,22
741981,17
741996,64
742024,114
742130,19
742154,25
742268,17
742271,46
742291,35
742350,35
742360,18
742373,19
742424,45
742443,64
742481,52
742485,22
742502,20
742520,16
742559,22
742568,16
742644,17
742645,65
742683,29
742684,16
742686,76
742703,476
742749,24
742809,22
742831,32
742873,52
742892,26
742949,22
742996,25
743021,21
743028,17
743063,18
743094,24
743189,18
743253,22
743267,34
743274,89
743325,78
743358,21
743371,17
743379,19
743414,28
743448,19
743449,27
743458,31
743460,28
743488,29
743489,21
743492,25
743509,31
743519,70
743546,28
743549,80
743565,21
743578,21
743586,24
743594,16
743625,16
743718,58
743726,42
743729,33
743730,53
743756,16
743765,23
743767,100
743789,160
743866,62
743931,671
744014,29
744022,19
744036,26
744050,25
744125,19
744133,18
744163,38
744175,116
744243,33
744267,82
744277,21
744290,89
744309,19
744331,59
744385,27
744401,50
744418,84
744429,1476
744460,45
744465,352
744516,326
744542,37
744554,115
744583,107
744585,35
744593,82
744611,18
744617,17
744711,28
744742,31
744807,29
744869,26
744886,56
744893,36
744925,74
744934,110
744943,17
744977,20
745021,46
745060,25
745117,18
745132,16
745163,26
745172,97
745245,16
745248,38
745314,33
745361,127
745362,24
745424,42
745495,20
745509,16
745551,143
745564,136
745646,35
745655,16
745691,338
745730,64
745800,110
745847,65
745849,39
745850,20
745880,22
745917,17
745925,26
745980,61
746022,24
746026,16
746035,2336
746061,47
746080,86
746098,20
746111,19
746147,21
746159,123
746197,28
746216,19
746219,46
746224,27
746226,33
746252,43
746257,113
746269,39
746281,69
746282,40
746291,32
746316,18
746319,16
746342,17
746376,32
746398,40
746401,29
746403,656
746476,17
746482,35
746494,30
746515,32
746523,33
746537,39
746547,249
746575,73
746585,25
746609,74
746612,19
746665,43
746667,25
746668,17
746708,17
746711,16
746722,57
746727,41
746767,30
746783,43
746816,21
746819,73
746866,663
746867,21
746937,16
746949,57
747010,17
747032,37
747034,18
747041,16
747077,53
747113,39
747143,37
747167,16
747223,19
747246,17
747261,17
747296,17
747340,192
747343,17
747417,18
747434,364
747453,148
747512,19
747547,112
747551,23
747573,198
747614,17
747619,61
747642,28
747643,19
747670,22
747721,16
747736,123
747750,39
747754,27
747755,17
747852,16
747902,27
747906,21
747921,17
747951,17
747954,526
747974,25
748008,63
748050,25
748063,20
748082,16
748084,21
748088,37
748091,19
748105,23
748114,28
748157,20
748158,30
748196,25
748241,42
748257,26
748269,31
748289,27
748333,86
748393,173
748473,334
748477,26
748525,143
748527,20
748538,28
748622,123
748648,56
748654,26
748691,19
748712,17
748724,23
748733,38
748738,20
748755,34
748845,17
748856,16
748891,82
748950,27
748952,26
748958,4190
748977,40
748993,64
748999,28
749013,42
749020,38
749032,223
749101,69
749128,31
749170,21
749193,25
749205,43
749275,30
749285,18
749286,450
749333,25
749343,27
749364,22
749383,26
749423,17
749432,17
749467,18
749490,88
749519,116
749529,57
749531,20
749538,31
749540,18
749579,17
749614,20
749685,38
749719,41
749735,24
749765,32
749771,51
749792,21
749824,24
749827,18
749840,49
749865,91
749889,19
749906,36
749962,18
749968,111
750017,22
750147,17
750151,3557
750181,26
750210,21
750236,18
750237,75
750256,116
750289,27
750295,24
750301,19
750312,56
750360,54
750378,18
750419,66
750439,22
750445,31
750453,33
750476,48
750497,68
750529,17
750535,20
750561,26
750629,23
750705,248
750710,21
750738,19
750791,40
750797,39
750814,381
750836,26
750855,17
750901,186
750927,22
750940,89
750974,27
751069,19
751111,104
751121,23
751122,16
751132,27
751135,30
751166,27
751168,44
751218,29
751335,22
751385,18
751408,219
751476,16
751477,65
751487,37
751501,18
751514,53
751543,63
751567,17
751579,50
751592,31
751594,17
751597,47
751614,16
751675,42
751769,18
751770,18
751828,52
751893,1176
751929,1050
752030,30
752045,21
752057,30
752070,792
752072,84
752082,25
752134,47
752220,71
752231,41
752250,23
752319,26
752320,17
752355,25
752360,23
752381,16
752382,17
752395,61
752414,37
752439,38
752465,357
752473,27
752489,17
752494,19
752502,16
752503,84
752592,95
752593,101
752608,18
752638,77
752731,40
752735,27
752842,38
752857,17
752862,27
752864,63
752883,24
752888,28
752939,68
752977,25
753002,19
753017,323
753018,17
753073,54
753088,39
753120,23
753130,30
753132,318
753133,16
753134,72
753153,20
753173,24
753188,19
753242,42
753279,107
753327,21
753332,21
753337,32
753352,17
753354,27
753382,118
753390,22
753408,19
753413,97
753416,110
753456,17
753462,18
753547,27
753556,66
753686,77
753758,35
753764,16
753810,29
753819,37
753837,45
753841,18
753867,29
753885,72
753893,20
753904,43
753933,151
753943,19
753955,19
753965,30
754028,20
754045,646
754058,834
754086,21
754149,136
754195,21
754227,22
754243,74
754250,33
754358,123
754409,66
754428,26
754459,30
754489,47
754522,81
754541,19
754600,42
754607,36
754684,20
754694,17
754703,80
754705,19
754721,91
754739,32
754770,94
754784,22
754793,22
754796,17
754803,28
754872,18
754930,27
754989,48
755000,122
755062,993
755073,18
755081,16
755095,20
755102,21
755125,151
755132,23
755155,18
755158,103
755220,560
755249,19
755293,17
755327,20
755328,19
755335,103
755355,24
755360,21
755365,28
755369,35
755380,84
755401,39
755493,65
755501,17
755506,67
755517,151
755524,42
755597,23
755636,17
755719,21
755741,19
755743,24
755786,47
755801,24
755822,27
755854,143
755860,20
755871,16
755881,27
755888,39
755910,24
755923,68
755934,30
755938,41
755949,18
756060,1379
756075,39
756121,18
756146,34
756233,31
756234,17
756273,30
756306,289
756323,29
756332,16
756378,22
756390,25
756391,19
756413,16
756416,45
756445,38
756477,25
756498,176
756539,19
756562,20
756577,984
756619,16
756628,16
756669,37
756670,22
756737,21
756770,18
756773,54
756783,29
756814,609
756817,20
756844,19
756848,130
756861,21
756885,24
756901,67
756902,17
756908,22
756968,27
757031,28
757079,24
757123,22
757143,24
757247,18
757306,53
757312,16
757325,23
757350,30
757371,32
757386,29
757417,18
757423,18
757463,20
757482,61
757489,28
757491,19
757509,28
757543,16
757576,29
757582,21
757596,21
757615,30
757646,19
757648,42
757652,20
757717,27
757758,33
757821,26
757842,17
757881,33
757894,67
757901,367
757916,67
757936,117
757964,26
757979,16
758004,28
758083,26
758105,17
758144,27
758154,50
758234,38
758238,26
758252,218
758255,20
758277,39
758278,55
758288,28
758359,144
758368,35
758378,27
758392,59
758418,26
758449,43
758454,19
758490,20
758519,65
758522,23
758536,94
758542,24
758584,25
758598,110
758642,23
758644,18
758679,29
758688,19
758691,62
758700,89
758790,31
758814,26
758842,19
758891,73
758903,88
758922,25
758959,29
758982,20
758984,37
759016,22
759034,29
759038,52
759044,29
759092,19
759095,21
759114,35
759126,19
759186,47
759231,17
759246,484
759309,32
759384,41
759418,23
759495,17
759542,111
759556,217
759558,17
759596,16
759746,55
759766,488
759779,18
759794,30
759803,26
759834,28
759898,36
759899,26
759979,335
759982,22
759997,42
760004,20
760025,20
760037,40
760042,28
760058,46
760059,33
760081,67
760100,72
760110,27
760173,22
760183,21
760240,33
760270,21
760284,25
760286,63
760410,18
760435,32
760441,28
760454,76
760458,32
760489,60
760491,33
760550,24
760564,26
760568,134
760610,16
760630,23
760631,45
760642,42
760711,16
760726,20
760768,36
760798,25
760800,23
760945,23
761083,155
761103,25
761122,51
761241,18
761256,19
761276,67
761285,17
761371,55
761375,45
761425,84
761427,24
761533,236
761566,51
761623,29
761712,37
761759,18
761766,26
761828,16
761879,17
761890,74
761902,16
761911,21
761927,29
761960,20
761995,18
762010,20
762090,17
762091,24
762221,40
762275,22
762327,21
762352,51
762353,29
762387,52
762402,30
762442,24
762492,25
762495,23
762527,163
762568,16
762577,38
762635,20
762656,18
762659,25
762691,19
762692,65
762732,62
762737,87
762782,74
762799,29
762822,18
762865,51
762880,17
762890,473
762897,19
762926,31
762980,22
762988,47
763003,35
763004,32
763011,18
763056,18
763073,35
763089,46
763094,45
763196,18
763213,42
763234,17
763241,25
763294,23
763311,47
763391,47
763392,80
763473,19
763478,16
763536,20
763565,49
763573,19
763577,25
763588,79
763601,71
763604,23
763639,16
763643,31
763661,16
763688,90
763730,33
763749,45
763802,68
763865,109
763875,29
763916,22
763939,163
763979,19
763997,21
763998,23
764070,26
764122,364
764180,191
764190,25
764199,20
764253,18
764258,30
764275,19
764313,46
764336,27
764345,28
764362,43
764377,43
764385,19
764416,18
764421,134
764440,35
764455,235
764462,18
764465,39
764489,75
764556,95
764576,18
764599,46
764607,16
764608,134
764645,19
764682,45
764699,38
764714,21
764803,18
764855,19
764867,1537
764870,17
764875,22
764937,145
764958,18
764998,46
765065,93
765103,20
765120,22
765150,32
765165,47
765166,377
765202,259
765294,30
765306,26
765311,26
765323,16
765350,19
765356,348
765383,17
765405,80
765413,19
765433,33
765459,19
765476,30
765497,22
765620,19
765716,17
765729,28
765739,42
765743,20
765803,18
765811,24
765813,46
765861,82
765896,18
765903,51
765907,551
765949,128
765957,17
765959,49
765964,42
765965,21
765976,30
766008,27
766024,23
766039,151
766049,19
766080,43
766158,17
766173,299
766202,88
766234,833
766236,24
766278,16
766320,42
766362,29
766400,485
766436,36
766439,16
766552,135
766561,37
766653,18
766714,20
766744,128
766773,17
766800,23
766862,19
766883,32
767005,61
767021,35
767025,85
767040,258
767085,16
767097,32
767102,17
767132,68
767154,21
767158,37
767159,17
767171,29
767245,262
767259,33
767346,17
767358,644
767370,44
767371,19
767422,22
767434,74
767453,29
767487,124
767491,17
767501,28
767568,28
767574,16
767609,21
767637,172
767647,16
767671,16
767708,17
767788,20
767801,21
767827,16
767926,49
767930,55
767965,18
767974,16
768058,22
768087,49
768095,32
768115,44
768125,16
768183,30
768206,29
768224,59
768231,274
768271,25
768295,80
768302,22
768311,18
768329,16
768382,33
768385,20
768421,18
768487,20
768492,54
768512,18
768530,16
768563,19
768583,427
768671,43
768691,119
768692,38
768749,183
768762,62
768788,36
768800,53
768845,32
768859,38
768901,25
768902,17
768904,22
768919,27
768994,26
768996,17
769080,78
769099,16
769100,43
769112,117
769146,16
769180,17
769239,26
769247,53
769270,423
769271,25
769277,17
769279,135
769298,89
769301,106
769311,26
769331,40
769404,81
769444,20
769446,53
769449,39
769522,17
769523,26
769534,154
769579,34
769614,31
769691,43
769706,19
769774,30
769799,36
769812,22
769825,142
769830,35
769839,17
769864,22
769872,17
769886,24
769891,18
769892,90
769893,44
769907,23
769955,28
769981,27
770038,33
770063,19
770084,37
770097,35
770098,23
770175,18
770225,163
770226,129
770276,50
770310,50
770355,26
770380,25
770387,59
770411,17
770493,43
770594,27
770635,26
770644,16
770652,58
770690,29
770718,244
770751,25
770838,17
770865,20
770924,222
770973,49
770985,21
771006,7502
771023,45
771030,35
771042,21
771090,35
771108,26
771128,34
771142,19
771223,20
771286,177
771291,23
771354,19
771423,42
771425,25
771426,36
771450,35
771538,55
771548,42
771553,31
771567,95
771619,36
771624,51
771755,20
771756,16
771761,17
771778,25
771790,67
771847,27
771856,25
771875,21
771894,31
771897,30
771898,20
771902,39
771909,63
771932,44
771946,40
771952,31
771996,23
771997,610
772037,22
772040,28
772062,21
772068,289
772106,27
772136,21
772155,69
772156,32
772159,51
772164,42
772209,239
772248,21
772293,37
772341,22
772361,37
772364,17
772400,180
772445,17
772450,56
772508,22
772523,25
772549,74
772624,117
772635,37
772641,54
772682,91
772731,20
772759,47
772769,25
772781,37
772806,40
772809,20
772819,31
772827,18
772908,18
772919,23
772983,58
772989,101
772990,36
772993,21
773072,25
773095,32
773104,29
773120,21
773132,29
773148,72
773162,40
773174,17
773211,30
773213,147
773216,25
773219,38
773251,55
773256,23
773267,27
773276,20
773361,16
773405,22
773408,20
773411,18
773438,40
773449,30
773532,17
773633,26
773653,51
773692,69
773777,23
773820,16
773824,17
773828,23
773830,125
773874,20
773948,21
773956,89
773985,79
774023,121
774040,22
774064,16
774173,32
774212,22
774223,320
774257,18
774266,65
774336,17
774366,63
774417,24
774420,142
774424,42
774451,42
774567,17
774595,22
774598,78
774622,53
774623,27
774658,19
774698,40
774699,33
774713,221
774716,39
774717,20
774746,17
774747,16
774751,70
774782,26
774866,27
774886,24
774897,18
774919,36
774930,16
775004,85
775007,21
775035,1131
775060,18
775084,61
775085,18
775130,20
775134,28
775163,22
775273,24
775327,41
775353,32
775364,36
775365,142
775455,89
775471,52
775507,16
775546,24
775563,25
775632,47
775636,25
775644,18
775645,35
775653,43
775674,28
775702,106
775739,93
775803,41
775887,21
775901,37
775911,67
775918,64
775943,53
775972,49
775975,48
776010,81
776045,333
776125,22
776168,19
776171,45
776193,25
776197,50
776223,17
776285,31
776286,16
776289,23
776345,23
776388,25
776402,19
776422,46
776425,68
776451,29
776467,17
776524,18
776573,44
776584,100
776590,30
776628,30
776632,20
776647,89
776687,42
776706,17
776707,24
776747,21
776750,80
776779,62
776815,17
776838,18
776886,64
776921,72
776961,20
776967,102
776977,45
777000,19
777013,301
777031,16
777060,28
777064,52
777084,384
777127,16
777128,63
777131,24
777203,330
777219,24
777235,150
777311,44
777339,16
777352,27
777355,625
777368,29
777388,20
777411,24
777421,20
777441,49
777462,53
777463,66
777488,35
777513,36
777527,22
777585,120
777666,21
777753,385
777777,22
777788,17
777918,66
777973,23
777988,28
777998,49
778066,29
778084,22
778094,21
778095,16
778118,24
778145,94
778160,143
778253,36
778256,458
778360,105
778414,55
778457,43
778477,87
778563,18
778569,62
778592,78
778615,16
778649,19
778777,96
778788,181
778807,20
778827,91
778837,17
778840,90
778879,16
778890,33
778903,109
778915,62
778935,155
778945,21
778964,23
779032,19
779056,16
779060,38
779074,24
779083,27
779096,123
779097,38
779166,78
779340,100
779358,61
779410,16
779420,18
779461,18
779476,145
779498,33
779521,25
779537,97
779558,25
779592,20
779620,20
779625,44
779669,22
779717,66
779750,24
779819,46
779854,221
779859,179
779893,17
779895,79
779899,16
779900,188
780019,19
780023,187
780024,123
780094,30
780100,65
780149,33
780161,18
780193,33
780240,71
780313,32
780329,171
780359,22
780414,16
780454,26
780499,31
780508,24
780517,19
780530,40
780605,175
780629,16
780638,30
780677,23
780741,32
780788,19
780863,103
780882,25
780897,49
780901,129
780902,22
780956,277
780957,104
781011,33
781040,24
781045,149
781074,27
781141,18
781189,38
781208,22
781230,16
781261,24
781282,59
781296,23
781321,35
781387,39
781401,43
781468,131
781482,81
781501,124
781578,19
781618,101
781622,313
781661,209
781714,51
781764,70
781768,22
781773,24
781775,19
781859,55
781926,56
781931,24
782024,29
782086,87
782127,110
782169,27
782172,22
782218,18
782302,62
782311,16
782345,59
782355,156
782358,16
782367,18
782413,69
782439,37
782464,33
782502,44
782503,23
782597,28
782604,47
782658,726
782749,46
782755,22
782768,558
782770,16
782783,32
782820,60
782872,21
782931,28
782967,20
783051,35
783062,22
783186,17
783214,32
783231,22
783243,21
783260,17
783275,23
783279,23
783319,24
783428,48
783434,30
783477,42
783482,33
783511,78
783540,27
783543,20
783553,21
783598,27
783616,205
783682,42
783702,18
783708,20
783854,21
783876,18
783934,31
783955,16
783971,55
783980,27
784003,282
784017,51
784038,26
784080,34
784134,23
784135,50
784179,17
784270,17
784307,23
784401,135
784449,23
784482,19
784567,37
784576,147
784585,27
784613,17
784620,20
784639,76
784643,18
784667,28
784675,39
784758,49
784808,24
784874,24
784902,70
784916,18
784956,34
784978,17
785027,142
785063,21
785073,53
785078,21
785109,40
785121,16
785139,19
785206,16
785212,17
785275,45
785303,40
785304,19
785305,236
785392,28
785397,16
785490,28
785559,17
785587,30
785631,21
785659,24
785675,766
785677,429
785713,35
785738,19
785820,30
785863,18
785883,25
785884,78
785968,19
786007,48
786048,54
786171,386
786201,55
786222,36
786346,63
786348,27
786357,123
786376,31
786389,38
786407,24
786438,27
786478,27
786606,106
786621,41
786658,21
786666,25
786698,288
786699,41
786711,68
786719,24
786834,19
786872,38
787009,222
787055,489
787072,36
787081,37
787082,21
787096,17
787113,30
787164,16
787224,18
787250,56
787270,46
787271,28
787306,22
787330,96
787372,104
787400,22
787426,29
787437,18
787484,39
787500,44
787509,118
787544,144
787548,141
787578,122
787600,18
787601,19
787602,19
787618,57
787646,21
787674,21
787728,23
787745,27
787764,58
787766,18
787792,39
787800,35
787815,65
787817,36
787822,16
787832,45
787837,20
787846,1855
787849,20
787882,34
787885,27
788041,18
788067,33
788148,129
788149,154
788162,74
788163,23
788239,19
788281,35
788285,21
788299,19
788316,18
788337,28
788410,94
788445,17
788450,23
788457,39
788482,17
788490,29
788519,45
788524,17
788566,77
788607,1945
788622,32
788628,25
788675,38
788707,49
788719,18
788863,228
788875,53
788897,32
788905,20
788920,22
788943,18
788972,17
788975,20
789020,32
789062,34
789078,62
789140,42
789169,16
789170,18
789314,24
789329,30
789461,19
789485,17
789491,30
789505,239
789537,23
789559,28
789575,77
789614,71
789641,27
789665,32
789669,27
789680,16
789702,65
789704,29
789711,18
789712,25
789748,23
789834,16
789852,212
789882,19
789900,23
789907,57
789916,39
789982,33
789983,22
790031,38
790079,18
790096,17
790140,25
790170,21
790203,290
790234,112
790236,28
790251,17
790266,398
790271,19
790348,41
790363,75
790390,73
790406,23
790443,18
790456,926
790507,99
790537,21
790548,27
790557,18
790559,22
790602,51
790659,21
790677,19
790712,23
790786,28
790797,19
790829,242
790906,21
790921,17
790947,20
790970,20
790980,23
790990,40
791018,336
791066,18
791076,145
791165,16
791249,21
791287,45
791313,146
791348,22
791375,31
791454,33
791472,35
791511,19
791552,34
791638,19
791648,34
791657,27
791682,42
791689,268
791693,33
791711,21
791750,48
791753,318
791762,90
791784,220
791805,22
791816,45
791829,30
791836,137
791869,18
791893,23
791896,54
791922,17
791929,19
791990,36
792012,50
792056,21
792081,24
792118,370
792131,51
792159,16
792163,45
792180,20
792224,16
792275,55
792287,18
792303,30
792314,1276
792394,22
792419,26
792439,114
792471,124
792492,25
792504,29
792550,35
792564,27
792580,49
792618,24
792624,33
792739,357
792754,17
792761,36
792768,103
792781,17
792844,107
792888,329
792928,127
792930,121
792941,908
792944,24
792957,38
792969,24
793010,52
793047,27
793066,22
793082,18
793116,25
793117,20
793123,16
793125,17
793132,19
793149,23
793283,40
793287,101
793298,18
793320,16
793327,25
793334,41
793360,73
793363,21
793390,22
793400,82
793431,17
793438,16
793449,24
793533,38
793557,54
793585,119
793588,300
793601,19
793602,22
793642,22
793648,37
793665,41
793680,21
793712,62
793731,19
793766,164
793768,17
793800,29
793853,45
793854,20
793873,62
793883,246
793893,18
793909,36
793910,31
793911,19
793955,22
793996,18
793997,28
794000,30
794103,16
794105,189
794122,20
794126,17
794164,16
794207,40
794212,31
794255,20
794261,28
794286,19
794379,58
794410,18
794421,19
794491,17
794496,29
794513,260
794517,28
794529,22
794551,19
794562,55
794567,114
794680,30
794681,20
794686,30
794691,32
794713,37
794722,22
794744,62
794788,58
794825,25
794830,37
794831,32
794861,23
794913,126
794944,91
794955,414
794992,31
795001,334
795002,68
795049,45
795075,18
795103,21
795116,25
795177,37
795193,26
795201,27
795202,21
795338,25
795361,96
795381,26
795397,43
795423,35
795431,44
795466,18
795480,605
795482,31
795520,27
795564,47
795592,17
795602,19
795624,50
795635,67
795655,19
795657,18
795671,16
795694,22
795695,30
795696,39
795706,66
795713,74
795772,20
795812,42
795824,21
795840,77
795895,39
795939,47
795940,41
795946,23
795951,37
795959,16
795960,86
795997,39
796054,148
796067,28
796083,27
796120,97
796147,46
796197,47
796210,48
796316,40
796323,39
796389,41
796394,43
796413,18
796457,25
796471,22
796472,57
796490,16
796506,23
796530,19
796550,17
796593,98
796652,31
796678,171
796679,48
796812,75
796815,19
796825,19
796903,24
796913,16
796944,55
796963,22
796971,27
796989,107
797004,16
797019,55
797054,743
797063,53
797141,36
797143,23
797147,19
797154,128
797215,70
797232,160
797247,19
797254,31
797264,29
797297,60
797371,23
797377,35
797388,23
797503,33
797527,27
797528,112
797532,33
797533,19
797535,103
797541,44
797558,16
797563,37
797570,36
797575,33
797636,41
797660,18
797720,17
797750,73
797764,41
797767,28
797777,21
797811,118
797822,23
797840,69
797871,20
797887,60
797938,33
797958,21
797962,49
797965,43
797986,86
797989,17
798029,38
798062,19
798098,33
798188,34
798194,34
798215,38
798269,18
798303,16
798343,47
798356,34
798369,23
798382,37
798397,39
798412,19
798413,57
798423,36
798458,20
798460,24
798478,99
798566,16
798592,45
798613,55
798621,347
798690,32
798691,44
798748,43
798750,146
798841,43
798859,19
798870,41
798942,85
798992,17
799035,19
799054,23
799172,574
799192,24
799282,58
799353,45
799360,18
799380,30
799435,19
799481,21
799501,18
799507,17
799573,331
799604,102
799613,25
799642,27
799674,23
799691,33
799697,54
799698,19
799717,204
799729,17
799735,605
799751,57
799778,21
799839,17
799891,511
799943,6820
799960,18
799975,19
799986,61
800013,33
800076,16
800126,254
800131,20
800133,30
800152,34
800183,83
800188,64
800239,29
800294,244
800295,175
800324,112
800342,18
800355,20
800368,23
800405,78
800437,30
800451,19
800484,19
800487,246
800491,20
800513,67
800517,22
800519,364
800533,16
800601,29
800618,12867
800635,38
800643,30
800649,19
800678,16
800688,50
800722,21
800723,32
800736,38
800759,20
800771,247
800807,57
800831,1917
800890,26
800894,19
800914,24
800926,23
800927,17
800955,36
800960,41
800974,804
800997,21
801064,20
801068,39
801076,19
801094,21
801102,32
801117,16
801141,31
801149,41
801182,35
801194,40
801205,26
801229,20
801277,30
801299,19
801319,22
801353,96
801360,140
801364,48
801369,23
801420,28
801521,283
801524,21
801537,25
801538,18
801550,17
801553,18
801554,33
801574,51
801578,46
801585,19
801586,172
801629,24
801679,16
801720,52
801729,18
801752,41
801754,40
801770,62
801786,70
801910,21
801912,19
802063,17
802073,16
802079,19
802115,52
802145,31
802255,46
802266,28
802309,17
802313,16
802325,27
802364,31
802411,71
802413,64
802414,35
802429,415
802490,33
802523,30
802536,69
802541,26
802560,30
802561,29
802609,58
802647,37
802655,27
802668,91
802679,35
802701,94
802739,37
802793,211
802797,875
802893,47
802972,70
802991,20
803206,44
803232,74
803233,284
803234,18
803249,42
803277,36
803278,46
803279,217
803329,24
803355,84
803366,19
803459,29
803487,16
803510,37
803511,24
803517,30
803519,234
803534,39
803594,31
803618,20
803625,18
803688,28
803762,19
803807,24
803818,22
803821,38
803943,35
803974,18
804022,35
804031,70
804049,21
804085,20
804116,21
804183,24
804204,106
804231,71
804234,23
804237,17
804243,40
804247,19
804296,20
804312,20
804317,18
804339,20
804371,23
804378,18
804427,349
804470,24
804525,64
804549,128
804680,32
804681,94
804682,21
804683,21
804694,18
804712,18
804730,48
804733,490
804799,464
804801,25
804822,275
804828,70
804896,49
804901,48
804914,28
804915,18
804918,22
804950,42
804981,451
805007,45
805008,16
805058,65
805140,50
805145,48
805170,17
805198,20
805232,21
805266,47
805270,135
805322,18
805428,31
805474,30
805591,26
805644,23
805645,34
805663,20
805678,51
805729,507
805741,28
805788,167
805794,30
805801,51
805908,36
805944,25
805987,62
806046,24
806055,37
806089,34
806102,58
806136,33
806150,61
806252,21
806255,216
806347,20
806384,19
806478,197
806501,35
806515,449
806516,38
806549,114
806567,16
806588,17
806598,18
806606,28
806611,54
806618,17
806619,31
806633,17
806660,19
806687,132
806715,21
806744,91
806785,127
806808,33
806832,34
806853,21
806883,30
806907,67
806914,33
806980,19
807040,41
807095,16
807108,57
807110,24
807114,87
807143,28
807168,45
807206,23
807209,23
807213,33
807215,45
807232,21
807285,23
807286,194
807343,45
807345,132
807369,25
807371,54
807441,22
807496,19
807505,17
807550,28
807551,30
807568,63
807582,25
807593,68
807595,38
807615,37
807617,17
807618,32
807665,53
807742,58
807753,47
807780,133
807783,60
807879,32
807901,229
807902,63
807906,42
807909,28
807916,16
807917,42
807957,36
807968,47
807985,24
807997,77
808026,51
808028,18
808039,22
808040,123
808079,557
808107,17
808115,25
808123,75
808124,31
808131,57
808166,136
808179,24
808182,28
808238,16
808239,22
808275,16
808316,16
808380,70
808383,1132
808384,330
808405,31
808427,35
808448,49
808473,34
808484,37
808506,27
808510,20
808547,49
808565,24
808622,38
808628,17
808653,505
808704,19
808767,54
808790,17
808812,23
808824,147
808874,54
808908,35
808917,17
808941,32
808947,25
808978,27
808988,323
809022,47
809064,130
809075,16
809111,57
809150,16
809153,31
809161,85
809170,77
809184,20
809193,61
809249,29
809255,88
809290,24
809296,28
809336,40
809379,30
809392,41
809425,39
809505,59
809566,42
809575,20
809685,106
809723,132
809774,111
809806,61
809832,22
809888,63
809905,85
809912,24
809944,349
809945,31
809947,36
809964,23
809965,17
809967,39
810049,35
810089,16
810129,18
810136,18
810156,27
810171,29
810180,18
810192,19
810193,27
810215,20
810217,23
810240,25
810244,41
810251,31
810264,1429
810439,19
810455,24
810461,604
810472,396
810493,21
810496,21
810505,54
810559,19
810575,318
810598,47
810599,20
810672,71
810788,48
810800,17
810807,1495
810907,26
810921,86
810938,106
810947,17
810971,48
810982,19
810986,43
810987,155
811000,30
811001,25
811015,31
811020,66
811038,32
811077,62
811109,23
811117,19
811124,37
811146,266
811152,22
811162,67
811170,26
811193,16
811212,42
811213,63
811216,18
811225,20
811344,19
811355,25
811367,23
811369,25
811419,24
811480,16
811508,31
811564,182
811583,16
811609,28
811610,40
811634,16
811647,18
811654,22
811711,339
811726,22
811745,22
811757,16
811772,24
811786,50
811837,22
811839,51
811855,62
811872,67
811891,20
811938,24
811988,16
812034,16
812084,35
812172,311
812178,20
812197,26
812198,93
812238,273
812255,16
812283,18
812293,47
812359,35
812375,85
812383,19
812392,18
812394,29
812398,21
812450,18
812462,1126
812486,50
812552,200
812602,75
812672,21
812681,20
812693,45
812794,32
812799,20
812812,19
812857,85
812868,16
812917,16
812937,29
812950,1471
812953,30
812959,37
813005,17
813087,34
813098,55
813114,37
813147,42
813154,21
813158,82
813186,16
813284,156
813324,16
813328,45
813341,169
813377,31
813396,20
813432,22
813675,17
813694,95
813700,27
813722,16
813735,30
813738,59
813755,32
813765,32
813772,43
813782,60
813878,21
813942,29
814010,29
814079,111
814096,198
814112,74
814159,79
814187,60
814194,44
814210,83
814214,95
814226,37
814239,18
814251,69
814264,47
814341,17
814387,32
814400,77
814434,32
814445,3878
814473,58
814483,18
814495,16
814539,40
814560,39
814618,66
814632,22
814683,389
814727,23
814739,26
814784,44
814792,38
814845,20
814864,17
814963,19
815011,32
815016,40
815044,18
815055,18
815079,22
815080,82
815168,21
815182,17
815191,59
815198,100
815240,24
815249,28
815252,31
815259,19
815274,67
815310,18
815329,52
815335,25
815342,187
815356,22
815362,20
815390,51
815391,20
815416,20
815508,257
815525,33
815531,25
815603,17
815627,17
815658,23
815683,27
815730,75
815831,121
815832,16
815840,31
815844,70
815890,35
815962,35
815969,19
816059,45
816061,28
816174,19
816229,40
816343,337
816362,24
816399,94
816407,17
816408,20
816412,28
816423,25
816446,86
816456,39
816475,19
816506,44
816515,19
816516,36
816553,58
816598,55
816616,17
816635,19
816664,83
816734,31
816747,30
816799,36
816868,52
816916,16
816943,36
816955,19
816956,43
816964,24
816966,17
816968,611
816976,18
816983,26
816998,34
817103,35
817110,113
817129,35
817131,22
817141,21
817157,45
817194,22
817198,22
817204,21
817220,34
817243,83
817246,38
817254,24
817255,18
817276,16
817288,18
817298,22
817309,17
817324,1370
817360,32
817399,19
817407,35
817417,22
817418,23
817483,23
817505,99
817543,62
817639,18
817682,23
817726,25
817759,128
817767,43
817786,22
817800,24
817815,140
817824,42
817826,18
817836,25
817857,25
817899,109
817900,28
817920,18
817929,21
817959,25
817987,33
818023,30
818093,54
818098,17
818130,16
818149,193
818176,172
818255,17
818261,57
818267,20
818268,22
818278,18
818294,17
818356,17
818426,16
818439,24
818462,20
818472,19
818485,21
818496,51
818521,21
818528,17
818570,18
818629,63
818636,91
818637,23
818673,299
818707,18
818753,59
818760,18
818783,17
818836,39
818864,73
818866,16
818867,22
818988,18
818991,20
819000,29
819016,41
819048,30
819057,20
819060,25
819074,29
819081,39
819090,23
819114,29
819171,26
819221,18
819252,17
819278,79
819292,23
819330,81
819410,16
819421,21
819423,17
819445,419
819446,144
819450,186
819467,79
819517,437
819538,21
819543,44
819566,41
819570,21
819665,67
819675,18
819722,19
819734,28
819750,358
819761,28
819802,22
819837,23
819841,23
819843,18
819849,20
819874,394
819910,22
819915,38
819958,61
819965,19
819967,34
820127,35
820142,32
820166,206
820226,19
820241,22
820344,27
820365,16
820367,33
820377,17
820439,33
820450,30
820464,30
820499,547
820508,56
820580,51
820585,23
820587,37
820629,20
820643,22
820653,45
820655,28
820673,27
820776,21
820834,36
820878,26
820880,20
820907,16
820917,39
820931,64
820963,146
820980,26
821023,16
821037,42
821053,51
821067,72
821088,21
821098,47
821134,264
821149,19
821193,29
821236,245
821287,499
821296,165
821305,42
821308,18
821333,28
821343,89
821369,18
821387,26
821399,18
821438,34
821505,39
821581,27
821608,30
821625,20
821651,43
821655,546
821701,19
821727,118
821742,106
821750,16
821788,35
821808,17
821965,19
822016,18
822084,43
822116,28
822118,59
822123,16
822124,32
822133,20
822153,24
822168,72
822204,50
822265,22
822290,52
822427,21
822462,115
822480,31
822507,18
822508,17
822577,149
822598,29
822661,16
822669,18
822708,35
822710,23
822719,19
822746,242
822752,16
822864,72
822865,23
822920,461
822946,615
822954,65
823060,24
823073,19
823097,261
823103,26
823116,86
823153,40
823162,32
823164,19
823186,18
823200,41
823245,53
823296,20
823297,22
823309,17
823319,29
823332,33
823336,38
823361,160
823362,152
823398,21
823400,19
823433,20
823449,183
823456,23
823517,21
823612,77
823628,26
823691,43
823709,19
823726,31
823755,28
823770,43
823797,19
823807,18
823848,101
823849,48
823942,20
824023,26
824032,17
824087,26
824198,17
824208,132
824333,35
824343,18
824353,23
824388,56
824409,24
824420,51
824434,85
824503,45
824530,29
824541,46
824553,214
824564,26
824601,26
824609,26
824624,86
824664,51
824682,478
824762,31
824792,20
824811,20
824826,18
824838,23
824895,51
824941,96
824946,106
824976,43
825001,27
825043,16
825053,45
825071,38
825082,74
825109,17
825141,22
825217,67
825225,25
825228,50
825232,31
825253,48
825384,23
825396,34
825470,24
825612,19
825627,22
825695,19
825742,30
825758,317
825787,17
825871,25
825873,17
825876,30
825890,86
825896,128
825985,51
826038,20
826104,28
826139,18
826183,21
826271,26
826280,18
826334,51
826383,16
826486,19
826491,37
826517,24
826518,27
826519,40
826556,17
826560,23
826575,118
826589,20
826619,22
826646,55
826657,19
826669,68
826709,24
826710,16
826746,16
826778,120
826811,28
826826,90
826846,18
826866,49
826873,220
826948,109
826959,24
826965,19
827013,20
827072,21
827076,27
827180,22
827194,63
827196,17
827230,17
827232,22
827238,78
827248,29
827261,20
827273,24
827294,18
827337,56
827339,71
827363,470
827412,23
827416,34
827435,52
827449,59
827484,53
827490,34
827520,23
827543,58
827556,34
827593,29
827623,20
827649,19
827665,20
827684,434
827725,21
827762,64
827838,38
827839,76
827868,19
827906,64
827917,128
827945,104
827969,18
828113,31
828114,27
828145,122
828158,23
828198,16
828353,22
828357,28
828376,116
828377,38
828430,20
828510,76
828515,46
828522,18
828555,118
828572,19
828600,31
828621,32
828671,20
828787,90
828828,21
828836,39
828837,20
828842,35
828869,41
828929,40
828932,25
828941,17
828945,51
828958,17
828975,37
829002,66
829070,73
829103,23
829133,49
829171,16
829206,16
829235,66
829294,202
829435,32
829437,95
829489,164
829512,353
829543,38
829547,387
829552,18
829559,23
829560,235
829570,48
829573,19
829607,21
829632,34
829639,32
829721,25
829726,142
829848,72
829851,420
829868,81
829968,122
829984,72
829998,31
829999,18
830001,35
830017,65
830022,101
830077,235
830097,78
830118,62
830126,40
830137,35
830170,91
830175,51
830187,48
830266,26
830301,22
830336,36
830339,99
830360,32
830370,41
830388,283
830391,41
830399,20
830422,421
830437,95
830448,20
830454,19
830493,36
830497,82
830516,36
830524,62
830543,28
830544,2875
830546,34
830558,60
830634,41
830646,61
830781,23
830787,64
830807,95
830835,748
830900,41
830902,20
830927,22
830930,29
830932,19
830983,40
831000,147
831031,21
831037,21
831039,19
831058,17
831111,16
831126,62
831166,49
831175,16
831183,44
831231,40
831251,24
831253,24
831255,45
831261,37
831309,42
831314,17
831325,16
831327,49
831435,23
831505,40
831512,41
831521,48
831529,20
831544,35
831599,16
831613,17
831614,20
831616,22
831668,18
831687,27
831689,22
831703,72
831708,29
831741,17
831744,77
831769,18
831802,89
831821,19
831881,21
831966,46
832053,127
832070,17
832075,22
832092,17
832100,27
832139,18
832171,26
832178,25
832220,21
832313,25
832351,36
832357,62
832358,72
832407,20
832434,63
832440,16
832533,23
832563,30
832572,63
832589,38
832593,54
832613,147
832653,41
832675,18
832700,19
832713,67
832770,22
832774,31
832775,76
832811,16
832829,42
832831,257
832870,26
832872,600
832906,34
832934,16
833002,19
833027,19
833034,27
833040,19
833067,22
833088,41
833114,369
833167,21
833174,16
833199,18
833224,105
833240,26
833253,85
833280,19
833291,21
833310,148
833371,98
833409,18
833416,200
833489,39
833499,33
833523,16
833562,17
833602,16
833629,59
833630,37
833632,35
833663,111
833725,138
833807,36
833853,23
833868,17
833871,36
833893,16
833905,35
833962,27
834048,16
834060,21
834066,29
834070,34
834098,22
834132,17
834153,27
834158,39
834195,31
834222,16
834241,98
834263,17
834271,56
834330,20
834358,18
834372,237
834388,17
834390,94
834400,21
834426,200
834436,30
834507,18
834529,32
834582,65
834584,55
834667,18
834750,17
834778,21
834790,17
834795,172
834817,19
834844,48
834847,18
834869,21
834909,18
834953,60
834974,43
835065,275
835093,29
835095,24
835102,24
835112,18
835128,119
835143,29
835170,16
835191,17
835216,21
835250,58
835274,34
835294,18
835303,24
835317,24
835319,20
835330,25
835333,46
835357,20
835373,45
835383,18
835596,178
835656,30
835679,54
835685,51
835734,18
835755,16
835774,46
835796,63
835811,33
835815,22
835899,70
835940,19
835962,40
835978,24
835991,16
836010,24
836103,23
836121,43
836135,213
836152,26
836174,33
836175,19
836176,39
836177,16
836211,36
836234,17
836269,41
836273,69
836299,58
836306,17
836354,23
836361,42
836402,20
836404,18
836457,157
836508,18
836534,114
836577,160
836591,24
836601,23
836616,19
836640,31
836653,639
836655,27
836751,46
836782,25
836801,19
836866,33
836870,89
836901,21
836915,33
836922,79
836961,100
837005,20
837023,28
837065,23
837086,31
837093,20
837137,33
837144,31
837241,19
837242,73
837283,16
837309,33
837333,16
837378,32
837474,16
837504,18
837527,18
837536,19
837573,143
837646,20
837660,17
837714,93
837720,1087
837723,17
837736,19
837767,20
837786,20
837788,17
837802,144
837848,17
837849,21
837864,115
837906,19
837935,73
837951,16
837962,62
837983,16
837995,19
838002,32
838007,40
838031,23
838087,21
838095,29
838119,56
838144,24
838145,218
838170,17
838198,69
838241,21
838355,46
838382,16
838392,52
838395,23
838438,32
838439,41
838443,28
838445,24
838460,27
838476,26
838497,41
838543,30
838594,37
838603,26
838604,21
838618,38
838643,19
838656,20
838695,55
838741,19
838821,18
838843,21
838877,24
838879,17
838985,29
839024,31
839056,26
839076,49
839079,83
839094,27
839126,35
839159,99
839162,17
839178,97
839248,31
839267,24
839319,41
839320,61
839329,26
839385,32
839448,244
839451,19
839541,23
839574,17
839580,109
839627,972
839628,22
839728,40
839739,17
839758,18
839795,53
839826,19
839832,21
839847,22
839966,33
839997,17
840004,16
840050,36
840060,19
840062,29
840076,17
840109,35
840112,29
840145,55
840168,21
840173,39
840181,38
840206,61
840282,24
840289,32
840414,22
840418,932
840471,21
840530,42
840630,24
840635,25
840694,30
840722,36
840748,43
840756,24
840775,17
840818,20
840879,307
840918,67
840947,22
840956,74
841027,43
841031,16
841111,50
841162,262
841201,35
841203,97
841204,26
841242,160
841269,31
841300,46
841303,47
841336,16
841341,22
841372,16
841375,21
841414,26
841430,22
841572,33
841591,18
841603,22
841605,529
841622,22
841651,20
841683,134
841754,282
841755,18
841774,28
841788,29
841793,274
841794,22
841871,19
841894,40
841924,21
841955,36
841956,159
842025,131
842041,17
842058,17
842140,28
842167,53
842182,58
842195,17
842197,19
842278,79
842287,20
842303,71
842349,27
842397,18
842398,40
842402,22
842431,20
842468,50
842469,25
842489,26
842519,89
842540,29
842584,56
842592,18
842593,16
842598,53
842655,22
842658,473
842672,691
842688,54
842690,37
842715,51
842726,88
842747,53
842776,45
842789,42
842796,28
842802,22
842803,142
842807,22
842902,55
842912,73
842913,269
842916,139
843007,30
843012,41
843065,21
843074,1202
843100,24
843111,24
843121,18
843159,38
843182,306
843248,27
843265,17
843313,29
843330,24
843335,17
843350,21
843364,34
843371,620
843389,152
843447,54
843467,33
843512,73
843567,17
843583,68
843586,18
843593,57
843628,33
843669,175
843671,28
843718,47
843746,18
843760,22
843761,39
843853,20
843894,23
843895,142
843917,62
843943,64
843951,76
844032,21
844042,46
844044,18
844102,29
844105,16
844160,16
844265,54
844268,17
844305,19
844329,403
844332,32
844424,18
844430,22
844454,35
844455,18
844461,50
844489,90
844531,21
844539,30
844553,64
844560,23
844599,51
844612,88
844617,32
844618,19
844638,21
844641,33
844642,55
844719,89
844730,17
844760,129
844784,18
844833,30
844903,39
844916,65
844929,143
844947,276
844969,36
844995,43
845004,26
845019,18
845049,36
845115,44
845198,22
845221,22
845222,20
845224,26
845238,17
845269,58
845282,17
845295,19
845316,18
845367,19
845369,23
845417,17
845422,34
845443,60
845446,44
845449,32
845553,17
845620,19
845703,25
845705,16
845770,85
845799,533
845814,27
845827,16
845936,36
845983,23
845992,112
846058,43
846072,34
846100,25
846137,28
846165,19
846219,75
846253,18
846273,45
846287,31
846304,72
846307,156
846367,28
846377,22
846384,82
846390,19
846485,286
846501,40
846515,20
846532,22
846559,18
846741,65
846749,20
846753,36
846824,33
846848,22
846852,25
846872,53
846880,83
846892,82
846900,21
846925,21
846970,17
847017,193
847064,16
847071,19
847076,79
847088,24
847103,18
847170,58
847215,100
847224,95
847251,20
847291,19
847327,23
847340,28
847371,135
847382,43
847415,24
847443,23
847446,16
847460,130
847503,1204
847510,223
847570,25
847603,92
847620,40
847631,22
847656,32
847661,36
847682,21
847734,18
847806,25
847826,16
847865,25
847866,31
847869,110
847907,17
847908,24
847918,26
847924,63
847940,20
847949,17
847952,29
847967,23
847997,22
848143,19
848151,47
848152,17
848174,23
848192,27
848242,46
848282,23
848287,18
848489,17
848509,62
848563,22
848576,336
848604,39
848617,18
848622,165
848651,80
848653,310
848658,92
848662,179
848695,20
848716,1756
848735,16
848763,22
848830,58
848833,18
848835,53
848854,18
848856,59
848858,60
848913,23
848948,2025
848990,19
849041,26
849053,24
849115,46
849126,60
849183,41
849186,26
849345,66
849395,52
849466,19
849472,20
849496,17
849513,90
849533,29
849545,29
849553,25
849561,29
849581,154
849586,30
849629,32
849707,19
849711,69
849719,251
849731,27
849745,37
849746,24
849756,18
849859,20
849893,17
849901,27
849908,50
849927,100
849956,29
849967,39
849968,23
849989,39
850005,45
850023,19
850055,25
850065,129
850128,51
850133,47
850150,19
850187,16
850246,25
850318,23
850329,55
850372,28
850385,16
850402,28
850442,57
850467,134
850517,29
850535,32
850568,281
850593,116
850724,18
850733,113
850775,54
850776,30
850781,24
850784,17
850817,32
850836,91
850918,28
850956,16
850997,26
851018,55
851025,30
851037,27
851080,34
851123,69
851132,17
851156,45
851172,17
851178,98
851230,28
851260,19
851268,90
851292,43
851308,39
851323,41
851325,55
851342,19
851379,29
851384,40
851386,39
851399,22
851430,31
851436,38
851462,17
851469,52
851487,112
851492,17
851496,19
851553,39
851580,16
851592,27
851602,43
851604,34
851641,47
851668,17
851672,26
851700,138
851704,30
851716,26
851717,162
851759,21
851774,27
851901,69
851929,125
851940,39
851953,410
852007,29
852015,21
852042,154
852060,20
852074,19
852076,210
852093,577
852129,51
852201,41
852214,40
852254,18
852282,43
852327,19
852342,19
852358,20
852421,139
852484,17
852504,16
852526,37
852539,60
852563,25
852589,31
852604,31
852611,48
852621,32
852684,38
852698,25
852706,27
852793,43
852796,140
852835,40
852850,16
852896,16
852906,45
852912,61
852919,36
852950,48
853012,22
853013,74
853082,21
853083,70
853111,1794
853121,26
853150,71
853260,17
853261,35
853269,30
853288,56
853312,16
853324,111
853334,69
853339,18
853360,23
853377,29
853411,124
853416,20
853418,20
853422,18
853427,44
853446,19
853484,20
853486,19
853490,22
853566,17
853588,37
853603,45
853682,21
853691,57
853697,1544
853706,28
853720,16
853809,114
853816,20
853840,125
853851,66
853927,18
853936,17
853942,21
853949,28
853966,4503
853987,1346
854002,30
854045,73
854061,30
854145,27
854154,19
854161,59
854163,21
854170,36
854198,21
854211,18
854227,23
854235,22
854288,18
854329,40
854346,31
854398,27
854495,69
854497,20
854504,19
854507,23
854542,55
854563,57
854598,96
854605,27
854630,17
854633,17
854673,149
854762,27
854765,21
854779,80
854809,29
854819,33
854865,46
854875,17
854930,19
854986,32
855050,16
855088,20
855100,19
855102,42
855165,37
855199,20
855239,19
855331,32
855404,76
855406,43
855407,41
855411,28
855440,17
855454,16
855538,21
855557,36
855573,21
855578,29
855606,19
855613,291
855646,20
855696,57
855700,50
855908,85
855924,16
855936,36
855940,25
855960,23
855968,72
856036,19
856046,38
856055,27
856135,47
856189,290
856211,30
856252,162
856295,26
856305,91
856312,80
856372,76
856380,18
856398,39
856421,19
856440,20
856456,18
856477,94
856485,16
856487,55
856536,63
856700,17
856714,18
856752,20
856820,44
856825,23
856833,26
856842,23
856887,50
856908,19
856952,66
857017,23
857082,17
857103,16
857136,29
857142,823
857165,179
857199,41
857210,18
857245,282
857263,57
857281,17
857333,32
857358,39
857402,34
857418,17
857444,24
857474,18
857512,61
857530,143
857561,42
857566,44
857567,22
857588,27
857660,111
857669,23
857681,107
857688,21
857734,122
857803,55
857805,27
857814,29
857815,21
857818,39
857838,160
857886,27
857939,70
857951,27
857986,16
857996,21
857997,28
858033,396
858043,39
858083,20
858106,20
858123,53
858145,139
858162,86
858174,24
858182,25
858193,21
858284,100
858382,26
858400,23
858424,18
858429,80
858442,29
858533,19
858555,25
858586,18
858608,21
858616,16
858648,67
858687,18
858703,337
858719,82
858722,21
858760,291
858768,22
858776,39
858825,16
858889,24
858893,16
858904,26
858994,19
859001,26
859033,19
859076,54
859117,17
859118,46
859176,22
859187,37
859267,17
859347,221
859487,25
859582,44
859680,20
859683,50
859731,17
859792,22
859802,20
859807,17
859810,22
859812,72
859868,24
859892,18
859929,25
859941,49
859946,18
859957,22
859968,16
859998,21
860019,21
860033,36
860048,110
860052,17
860066,58
860123,40
860137,23
860245,1102
860273,93
860378,50
860446,51
860526,36
860543,24
860693,21
860705,39
860727,17
860748,195
860785,23
860798,28
860816,19
860828,98
860880,38
860920,692
860989,18
861012,33
861034,21
861045,19
861059,21
861081,30
861158,73
861161,83
861163,25
861168,32
861220,38
861239,578
861248,20
861299,17
861307,191
861311,19
861337,17
861369,87
861370,200
861371,20
861376,37
861379,16
861397,35
861510,45
861517,20
861521,18
861522,162
861568,38
861614,19
861644,55
861658,55
861770,27
861772,18
861860,236
861898,26
861933,24
861972,162
861979,31
861999,20
862000,197
862005,96
862026,35
862082,41
862149,39
862206,126
862219,24
862224,18
862233,17
862243,19
862324,28
862343,20
862349,18
862351,28
862511,49
862528,267
862609,17
862696,17
862717,75
862747,287
862764,276
862781,43
862789,16
862828,22
862831,20
862869,16
862885,47
862908,33
862916,22
862940,18
862980,24
863012,21
863015,36
863019,56
863059,72
863061,28
863077,21
863086,30
863088,17
863096,32
863120,42
863134,267
863176,21
863198,28
863208,28
863263,31
863272,19
863284,36
863286,72
863329,18
863334,42
863384,92
863441,88
863447,24
863462,128
863467,60
863508,28
863530,21
863550,18
863612,22
863629,26
863633,23
863643,17
863705,33
863729,31
863744,134
863747,83
863765,93
863846,31
863880,19
863936,30
863968,17
863984,18
864013,30
864021,19
864071,23
864117,38
864168,22
864188,19
864248,20
864265,43
864305,17
864352,18
864447,39
864470,74
864475,17
864478,39
864539,21
864558,24
864585,68
864617,17
864629,44
864671,27
864688,258
864708,30
864725,37
864729,18
864737,19
864774,94
864826,18
864829,16
864854,27
864895,52
864923,20
864971,16
864979,21
865031,27
865065,27
865072,97
865149,24
865161,24
865169,21
865224,36
865249,25
865255,52
865295,29
865342,107
865396,36
865422,303
865472,20
865477,103
865483,72
865526,80
865548,43
865585,80
865616,73
865628,59
865681,22
865712,25
865717,22
865763,132
865817,24
865823,17
865838,853
865883,58
865910,23
866055,40
866076,61
866105,348
866110,58
866123,22
866132,17
866134,17
866146,17
866163,20
866249,25
866279,42
866288,88
866309,38
866330,16
866406,69
866443,19
866526,40
866562,22
866564,30
866580,16
866630,17
866662,62
866669,25
866670,603
866676,22
866692,23
866752,81
866762,31
866794,17
866807,290
866837,53
866870,39
866908,1183
866913,25
866928,71
866959,32
866973,103
866999,28
867014,19
867015,25
867063,28
867070,17
867093,408
867108,26
867109,149
867127,25
867141,31
867189,27
867211,94
867232,21
867283,40
867298,20
867303,52
867365,36
867427,23
867447,338
867513,47
867585,20
867640,29
867724,17
867754,19
867776,16
867817,36
867846,106
867863,279
867958,25
868014,34
868020,89
868085,19
868105,23
868106,23
868122,36
868166,32
868206,47
868232,17
868317,27
868318,192
868338,51
868343,37
868349,26
868397,139
868476,52
868497,44
868502,18
868527,30
868575,24
868606,67
868621,18
868628,22
868643,337
868696,21
868743,703
868753,61
868761,37
868762,22
868769,40
868770,18
868874,18
869010,43
869035,56
869087,21
869150,36
869162,26
869164,18
869178,53
869204,98
869205,18
869240,134
869264,17
869279,30
869356,54
869388,34
869400,20
869410,18
869444,107
869541,17
869550,20
869559,22
869565,24
869595,88
869597,50
869598,109
869610,17
869619,59
869648,17
869649,476
869669,42
869679,22
869700,18
869704,19
869741,106
869746,29
869790,19
869794,18
869805,26
869818,96
869819,20
869866,31
869877,16
869894,26
869896,20
869944,22
869960,28
869995,46
870004,18
870008,20
870085,16
870183,27
870199,42
870207,17
870225,68
870277,20
870305,39
870351,44
870395,24
870399,19
870497,19
870507,54
870524,26
870529,35
870567,38
870573,25
870584,36
870671,40
870674,21
870697,74
870763,26
870766,26
870779,26
870789,16
870838,33
870841,25
870842,26
870871,16
870879,24
870887,20
870895,319
870938,70
870956,26
871018,29
871019,55
871023,174
871050,147
871051,20
871078,29
871085,18
871105,34
871126,17
871169,53
871207,18
871223,16
871285,23
871293,17
871319,21
871328,49
871356,37
871385,76
871386,2440
871397,34
871414,320
871427,579
871436,38
871451,25
871453,34
871465,48
871470,187
871567,19
871575,36
871581,18
871613,16
871623,372
871630,55
871636,37
871647,39
871682,20
871697,608
871714,17
871723,32
871755,41
871756,70
871807,17
871849,22
871867,259
871897,13773
871904,21
871937,36
871973,34
871974,74
871995,18
872009,42
872025,27
872060,26
872074,17
872134,69
872139,29
872165,42
872211,22
872233,25
872234,79
872248,179
872302,24
872398,18
872404,99
872408,21
872491,44
872522,24
872528,27
872554,28
872572,42
872578,29
872579,24
872580,30
872586,495
872596,132
872601,44
872667,49
872742,17
872745,17
872772,27
872784,22
872791,63
872795,486
872869,49
872885,40
872886,44
872960,19
872987,273
873015,26
873101,26
873127,17
873174,90
873176,20
873178,17
873184,41
873275,88
873336,409
873365,125
873368,195
873425,38
873479,117
873575,22
873583,20
873654,26
873655,36
873699,32
873709,38
873717,45
873728,231
873760,18
873767,35
873771,18
873794,17
873860,25
873953,405
873985,18
874002,27
874033,29
874035,39
874044,22
874045,18
874089,30
874090,2240
874097,17
874134,24
874143,20
874151,20
874158,17
874165,44
874209,41
874221,17
874231,27
874391,53
874394,47
874396,47
874397,17
874411,114
874423,211
874498,29
874500,26
874516,25
874535,84
874557,19
874564,82
874567,21
874664,18
874673,29
874747,36
874792,17
874794,28
874822,18
874834,43
874874,21
874888,16
874934,44
874984,24
874985,18
874986,37
874987,19
874999,31
875000,36
875026,21
875082,21
875099,30
875134,21
875139,27
875152,22
875263,20
875301,610
875334,18
875380,26
875484,57
875524,65
875550,18
875653,21
875713,19
875716,93
875738,31
875748,20
875785,17
875786,56
875791,17
875815,16
875884,28
875912,38
875951,17
875962,56
875984,16
875992,20
876004,17
876006,39
876010,91
876034,21
876049,50
876066,16
876107,57
876116,27
876132,40
876133,54
876139,17
876160,67
876191,30
876197,55
876259,55
876286,39
876312,64
876314,27
876371,18
876403,17
876451,61
876495,27
876548,18
876576,34
876577,37
876584,20
876623,58
876639,25
876642,37
876652,17
876653,34
876721,23
876737,43
876754,35
876762,324
876767,55
876772,23
876785,27
876788,31
876791,17
876792,81
876800,29
876805,39
876808,29
876817,379
876844,30
876918,18
877004,218
877017,41
877022,20
877111,40
877136,21
877296,18
877316,118
877317,17
877388,22
877389,28
877411,18
877441,100
877490,32
877585,49
877733,21
877792,16
877796,17
877837,72
877852,89
877874,23
877898,68
877906,18
877998,42
877999,17
878000,38
878032,28
878036,41
878054,204
878083,23
878088,28
878089,89
878113,26
878179,20
878188,16
878206,34
878315,85
878414,56
878636,17
878656,26
878681,24
878687,48
878703,95
878744,34
878796,26
878872,39
878883,33
878886,445
878948,28
878988,17
878999,40
879009,19
879010,21
879027,30
879032,32
879060,32
879065,25
879143,31
879159,142
879213,16
879240,169
879261,48
879301,22
879332,60
879334,113
879343,20
879359,63
879391,24
879392,295
879404,24
879415,18
879427,17
879444,27
879502,63
879549,22
879562,20
879567,30
879590,30
879643,44
879676,21
879690,17
879729,29
879754,425
879810,27
879811,17
879869,45
879881,17
879901,18
879903,27
879939,25
879992,23
879993,36
880007,50
880053,39
880176,41
880215,18
880257,36
880258,101
880288,53
880329,19
880338,20
880361,50
880362,33
880388,16
880419,17
880444,17
880452,22
880456,21
880477,16
880482,21
880545,61
880558,62
880584,17
880652,87
880672,19
880705,40
880725,62
880734,89
880735,45
880847,59
880852,63
880872,43
880877,44
880988,27
881011,19
881055,23
881104,633
881111,90
881177,71
881218,151
881232,18
881236,38
881245,209
881266,213
881295,16
881317,17
881330,22
881335,19
881416,20
881482,321
881500,36
881654,23
881655,24
881676,51
881689,41
881691,39
881733,18
881809,39
881813,47
881861,23
881878,58
881881,24
881934,26
881938,16
881998,45
882051,17
882054,20
882076,17
882078,17
882137,156
882222,186
882233,25
882250,17
882279,27
882287,62
882290,16
882336,22
882339,16
882341,18
882376,185
882397,47
882402,16
882437,23
882452,30
882456,18
882470,20
882475,46
882497,78
882513,40
882549,148
882555,21
882574,30
882625,27
882772,71
882816,23
882818,16
882870,19
882874,35
882906,49
882914,22
882937,58
882951,19
882956,35
882980,52
882987,32
883060,25
883068,62
883108,38
883121,16
883130,98
883131,48
883133,17
883154,30
883238,30
883249,16
883290,45
883321,200
883324,26
883337,43
883344,135
883373,27
883485,37
883489,187
883524,38
883548,26
883560,25
883615,21
883618,21
883622,23
883625,21
883649,41
883658,22
883660,21
883729,497
883802,122
883856,17
883891,41
883897,28
883935,20
883997,19
884049,26
884067,23
884089,27
884098,21
884101,17
884105,22
884108,37
884124,22
884146,62
884157,40
884201,25
884256,19
884261,21
884267,28
884362,17
884368,24
884372,17
884402,34
884443,16
884444,89
884488,43
884492,36
884515,30
884590,18
884628,406
884658,22
884667,21
884704,22
884708,59
884832,25
884858,44
884861,68
884880,178
884924,35
884931,52
884998,26
885021,18
885049,37
885063,28
885099,19
885228,20
885240,21
885249,53
885257,17
885304,33
885309,39
885340,255
885341,20
885368,20
885382,22
885386,17
885388,1338
885422,37
885438,18
885476,25
885520,27
885539,25
885546,19
885555,24
885557,19
885561,24
885581,26
885605,17
885606,47
885620,179
885625,22
885627,18
885635,45
885701,25
885737,17
885738,19
885807,137
885812,128
885827,50
885853,331
885883,89
885891,27
885926,75
886015,17
886119,34
886166,22
886172,25
886204,17
886419,148
886422,24
886427,43
886451,27
886537,192
886570,156
886585,19
886623,89
886646,33
886676,25
886739,19
886741,18
886742,34
886759,18
886760,39
886764,20
886802,18
886840,28
886852,33
886854,90
886873,36
886897,208
886900,2143
886933,23
886940,35
886953,201
886990,110
887018,84
887214,18
887259,17
887260,23
887272,17
887316,35
887318,60
887348,19
887434,25
887505,64
887536,22
887564,20
887569,26
887572,20
887583,25
887656,21
887678,1335
887720,104
887727,68
887798,36
887832,18
887839,17
887869,34
887871,22
887914,18
887915,20
887938,46
887947,18
887978,39
888004,110
888025,36
888062,18
888078,47
888108,262
888203,18
888235,23
888239,99
888248,17
888285,330
888288,19
888305,78
888308,338
888369,16
888386,36
888397,22
888485,22
888492,20
888550,57
888605,20
888609,124
888610,21
888732,70
888745,16
888761,25
888796,365
888826,94
888839,242
888857,19
888888,49
888929,43
888935,38
888936,22
888957,17
889002,21
889015,27
889096,42
889099,18
889108,19
889109,37
889128,29
889129,33
889157,41
889162,62
889193,193
889195,19
889205,21
889206,35
889229,30
889249,248
889305,23
889354,39
889382,21
889435,59
889436,24
889493,64
889518,25
889546,72
889566,52
889599,19
889616,25
889660,30
889677,19
889705,23
889745,93
889818,43
889822,19
889856,23
889863,17
889945,16
889946,18
890015,46
890029,45
890031,16
890063,18
890069,22
890107,23
890128,25
890316,17
890322,19
890339,17
890375,33
890422,26
890431,46
890432,16
890436,19
890439,56
890470,21
890514,32
890536,23
890565,37
890593,28
890635,60
890700,17
890727,19
890741,17
890749,182
890750,29
890860,101
890878,23
890893,93
890906,18
890921,35
890924,24
890936,19
890940,24
890941,111
890959,36
890960,76
890990,17
891009,27
891050,17
891069,76
891089,149
891151,17
891152,24
891198,26
891258,45
891263,56
891319,44
891330,47
891356,16
891411,29
891432,26
891506,17
891507,32
891553,29
891599,3788
891638,32
891656,58
891659,45
891737,84
891863,39
891882,20
891903,96
891931,47
891932,120
891946,27
891988,17
892017,30
892047,20
892073,71
892166,19
892173,32
892207,61
892233,17
892239,33
892251,20
892289,25
892327,108
892388,88
892405,120
892410,17
892440,231
892491,36
892506,18
892544,36
892551,20
892614,17
892617,18
892699,672
892742,144
892761,22
892822,21
892845,17
892848,16
892903,34
892939,29
893062,22
893102,33
893167,16
893170,36
893177,777
893277,30
893313,303
893317,8121
893372,102
893377,18
893379,30
893416,32
893420,20
893435,29
893437,24
893487,20
893488,22
893534,62
893561,22
893595,61
893603,17
893635,41
893669,62
893804,17
893807,59
893814,21
893821,169
893850,29
893901,134
893904,151
893910,45
893944,25
893993,16
894036,33
894067,46
894107,99
894119,17
894179,17
894188,30
894214,16
894223,741
894252,17
894299,130
894315,30
894337,59
894378,21
894379,101
894382,51
894446,21
894504,23
894516,64
894545,43
894599,23
894637,29
894684,16
894765,34
894811,202
894823,21
894826,19
894900,53
894910,16
894922,987
894927,16
894958,18
894963,56
894976,19
895019,30
895025,19
895093,17
895136,17
895181,17
895224,18
895228,64
895233,24
895272,35
895279,73
895324,124
895329,25
895415,16
895483,225
895510,17
895525,17
895561,17
895563,87
895571,777
895600,336
895655,65
895689,17
895703,31
895810,29
895813,19
895834,25
895935,62
895969,25
895971,27
895980,29
895997,32
896012,26
896013,33
896090,16
896091,19
896211,19
896280,71
896295,67
896359,17
896360,39
896371,17
896394,31
896407,40
896437,18
896452,20
896456,48
896459,32
896474,20
896543,50
896596,18
896609,17
896680,378
896687,34
896694,21
896697,34
896702,263
896723,25
896809,24
896835,42
896844,20
896848,20
896923,31
896935,27
896976,102
896991,26
897042,21
897046,32
897092,35
897125,83
897127,76
897146,59
897168,30
897180,24
897205,27
897213,227
897216,33
897242,21
897287,21
897335,39
897353,154
897409,45
897420,19
897441,18
897450,84
897532,25
897558,19
897582,16
897609,35
897635,75
897636,43
897645,145
897651,30
897670,26
897685,16
897689,19
897738,36
897749,31
897796,19
897826,31
897828,142
897832,48
897849,23
897882,18
897883,42
897884,30
897886,20
897904,75
897912,23
897941,21
897951,47
897978,44
898019,50
898032,30
898134,104
898214,20
898251,18
898261,35
898285,49
898337,18
898391,17
898429,16
898559,17
898680,56
898716,16
898766,23
898768,32
898776,32
898780,21
898813,143
898840,12147
898843,80
898862,61
898872,75
898895,20
898896,34
898937,131
898967,45
898974,22
898997,32
899019,21
899022,19
899023,60
899024,44
899069,45
899091,23
899114,25
899121,88
899124,36
899240,37
899309,55
899315,75
899362,18
899367,23
899371,17
899393,29
899404,155
899408,70
899419,32
899437,42
899472,18
899477,357
899503,25
899546,25
899607,17
899635,25
899647,19
899653,18
899715,29
899775,24
899802,182
899873,16
899889,35
899902,17
899936,27
899950,22
899954,32
900015,29
900093,17
900168,23
900173,105
900205,34
900227,36
900235,24
900334,19
900349,21
900472,40
900513,3409
900517,177
900547,28
900613,17
900623,56
900624,32
900640,20
900668,17
900703,21
900717,55
900730,34
900775,54
900784,65
900798,26
900851,19
900856,27
900894,4841
900899,16
901008,71
901058,72
901102,49
901116,51
901192,33
901235,177
901236,105
901247,18
901255,57
901282,44
901294,17
901324,18
901436,16
901496,63
901530,90
901585,90
901675,147
901676,2291
901707,273
901743,17
901752,34
901794,17
901815,122
901839,22
901847,67
901891,16
901916,30
901995,151
902023,16
902048,18
902071,27
902118,48
902126,44
902144,27
902212,38
902271,324
902301,129
902302,20
902319,24
902347,61
902400,34
902446,511
902480,20
902504,20
902530,27
902538,24
902563,28
902567,19
902568,27
902643,36
902654,27
902711,78
902749,19
902782,18
902832,153
902948,18
902953,21
902986,25
903025,19
903027,16
903137,55
903171,20
903197,79
903227,32
903238,88
903250,62
903268,18
903289,24
903328,45
903370,32
903377,30
903404,20
903423,85
903462,29
903524,17
903540,35
903584,18
903606,26
903629,19
903638,36
903680,18
903697,17
903700,19
903740,21
903742,20
903768,20
903814,197
903922,19
903940,277
903946,92
903976,19
904041,336
904052,50
904054,21
904130,26
904165,27
904191,17
904193,17
904198,50
904227,64
904258,261
904288,243
904347,66
904362,20
904377,79
904405,102
904408,16
904409,33
904462,55
904473,122
904599,35
904605,35
904615,22
904624,18
904649,16
904651,60
904655,190
904686,35
904689,156
904696,106
904717,27
904814,28
904819,63
904863,17
904884,201
904894,18
904918,17
904941,60
904968,34
905064,35
905065,20
905079,32
905104,27
905115,38
905116,77
905130,242
905163,112
905169,20
905192,18
905210,22
905223,27
905242,81
905306,39
905396,33
905426,17
905484,20
905512,16
905523,69
905536,21
905552,20
905563,17
905569,60
905571,125
905574,41
905600,20
905609,23
905655,29
905682,20
905687,29
905705,248
905710,23
905788,25
905823,19
905824,19
905886,48
905894,54
905964,33
905965,28
905977,38
906023,23
906076,18
906108,27
906116,69
906154,30
906164,34
906267,23
906278,17
906361,23
906427,29
906429,34
906489,27
906522,18
906543,41
906562,75
906599,37
906602,30
906625,18
906635,53
906668,17
906726,30
906758,60
906860,31
906875,27
906906,31
906959,49
906977,21
906982,24
907002,44
907013,43
907015,58
907026,19
907028,45
907038,71
907039,22
907041,30
907046,29
907081,34
907084,19
907116,21
907142,26
907153,30
907174,23
907202,37
907227,32
907233,29
907263,195
907276,23
907282,31
907284,101
907371,43
907441,24
907486,42
907491,27
907507,29
907522,18
907533,19
907578,16
907586,17
907621,31
907623,32
907653,72
907654,94
907670,20
907688,21
907713,408
907715,90
907784,32
907818,26
907834,34
907866,17
907950,70
908019,22
908088,19
908138,48
908143,17
908148,22
908261,18
908262,26
908278,21
908334,41
908347,41
908465,52
908527,25
908528,20
908598,32
908688,15480
908759,100
908765,16
908778,18
908791,31
908832,36
908869,20
908906,23
908916,22
908931,18
908978,67
908992,109
909053,28
909057,28
909099,43
909111,52
909138,293
909154,84
909157,31
909270,20
909332,148
909343,34
909402,37
909426,93
909429,19
909449,44
909455,69
909457,147
909481,115
909524,45
909542,69
909554,22
909561,42
909606,351
909655,31
909668,345
909669,16
909670,22
909675,31
909711,20
909735,91
909741,40
909860,46
909888,25
909910,23
909938,24
909944,23
909948,54
909957,20
909964,36
909965,79
909971,20
909980,43
909981,34
909987,42
909989,17
910002,41
910067,76
910088,18
910114,131
910159,28
910197,21
910305,37
910361,20
910396,17
910419,17
910422,20
910494,132
910507,118
910523,45
910532,22
910550,37
910565,78
910596,213
910677,68
910727,23
910730,43
910742,18
910761,19
910772,216
910785,500
910820,24
910911,30
911001,24
911062,20
911091,35
911096,35
911112,31
911121,35
911123,19
911184,117
911230,40
911234,36
911245,26
911263,20
911271,20
911296,39
911326,58
911329,36
911339,51
911378,25
911406,89
911440,20
911489,19
911522,56
911523,24
911539,74
911596,17
911622,33
911654,17
911708,28
911732,36
911747,17
911752,16
911800,35
911806,131
911810,154
911811,121
911817,40
911832,62
911854,85
911884,16
911908,32
911948,20
911993,17
912000,22
912052,23
912063,39
912085,47
912219,45
912262,27
912305,21
912319,61
912431,29
912447,30
912467,19
912495,542
912528,16
912535,18
912560,35
912569,32
912585,27
912662,80
912713,33
912751,19
912772,28
912788,25
912840,17
912855,19
912865,22
912880,25
912887,18
912892,41
912895,916
912928,47
912935,21
913024,49
913060,70
913070,215
913086,29
913103,29
913106,34
913107,96
913129,36
913141,165
913190,107
913200,60
913248,17
913254,37
913263,19
913267,366
913281,68
913287,42
913293,17
913370,18
913436,25
913440,54
913443,19
913453,473
913472,17
913474,31
913505,26
913617,579
913656,31
913675,150
913681,27
913691,41
913712,55
913771,90
913784,25
913813,108
913822,320
913826,18
913937,17
913953,22
913971,114
913996,54
914001,24
914090,25
914151,39
914171,18
914184,29
914357,35
914422,16
914424,19
914429,18
914432,49
914498,98
914520,257
914536,58
914583,22
914639,18
914689,33
914799,53
914822,141
914832,22
914846,20
914859,22
914860,21
914861,26
914877,19
914901,623
914963,22
914989,46
915029,32
915052,22
915077,52
915092,17
915094,43
915142,20
915149,27
915201,17
915202,22
915211,37
915259,62
915260,24
915285,42
915307,16
915335,20
915441,24
915526,20
915593,104
915631,121
915637,23
915688,17
915709,28
915726,16
915759,94
915775,19
915804,20
915834,25
915836,20
915852,52
915888,34
915899,17
915949,17
915956,17
915973,17
915974,41
915982,16
915985,19
916008,26
916020,78
916057,38
916060,153
916065,25
916066,25
916125,141
916215,21
916238,16
916266,41
916414,26
916447,27
916453,42
916457,28
916560,45
916578,73
916589,140
916637,26
916657,21
916665,31
916679,17
916695,46
916737,17
916779,36
916835,31
916850,54
916891,18
916932,17
916979,20
917019,19
917047,19
917075,16
917095,115
917147,38
917194,41
917217,41
917243,49
917256,24
917259,138
917271,33
917299,23
917365,133
917388,35
917439,17
917445,28
917450,86
917512,43
917555,17
917556,68
917569,78
917572,19
917687,18
917716,47
917730,37
917744,27
917792,101
917802,3261
917858,30
917865,29
917886,166
918059,19
918086,48
918094,16
918098,17
918137,84
918159,19
918176,447
918178,32
918196,123
918218,22
918328,21
918347,52
918356,18
918372,56
918412,18
918481,30
918487,25
918513,31
918534,20
918535,19
918536,25
918578,169
918590,45
918658,17
918692,19
918836,92
918839,39
918860,1372
918920,19
918949,46
918955,17
918956,46
919043,18
919048,20
919131,43
919141,75
919143,26
919161,31
919186,26
919191,25
919194,47
919201,17
919237,30
919286,51
919287,17
919334,24
919404,55
919414,60
919472,48
919488,184
919498,104
919535,20
919544,25
919593,18
919638,27
919691,216
919714,23
919750,52
919823,16
919857,70
919872,586
919910,53
919951,50
920022,20
920045,190
920062,57
920106,141
920109,21
920126,101
920127,59
920138,18
920148,292
920157,26
920262,66
920276,43
920285,25
920294,32
920326,16
920381,90
920382,17
920408,39
920425,44
920435,19
920486,16
920614,271
920636,20
920653,22
920757,16
920763,17
920801,20
920827,23
920836,25
920848,68
920860,21
920914,17
920923,25
920934,44
920943,41
920950,26
920951,26
920971,18
921031,21
921034,17
921066,24
921116,150
921154,117
921205,17
921207,52
921213,19
921252,56
921303,28
921304,20
921354,27
921375,23
921490,22
921509,17
921525,18
921535,32
921565,21
921576,17
921587,95
921598,17
921607,27
921694,18
921721,353
921730,23
921771,37
921857,83
921870,35
921880,18
921887,77
921956,510
921975,17
921983,37
921990,20
922044,81
922063,18
922074,18
922127,16
922193,26
922233,19
922236,18
922244,121
922300,17
922345,29
922356,44
922367,28
922385,30
922397,48
922406,55
922422,38
922470,69
922491,26
922499,45
922532,39
922533,37
922572,18
922625,86
922635,30
922636,24
922652,20
922710,23
922712,58
922721,18
922731,17
922795,17
922862,19
922941,44
922958,23
922963,26
922982,247
923006,32
923025,25
923047,23
923147,52
923212,112
923239,34
923256,25
923279,46
923316,27
923381,27
923448,34
923452,22
923462,81
923464,66
923480,18
923517,89
923528,24
923581,39
923641,214
923655,33
923679,34
923722,36
923735,364
923795,798
923801,53
923840,16
923876,313
923896,133
923901,19
923922,24
923957,21
923977,29
924009,23
924012,18
924017,21
924036,33
924073,164
924144,27
924192,50
924332,20
924370,20
924417,18
924452,45
924472,105
924485,1723
924491,69
924500,163
924512,20
924520,31
924574,70
924584,30
924649,139
924650,22
924682,16
924708,21
924742,24
924777,34
924782,24
924786,22
924821,16
924851,25
924878,19
924894,38
924975,69
924978,74
925073,20
925112,17
925114,19
925178,90
925193,43
925213,24
925254,37
925259,31
925274,25
925352,67
925386,17
925393,17
925394,95
925542,60
925572,36
925577,83
925617,752
925621,21
925654,16
925667,16
925688,20
925690,41
925718,17
925787,435
925801,38
925825,27
925864,35
925889,32
925899,27
925910,17
925923,51
925999,251
926005,22
926008,19
926009,113
926036,37
926099,33
926105,57
926109,801
926125,19
926131,19
926147,17
926188,41
926237,100
926256,17
926272,16
926283,28
926285,25
926312,25
926313,45
926377,17
926433,33
926478,64
926497,158
926505,16
926576,17
926609,107
926611,22
926644,40
926646,33
926680,35
926682,122
926699,18
926713,26
926771,240
926773,42
926780,22
926781,212
926829,45
926869,22
926926,21
926977,30
926998,18
927000,18
927003,26
927038,17
927059,28
927076,73
927196,38
927234,54
927248,27
927310,92
927376,24
927392,41
927402,46
927451,23
927462,18
927474,25
927535,38
927554,18
927569,183
927571,34
927593,30
927659,43
927683,39
927726,19
927861,25
927871,325
927915,18
927955,30
927958,110
927961,79
928019,21
928046,63
928053,57
928135,65
928157,30
928224,94
928271,36
928288,85
928299,35
928339,118
928346,22
928368,17
928405,53
928417,21
928420,20
928424,97
928437,24
928441,25
928446,39
928455,26
928458,24
928506,24
928521,28
928563,89
928690,19
928736,20
928767,21
928822,133
928837,24
928846,74
928847,38
928870,21
928894,142
928898,27
928899,122
929013,39
929014,60
929022,17
929060,185
929079,17
929099,43
929109,23
929148,68
929165,28
929169,20
929179,39
929194,57
929235,17
929252,19
929257,700
929297,29
929309,21
929354,17
929387,116
929406,238
929413,21
929434,119
929487,29
929509,42
929545,23
929552,76
929569,19
929577,22
929595,18
929725,28
929764,18
929793,16
929812,49
929813,34
929820,16
929925,30
929939,35
929995,19
930009,33
930015,29
930066,16
930078,47
930093,17
930096,23
930124,20
930131,152
930137,54
930142,19
930188,240
930243,17
930278,28
930301,32
930302,24
930344,17
930356,16
930366,23
930367,623
930369,26
930439,74
930452,78
930473,18
930519,28
930521,19
930570,52
930604,18
930619,28
930632,22
930667,19
930681,822
930687,27
930704,767
930720,143
930783,23
930819,97
930836,26
930848,41
930858,39
930859,51
930872,148
930911,202
930936,62
930990,24
931064,17
931110,43
931121,25
931134,35
931147,47
931160,204
931162,17
931172,17
931270,66
931280,24
931285,66
931290,21
931300,32
931304,136
931328,67
931383,20
931435,27
931448,73
931544,28
931549,19
931556,134
931587,93
931631,47
931681,25
931692,17
931702,25
931707,29
931731,48
931741,17
931768,24
931825,54
931861,153
931864,30
931914,50
931916,21
931952,23
931973,17
931974,32
931986,18
932028,39
932029,28
932087,17
932112,37
932146,19930
932219,21
932234,18
932266,48
932268,37
932310,30
932314,37
932336,69
932381,19
932386,24
932456,44
932562,39
932567,18
932591,28
932592,49
932624,27
932627,379
932656,19
932689,18
932757,25
932780,18
932781,29
932789,65
932803,35
932845,24
932857,94
932885,70
932917,23
932939,19
932995,52
933021,17
933050,80
933134,41
933188,17
933204,19
933207,19
933216,17
933238,46
933251,21
933267,59
933268,17
933310,23
933352,17
933363,23
933394,30
933484,29
933502,17
933521,36
933544,18
933622,17
933648,17
933654,42
933660,36
933671,29
933683,39
933703,287
933704,49
933731,20
933789,113
933884,69
933887,98
933891,29
933907,48
933913,48
933962,18
934008,55
934018,36
934052,36
934081,17
934130,37
934170,16
934198,72
934292,804
934313,32
934342,22
934351,19
934403,28
934444,23
934486,32
934497,24
934512,19
934528,59
934535,65
934564,48
934595,496
934600,28
934615,36
934642,25
934643,75
934653,979
934690,42
934694,113
934740,34
934774,18
934832,21
934836,29
934862,16
934884,31
934890,32
934945,20
934966,56
935082,20
935113,19
935129,20
935130,28
935160,124
935166,28
935230,17
935259,30
935337,20
935369,47
935401,25
935418,18
935419,872
935469,21
935471,22
935555,45
935558,48
935570,21
935572,33
935612,42
935634,25
935641,20
935709,57
935723,33
935731,380
935764,41
935787,99
935793,91
935809,65
935815,59
935818,18
935843,64
935844,16
935852,84
935891,27
935912,100
935978,25
935997,77
935998,50
936023,88
936038,28
936072,24
936096,46
936124,30
936157,29
936206,63
936215,22
936240,62
936273,20
936313,139
936348,18
936352,19
936381,971
936417,17
936466,40
936482,507
936539,20
936558,78
936562,22
936785,25
936819,19
936843,22
936852,88
936862,52
936905,25
936919,17
936937,16
936945,52
936952,23
936953,35
937022,63
937029,35
937043,17
937045,28
937051,18
937099,71
937109,41
937123,48
937134,26
937164,21
937206,17
937210,16
937274,88
937318,19
937373,19
937375,76
937417,36
937429,55
937435,28
937450,32
937485,17
937489,59
937572,25
937601,19
937610,52
937612,16
937683,41
937695,40
937744,17
937749,111
937761,492
937828,17
937866,22
937902,170
937919,16
937989,104
937996,22
938001,17
938028,20
938039,50
938074,109
938218,60
938241,273
938257,297
938308,141
938344,23
938356,19
938388,87
938420,35
938474,17
938488,148
938531,27
938540,24
938563,37
938636,27
938641,23
938666,18
938734,255
938755,19
938761,24
938779,56
938786,22
938800,25
938808,30
938851,39
938859,17
938873,215
938880,399
938912,33
938945,24
939000,19
939002,53
939063,34
939078,16
939199,25
939210,58
939211,38
939276,82
939297,16
939320,16
939333,25
939371,19
939378,140
939379,18
939511,50
939514,20
939519,30
939562,18
939589,233
939596,20
939657,29
939672,38
939747,22
939765,20
939780,19
939807,18
939822,26
939837,46
939838,23
939841,19
939842,29
939843,81
939863,40
939878,66
939888,36
939898,16
939913,32
939920,36
939958,19
939970,27
939995,17
940002,85
940005,40
940010,27
940040,29
940105,34
940111,193
940129,111
940151,72
940264,51
940265,18
940284,17
940299,21
940332,19
940358,47
940371,50
940401,26
940477,36
940481,20
940485,16
940571,51
940584,18
940623,56
940644,23
940656,22
940696,28
940729,125
940752,24
940854,41
940879,22
940883,43
940929,43
941000,20
941086,18
941093,23
941130,23
941233,19
941299,34
941364,16
941374,47
941454,18
941475,65
941585,28
941593,109
941618,20
941712,62
941713,46
941759,50
941761,30
941811,54
941831,57
941848,17
941896,16
941899,19
942029,34
942043,27
942091,189
942095,23
942105,861
942110,116
942172,53
942189,25
942226,18
942227,43
942245,24
942273,29
942291,44
942329,31
942381,54
942404,18
942465,38
942504,32
942510,67
942614,42
942640,60
942643,21
942654,22
942674,18
942692,91
942753,43
942755,22
942762,18
942767,54
942793,25
942800,30
942808,23
942988,27
943025,29
943027,23
943061,28
943073,25
943081,27
943106,21
943136,122
943147,24
943161,42
943209,98
943217,52
943226,25
943238,23
943258,36
943301,16
943307,61
943325,26
943477,20
943514,107
943518,276
943524,42
943535,36
943551,22
943560,18
943572,29
943577,17
943619,25
943625,39
943651,35
943685,31
943691,22
943701,44
943706,22
943714,57
943780,49
943850,16
943871,474
943914,18
943930,42
943995,174
944000,1491
944006,26
944024,20
944037,33
944110,62
944112,165
944144,29
944152,25
944181,54
944230,34
944260,16
944340,75
944350,20
944370,24
944382,28
944403,67
944410,17
944426,43
944440,21
944514,22
944533,135
944551,81
944578,21
944604,35
944615,951
944629,37
944681,26
944716,37
944724,26
944737,4124
944839,31
944852,94
944861,18
944872,17
944987,34
944994,175
944998,48
945000,21163
945014,65
945027,31
945056,38
945067,23
945080,53
945116,25
945136,65
945194,45
945234,18
945245,17
945255,16
945273,129
945378,23
945495,82
945516,324
945543,41
945580,60
945617,24
945619,25
945623,17
945708,36
945710,29
945720,34
945770,18
945789,88
945841,44
945910,16
945924,19
946023,101
946038,28
946043,48
946051,31
946077,34
946087,30
946088,24
946114,26
946143,63
946147,47
946157,236
946214,31
946228,24
946332,25
946383,44
946424,21
946435,32
946438,44
946474,32
946523,41
946592,55
946605,40
946616,16
946693,29
946697,117
946707,18
946738,19
946740,38
946827,65
946834,214
946887,35
946917,21
946925,36
946966,55
946968,20
946988,34
947011,42
947028,45
947033,18
947067,26
947082,37
947105,111
947137,17
947149,31
947192,21
947230,38
947233,18
947255,18
947267,25
947394,36
947443,86
947451,33
947467,39
947468,19
947480,22
947484,27
947548,39
947556,30
947574,33
947575,37
947596,25
947658,50
947660,27
947739,60
947757,17
947758,33
947780,34
947865,45
947880,41
947893,45
947943,16
947949,22
947974,25
947998,23
948008,17
948037,17
948038,36
948050,18
948067,17
948114,21
948146,19
948155,16
948260,21
948277,19
948357,16
948366,20
948386,18
948415,23
948417,20
948506,47
948507,16
948515,18
948610,189
948650,19
948652,49
948696,97
948703,20
948733,16
948735,132
948758,19
948775,37
948820,40
948849,221
948890,18
948901,32
948906,23
948932,24
948940,16
948961,83
948990,345
948992,18
949053,50
949073,53
949108,19
949132,38
949262,39
949285,33
949317,213
949393,60
949407,16
949415,23
949485,108
949552,1049
949558,42
949578,17
949658,78
949660,21
949661,253
949705,18
949730,18
949811,30
949816,26
949835,20
949847,25
950001,17
950025,20
950059,30
950120,20
950166,40
950178,22
950204,29
950238,19
950282,29
950322,21
950335,21
950347,17
950360,27
950392,20
950401,19
950424,18
950482,81
950487,36
950506,30
950515,59
950572,31
950581,64
950593,23
950705,16
950709,20
950710,19
950715,31
950757,26
950762,17
950824,42
950841,20
950878,16
950957,18
950968,23
950976,73
950985,17
951078,21
951098,19
951112,37
951158,58
951169,43
951224,69
951239,51
951258,19
951263,84
951267,52
951272,37
951353,24
951429,25
951440,38
951458,39
951465,43
951477,28
951520,18
951551,36
951588,33
951592,26
951610,17
951650,1953
951655,33
951671,30
951717,231
951719,31
951761,545
951776,64
951790,157
951815,20
951890,24
951892,97
951904,362
951908,42
951920,47
951925,40
952007,22
952010,115
952058,51
952086,1095
952091,20
952113,31
952119,51
952121,180
952126,16
952178,75
952223,35
952228,24
952244,36
952250,31
952266,36
952267,19
952268,20
952282,21
952291,38
952313,41
952367,42
952417,66
952450,25
952481,16
952547,18
952619,150
952620,35
952624,39
952659,39
952662,35
952693,19
952710,16
952768,20
952836,33
952846,94
952865,18
952877,184
952973,18
952974,129
953004,17
953069,21
953070,218
953108,25
953136,23
953137,268
953153,44
953225,59
953239,16
953250,29
953252,24
953265,24
953298,51
953321,19
953427,56
953490,73
953512,21
953567,19
953621,20
953623,299
953638,42
953649,20
953652,33
953696,30
953764,49
953823,37
953857,23
953891,32
953905,18
953915,53
953964,34
953974,34
954018,202
954062,32
954085,22
954092,33
954136,543
954154,17
954178,16
954344,48
954365,17
954366,45
954403,134
954408,46
954447,38
954472,21
954512,18
954531,88
954634,28
954665,152
954678,18
954813,19
954821,92
954825,53
954850,56
954851,17
954874,25
954902,17
954948,21
954949,106
955122,639
955172,805
955238,21
955252,20
955269,51
955277,17
955394,692
955517,17
955533,19
955603,506
955644,17
955659,808
955681,78
955715,68
955867,107
955904,52
955913,22
955996,22
956036,23
956067,36
956068,581
956118,34
956133,98
956136,39
956138,44
956171,42
956205,63
956232,25
956299,16
956310,24
956442,26
956487,23
956491,34
956495,20
956500,25
956505,40
956589,22
956638,34
956639,27
956661,19
956680,24
956705,19
956717,252
956720,21
956721,48
956727,19
956746,22
956766,33
956781,16
956793,377
956841,18
956869,465
956892,27
956896,20
956917,181
956923,18
956936,26
956951,34
956957,60
956970,22
956972,60
956987,30
956994,17
957043,83
957052,19
957064,20
957071,47
957078,34
957084,79
957113,16
957138,97
957209,22
957215,31
957271,33
957272,19
957396,1826
957457,37
957512,19
957572,62
957574,31
957575,37
957671,80
957692,111
957754,161
957758,18
957852,75
957880,17
957919,23
957976,30
957984,50
957993,32
958003,48
958036,63
958054,33
958081,17
958095,25
958104,30
958108,36
958122,43
958126,28
958167,101
958177,27
958216,46
958234,93
958241,25
958251,56
958256,42
958258,26
958260,29
958337,22
958348,17
958357,91
958362,28
958385,85
958449,75
958463,16
958471,46
958480,29
958491,48
958537,168
958732,224
958770,19
958794,24
958799,947
958815,97
958888,34
959057,18
959069,46
959090,23
959106,20
959126,31
959202,25
959237,44
959313,239
959324,31
959330,406
959348,34
959376,38
959399,97
959402,17
959416,25
959509,37
959598,22
959604,49
959670,69
959739,17
959740,18
959758,29
959826,49
959828,61
959854,29
959871,36
959976,32
960005,107
960035,33
960048,223
960051,16
960055,33
960057,41
960105,39
960124,17
960134,52
960215,302
960236,52
960246,17
960253,1460
960259,26
960272,17
960285,18
960334,47
960363,33
960427,30
960435,23
960447,615
960507,18
960520,23
960534,21
960557,71
960595,64
960605,23
960633,21
960645,42
960731,20
960733,21
960792,82
960930,3049
960962,17
961011,79
961015,22
961033,25
961078,54
961113,30
961132,19
961246,43
961326,75
961430,20
961433,19
961442,41
961675,21
961686,101
961715,18
961739,59
961776,41
961795,312
961800,64
961806,116
961824,113
961857,19
961862,117
961890,72
961892,90
961910,18
961930,19
961932,19
961934,82
962007,21
962039,26
962072,26
962095,236
962168,25
962180,95
962269,21
962299,393
962308,18
962325,28
962334,17
962345,17
962367,87
962423,43
962527,70
962537,22
962552,18
962574,1852
962609,36
962623,28
962633,31
962650,16
962661,37
962662,27
962667,28
962704,18
962725,17
962733,35
962788,18
962789,35
962832,108
962836,49
962853,26
962854,18
962899,19
962989,35
963029,24
963054,16
963076,22
963108,20
963139,23
963162,19
963252,29
963256,56
963274,17
963278,64
963314,59
963352,17
963358,17
963366,20
963377,19
963404,19
963561,31
963570,17
963571,18
963620,32
963641,56
963665,29
963672,55
963688,22
963714,90
963730,32
963869,464
963874,74
963899,26
963907,29
963982,28
963988,64
964019,31
964021,46
964049,71
964151,16
964169,57
964183,26
964217,29
964247,29
964288,48
964300,25
964313,41
964365,18
964366,48
964393,28
964402,48
964404,37
964409,22
964448,90
964489,24
964515,27
964561,22
964569,16
964570,31
964653,59
964760,62
964770,19
964787,1117
964795,16
964796,20
964803,38
964844,241
964996,20
965004,42
965036,136
965045,32
965080,61
965173,169
965213,18
965230,28
965293,16
965317,182
965318,41
965386,30
965446,17
965464,20
965533,66
965572,18
965602,28
965612,28
965616,52
965617,19
965640,19
965643,16
965646,27
965665,25
965676,57
965749,21
965756,93
965763,23
965856,46
965868,25
965898,20
965902,24
965929,26
965952,158
965963,83
966080,34
966148,19
966200,57
966238,19
966328,111
966332,56
966339,132
966350,138
966364,19
966365,113
966377,24
966387,32
966467,16
966489,16
966536,21
966568,20
966574,21
966579,17
966697,34
966768,17
966801,21
966901,24
966922,59
966924,37
966940,18
966952,63
966964,31
967000,27
967020,49
967046,26
967087,26
967092,41
967122,76
967123,28
967195,21
967200,37
967221,99
967242,53
967246,71
967252,18
967267,22
967327,16
967384,17
967465,26
967479,34
967503,33
967563,44
967582,29
967691,124
967696,17
967718,28
967723,26
967753,131
967777,38
967778,165
967779,33
967794,41
967833,40
967838,25
967842,78
967863,18
967866,52
967875,37
967878,18
967908,106
967961,41
967970,32
967983,30
967986,27
968000,31
968002,52
968006,36
968021,72
968022,34
968036,31
968083,51
968100,31
968114,21
968193,17
968195,53
968225,23
968332,25
968425,595
968524,39
968525,30
968571,18
968572,30
968610,30
968622,28
968627,39
968677,75
968786,22
968799,38
968807,17
968815,34
968830,19
968840,131
968865,29
968925,55
968927,22
968928,47
968931,27
968959,26
968960,18
968968,30
968987,117
968996,21
969004,18
969008,18
969027,26
969097,26
969187,17
969203,27
969214,31
969221,18
969241,22
969278,23
969297,16
969317,17
969327,201
969378,29
969401,28
969458,58
969499,18
969509,25
969579,84
969598,38
969701,27
969703,16
969707,794
969749,32
969781,17
969803,51
969887,68
969927,23
969929,25
970015,18
970062,29
970070,24
970079,20
970110,31
970136,135
970148,343
970161,54
970202,125
970291,34
970355,19
970371,41
970423,28
970492,109
970682,30
970684,32
970715,24
970725,22
970760,17
970802,36
970808,19
970910,25
970939,87
970981,28
971038,17
971058,64
971092,347
971143,197
971200,16
971231,260
971269,18
971273,16
971332,81
971388,23
971418,69
971425,41
971465,116
971485,21
971493,36
971503,25
971548,54
971572,74
971581,21
971597,26
971606,18
971639,23
971692,56
971707,54
971713,59
971714,36
971791,17
971823,21
971857,19
971887,45
971987,56
972005,17
972035,88
972058,21
972067,153
972120,39
972175,22
972221,48
972225,16
972232,40
972244,34
972265,311
972297,19
972327,18
972329,21
972342,32
972377,74
972383,41
972421,41
972422,19
972547,19
972554,23
972671,62
972684,28
972685,21
972688,29
972689,24
972750,53
972778,61
972781,19
972788,39
972828,44
972869,28
972899,45
972901,21
972918,88
972925,24
972953,27
972975,22
973052,27
973062,126
973085,30
973090,25
973101,39
973147,28
973246,17
973268,17
973279,96
973292,18
973294,94
973404,22
973448,16
973474,25
973501,46
973518,25
973555,119
973566,33
973576,140
973590,27
973607,21
973670,60
973758,17
973783,21
973786,213
973796,30
973801,385
973851,17
973858,20
973870,81
973887,38
973902,53
973915,102
973916,22
973995,49
974056,186
974060,45
974078,614
974091,21
974165,31
974173,38
974185,18
974189,26
974232,43
974257,20
974299,31
974308,83
974313,16
974394,37
974417,34
974422,22
974437,18
974440,26
974474,96
974479,21
974508,29
974509,16
974525,26
974691,24
974694,33
974708,26
974746,27
974764,86
974767,20
974793,31
974794,44
974826,16
974868,16
974911,16
974915,18
974942,17
974953,66
975026,61
975038,41
975054,24
975068,16
975076,17
975084,20
975128,50
975129,86
975150,33
975171,111
975177,17
975186,27
975210,23
975241,19
975315,67
975348,599
975368,26
975428,61
975452,38
975458,16
975469,26
975518,50
975543,21
975592,19
975621,16
975650,42
975655,88
975666,35
975687,17
975737,18
975744,54
975796,112
975826,1083
975874,197
975876,20
975935,149
975937,30
975971,22
976007,33
976050,17
976052,34
976065,24
976095,68
976100,18
976111,19
976113,37
976128,34
976129,63
976149,73
976168,25
976189,19
976193,17
976217,386
976243,709
976254,17
976301,44
976333,19
976447,20
976463,51
976464,51
976466,387
976476,18
976528,19
976555,17
976613,109
976636,27
976638,193
976655,27
976669,39
976722,17
976728,21
976743,293
976784,60
976798,187
976834,18
976858,27
976892,29
976894,43
976913,23
976947,41
976949,24
976993,192
977001,18
977022,32
977040,96
977159,21
977230,21
977314,473
977326,16
977338,93
977346,21
977369,38
977381,69
977392,38
977412,17
977448,151
977452,20
977490,37
977509,25
977510,76
977536,30
977571,37
977609,52
977616,16
977630,17
977650,220
977695,23
977723,23
977806,25
977849,17
977868,16
977902,18
977980,16
978002,22
978035,16
978044,40
978052,25
978071,49
978077,18
978081,38
978114,21
978220,36
978290,38
978326,120
978328,24
978339,45
978432,89
978447,105
978452,55
978517,18
978540,24
978560,22
978605,18
978650,16
978673,35
978677,16
978679,22
978764,24
978794,16
978812,33
978850,18
978889,334
978894,22
978925,26
978926,17
979002,21
979043,127
979097,28
979111,38
979173,21
979185,78
979186,28
979191,39
979198,40
979251,18
979358,62
979382,104
979393,659
979395,43
979489,156
979509,35
979562,43
979586,27
979607,49
979654,22
979655,840
979733,58
979742,30
979779,92
979901,26
979910,28
979921,18
979943,608
979946,30
979947,16
979968,190
980021,21
980022,24
980035,21
980036,19
980040,28
980079,62
980099,30
980193,17
980194,20
980199,28
980288,30
980302,17
980318,1016
980350,18
980352,32
980357,46
980384,248
980412,58
980435,29
980485,20
980525,29
980532,18
980578,24
980587,336
980650,121
980653,42
980662,142
980672,31
980717,21
980752,21
980799,59
980845,276
980878,21
980888,680
980899,20
980901,24
980927,22
980929,95
980944,48
980986,25
980998,20
981008,17
981094,36
981099,28
981111,25
981141,29
981179,23
981221,24
981265,33
981297,22
981305,34
981361,636
981362,30
981370,283
981381,22
981417,19
981419,25
981429,24
981445,25
981487,18
981488,32
981495,188
981522,20
981537,107
981577,30
981602,293
981629,85
981637,51
981651,23
981682,43
981687,19
981692,27
981758,86
981780,17
981853,17
981923,20
981942,24
981996,22
982033,18
982037,24
982043,140
982097,29
982130,22
982140,47
982177,68
982194,50
982201,50
982205,22
982303,17
982331,19
982332,203
982346,25
982375,28
982445,34
982478,2733
982492,46
982507,20
982523,31
982536,74
982637,17
982640,35
982657,16
982663,50
982728,17
982729,25
982736,53
982748,25
982754,44
982755,29
982771,22
982781,20
982786,17
982789,47
982798,159
982808,40
982891,26
982930,21
982975,47
983028,20
983042,17
983059,167
983077,31
983177,153
983199,36
983203,24
983214,19
983222,58
983282,20
983398,25
983404,25
983446,102
983464,39
983474,17
983566,2774
983567,29
983603,232
983626,22
983653,37
983689,28
983714,24
983739,20
983745,32
983778,44
983790,16
983814,28
983900,370
983940,34
984055,23
984102,50
984110,21
984118,24
984260,16
984289,50
984324,27
984369,23
984396,21
984418,261
984472,21
984500,47
984570,36
984574,94
984592,81
984674,16
984707,17
984722,36
984741,53
984829,43
984862,3732
984877,18
984892,33
985017,76
985044,64
985050,38
985120,24
985137,72
985142,28
985147,35
985160,91
985178,21
985194,17
985223,109
985226,73
985240,16
985253,16
985261,39
985291,17
985294,108
985304,36
985346,581
985351,46
985404,34
985468,60
985513,22
985547,53
985560,23
985571,19
985574,32
985591,16
985592,28
985597,16
985603,44
985652,18
985700,18
985702,17
985710,35
985739,19
985848,47
985868,50
985887,21
985900,23
985906,24
985935,24
985990,16
986042,162
986059,25
986062,25
986097,17
986140,28
986145,110
986202,17
986207,67
986252,29
986315,146
986425,331
986437,25
986451,24
986479,30
986497,20
986513,109
986517,20
986571,24
986670,26
986674,94
986679,33
986732,24
986751,144
986797,18
986831,235
986834,59
986837,27
986858,20
986955,88
986956,17
986972,75
987130,22
987131,27
987165,58
987167,18
987169,49
987182,34
987183,25
987242,20
987285,53
987319,20
987326,19
987392,23
987393,205
987396,18
987410,21
987452,53
987456,492
987478,16
987491,55
987492,27
987503,17
987644,18
987645,115
987730,33
987752,82
987761,246
987768,32
987775,17
987778,28
987816,36
987863,18
987877,37
987919,147
988018,17
988030,18
988061,24
988072,60
988101,27
988143,227
988155,36
988219,21
988264,27
988307,44
988312,74
988349,914
988372,31
988380,74
988390,17
988439,16
988456,28
988460,21
988531,34
988624,570
988700,16
988704,48
988763,147
988768,22
988819,52
988849,32
988885,36
988897,29
988960,32
988967,61
989000,18
989002,244
989055,17
989061,16
989065,18
989076,35
989080,20
989115,17
989176,123
989244,24
989294,24
989317,24
989344,18
989354,16
989355,66
989424,192
989444,37
989445,23
989446,30
989450,31
989507,30
989605,56
989637,42
989741,74
989742,44
989790,35
989810,23
989817,25
989869,41
989907,18
989920,17
989972,21
990001,40
990003,20
990011,28
990039,46
990070,20
990071,26
990137,26
990145,128
990217,247
990236,158
990239,21
990246,22
990293,602
990438,39
990498,95
990509,36
990535,18
990566,19
990575,28
990601,39
990642,118
990649,22
990651,26
990753,52
990766,22
990799,83
990812,19
990815,20
990828,26
990886,1508
990912,17
990936,17
990981,76
990983,51
991015,110
991063,113
991260,22
991284,27
991301,45
991384,46
991398,66
991404,16
991511,118
991532,17
991582,20
991589,18
991594,433
991602,23
991616,51
991617,1890
991684,46
991701,19
991704,210
991707,40
991750,31
991810,22
991823,27
991836,1007
991926,133
991937,20
991967,49
991983,21
992023,17
992054,19
992078,64
992093,50
992136,31
992163,17
992174,115
992223,23
992256,346
992263,189
992317,71
992336,18
992357,79
992390,16
992442,16
992483,27
992510,16
992520,400
992534,40
992543,39
992544,32
992625,19
992655,17
992676,60
992683,31
992693,21
992720,112
992733,29
992787,154
992795,23
992800,64
992803,101
992833,17
992848,58
992852,310
992874,32
992887,19
992914,19
992926,307
992955,28
992957,22
993030,26
993098,50
993109,29
993128,42
993166,36
993186,16
993191,24
993192,47
993249,29
993266,20
993295,17
993303,69
993307,53
993342,19
993434,86
993452,63
993585,19
993602,19
993771,85
993794,23
993795,139
993813,27
993915,18
993971,43
994014,64
994018,29
994024,218
994045,26
994057,259
994072,20
994180,50
994200,28
994232,28
994262,82
994283,45
994314,17
994337,16
994397,24
994404,18
994436,17
994446,32
994521,51
994535,38
994548,18
994584,18
994603,28
994647,20
994690,35
994744,330
994777,24
994810,83
994847,57
994858,38
994864,21
994872,69
994885,23
994887,21
994892,40
994905,24
994954,50
994983,25
994998,18
995008,38
995016,37
995029,54
995034,29
995113,24
995115,17
995158,31
995172,23
995187,18
995204,59
995210,27
995231,68
995249,47
995281,16
995293,58
995306,34
995321,23
995392,26
995428,23
995445,30
995471,60
995481,123
995485,34
995495,312
995517,26
995597,25
995608,27
995623,16
995674,30
995675,60
995688,19
995705,49
995715,19
995716,95
995720,101
995726,40
995775,19
995784,17
995807,376
995846,23
995872,45
995920,39
995937,22
995959,32
995963,30
995978,104
996042,27
996179,132
996194,27
996218,21
996242,20
996271,19
996292,2740
996314,51
996327,80
996361,21
996410,77
996528,27
996623,62
996629,28
996670,18
996675,22
996725,16
996751,21
996752,114
996771,18
996810,24
996830,46
996895,26
996917,41
997013,25
997049,62
997085,18
997123,117
997140,33
997141,87
997152,61
997183,98
997214,41
997252,28
997263,17
997303,44
997326,18
997380,17
997438,47
997514,66
997521,17
997541,44
997548,21
997588,141
997625,36
997650,23
997651,35
997666,71
997695,18
997699,23
997736,34
997768,78
997783,57
997785,182
997794,28
997820,23
997834,295
997922,34
998065,66
998067,16
998071,23
998077,18
998078,18
998153,20
998154,18
998187,24
998199,246
998237,16
998251,17
998256,42
998264,47
998268,19
998288,16
998327,80
998369,44
998382,40
998405,28
998406,56
998409,61
998454,101
998487,29
998491,111
998506,26
998553,170
998580,323
998687,20
998692,56
998695,17
998711,61
998713,25
998723,22
998745,30
998816,46
998838,22
998845,45
998857,38
998858,79
998876,58
998890,28
999010,42
999037,18
999095,16
999097,21
999153,36
999154,23
999161,18
999235,35
999246,18
999256,33
999331,29
999359,20
999392,122
999446,18
999470,18
999490,28
999494,36
999506,29
999528,27
999576,19
999588,18
999619,79
999639,47
999666,34
999705,22
999726,27
999730,24
999731,59
999742,88
999762,34
999764,118
999778,28
999807,18
999840,62
999881,24
999882,232
999931,57
999971,68
1000021,116
1000026,42
1000052,88
1000082,16
1000133,106
1000144,21
1000151,129
1000158,19
1000159,32
1000187,25
1000237,16
1000241,18
1000243,30
1000286,2204
1000305,28
1000324,26
1000344,208
1000372,17
1000373,23
1000454,19
1000458,29
1000466,21
1000487,19
1000529,72
1000557,24
1000562,16
1000568,43
1000592,135
1000625,30
1000626,23
1000694,54
1000696,38
1000758,22
1000765,22
1000786,29
1000879,38
1000924,24
1000983,16
1001007,17
1001014,33
1001022,34
1001051,87
1001065,25
1001076,16
1001142,53
1001196,35
1001202,191
1001225,25
1001232,138
1001267,19
1001273,972
1001296,20
1001324,57
1001330,40
1001332,18
1001386,55
1001468,20
1001481,29
1001487,18
1001488,32
1001627,73
1001634,17
1001671,17
1001759,20
1001775,24
1001894,42
1001897,40
1001905,22
1001917,25
1001946,28
1001954,56
1001981,33
1002059,134
1002091,24
1002131,22
1002139,23
1002152,28
1002168,29
1002198,182
1002241,17
1002270,16
1002272,27
1002321,41
1002347,38
1002398,18
1002442,53
1002444,18
1002488,117
1002515,19
1002654,31
1002664,33
1002665,21
1002715,23
1002723,19
1002739,34
1002744,16
1002770,101
1002771,79
1002792,39
1002832,16
1002854,43
1002868,34
1002922,30
1002928,18
1002971,27
1002997,19
1003012,32
1003013,22
1003080,46
1003131,90
1003170,19
1003208,24
1003263,53
1003287,32
1003297,85
1003317,37
1003354,34
1003499,62
1003521,123
1003523,16
1003541,31
1003600,44
1003607,16
1003621,22
1003624,80
1003632,1378
1003638,22
1003653,284
1003672,68
1003679,322
1003690,18
1003740,44
1003761,16
1003793,17
1003845,28
1003960,24
1003961,185
1003971,28
1003998,34
1004039,20
1004082,23
1004093,24
1004124,151
1004194,107
1004224,21
1004260,18
1004284,35
1004307,241
1004330,62
1004347,48
1004373,63
1004413,18
1004416,36
1004457,30
1004493,6793
1004507,56
1004510,26
1004633,38
1004704,43
1004705,22
1004729,16
1004763,186
1004883,22
1004944,241
1004947,17
1005007,24
1005023,39
1005038,20
1005040,46
1005048,17
1005073,44
1005099,64
1005107,18
1005112,17
1005122,16
1005143,24
1005149,19
1005235,55
1005245,20
1005253,22
1005293,31
1005295,16
1005373,113
1005377,16
1005424,29
1005442,38
1005456,33
1005464,39
1005487,80
1005504,16
1005539,55
1005583,82
1005601,28
1005618,25
1005667,17
1005675,65
1005685,49
1005760,16
1005781,21
1005888,24
1005896,23
1005913,23
1005921,17
1005926,24
1005961,70
1005988,91
1005993,20
1006001,24
1006012,35
1006041,68
1006084,18
1006085,28
1006179,69
1006180,19
1006206,22
1006274,25
1006278,51
1006299,54
1006300,20
1006332,102
1006357,18
1006443,36
1006444,17
1006489,16
1006539,84
1006631,136
1006642,82
1006682,30
1006723,26
1006766,77
1006793,44
1006867,20
1006892,20
1006997,24
1007072,44
1007113,24
1007120,162
1007124,28
1007125,55
1007133,74
1007176,257
1007182,20
1007186,17
1007212,142
1007221,239
1007228,24
1007248,21
1007268,25
1007288,82
1007326,23
1007379,328
1007429,24
1007476,24
1007494,20
1007539,61
1007542,55
1007587,19
1007623,17
1007657,160
1007717,21
1007753,600
1007768,54
1007771,58
1007785,17
1007815,76
1007823,32
1007874,20
1007880,40
1007921,23
1007981,26
1007997,79
1008056,20
1008119,25
1008125,28
1008166,71
1008168,34
1008247,19
1008251,20
1008252,38
1008284,16
1008296,70
1008312,25
1008359,37
1008442,143
1008477,28
1008487,26
1008600,120
1008678,189
1008680,63
1008729,461
1008766,74
1008777,36
1008821,57
1008825,117
1008826,24
1008861,24
1008890,31
1008920,18
1008927,26
1008996,37
1009076,66
1009084,16
1009152,18
1009185,43
1009195,120
1009272,18
1009273,26
1009274,31
1009282,22
1009292,66
1009350,35
1009372,36
1009415,55
1009453,125
1009493,1231
1009528,32
1009529,40
1009544,317
1009590,20
1009657,34
1009693,17
1009724,18
1009791,27
1009795,37
1009799,25
1009870,72
1009901,57
1009917,351
1009963,32
1010019,22
1010032,54
1010042,76
1010071,17
1010102,25
1010124,80
1010136,20
1010140,39
1010141,127
1010194,17
1010204,150
1010209,17
1010229,21
1010268,16
1010275,20
1010280,21
1010308,20
1010319,46
1010327,25
1010329,22
1010330,20
1010353,84
1010365,16
1010375,18
1010389,29
1010437,23
1010480,44
1010484,17
1010506,56
1010530,120
1010618,22
1010634,69
1010669,20
1010688,23
1010732,19
1010768,18
1010899,151
1010923,17
1010932,190
1010961,33
1010962,19
1010993,47
1011009,19
1011046,23
1011054,25
1011107,17
1011114,55
1011118,23
1011122,38
1011244,19
1011256,25
1011262,45
1011271,22
1011327,58
1011439,30
1011494,21
1011563,133
1011570,331
1011621,34
1011684,35
1011747,21
1011794,29
1011890,52
1011898,29
1011909,50
1011913,30
1011975,28
1011982,73
1011992,28
1011994,16
1012003,18
1012044,37
1012098,89
1012101,22
1012108,18
1012140,91
1012177,21
1012213,47
1012262,27
1012291,23
1012314,21
1012322,16
1012330,24
1012336,54
1012343,25
1012356,16
1012363,26
1012369,54
1012383,27
1012393,26
1012405,26
1012472,21
1012474,20
1012485,21
1012529,18
1012589,30
1012592,25
1012604,19
1012605,27
1012634,22
1012646,17
1012653,21
1012672,56
1012695,482
1012698,22
1012717,65
1012735,18
1012754,18
1012757,28
1012759,110
1012770,23
1012799,18
1012838,65
1012859,22
1012877,90
1012887,31
1012916,33
1012928,24
1012952,38
1012993,18
1013053,18
1013075,70
1013090,16
1013143,27
1013147,25
1013194,20
1013248,54
1013276,16
1013323,122
1013370,25
1013400,16
1013459,18
1013509,42
1013530,21
1013541,20
1013552,21
1013590,209
1013635,60
1013731,16
1013805,66
1013816,21
1013823,17
1013831,199
1013843,48
1013861,21
1013956,33
1013964,40
1013969,42
1013976,24
1014002,19
1014003,54
1014034,1130
1014074,80
1014108,207
1014111,22
1014129,18
1014160,27
1014205,26
1014208,74
1014324,17
1014327,29
1014404,38
1014412,64
1014451,42
1014464,21
1014489,51
1014545,18
1014676,19
1014760,73
1014812,21
1014816,54
1014822,21
1014838,24
1014851,34
1014852,48
1014878,148
1014902,16
1014919,73
1014942,48
1014955,81
1014966,965
1014972,20
1015048,40
1015071,41
1015081,53
1015122,17
1015188,50
1015267,23
1015443,20
1015464,41
1015478,42
1015484,274
1015506,33
1015527,16
1015534,45
1015595,17
1015605,34
1015614,155
1015659,16
1015707,17
1015708,1407
1015717,23
1015730,29
1015853,44
1015877,50
1015890,79
1015902,21
1015906,94
1015925,17
1015969,16
1016003,31
1016013,18
1016014,29
1016038,29
1016097,151
1016103,27
1016228,90
1016272,544
1016274,34
1016320,64
1016329,23
1016373,23
1016397,35
1016432,25
1016436,58
1016462,24
1016476,29
1016493,20
1016498,19
1016533,136
1016550,45
1016622,22
1016642,29
1016645,234
1016672,31
1016757,18
1016788,17
1016820,18
1016822,166
1016826,47
1016925,100
1016959,32
1016962,42
1016976,41
1017076,20
1017119,59
1017177,79
1017243,52
1017273,17
1017288,128
1017302,61
1017346,64
1017371,16
1017422,41
1017444,68
1017491,36
1017499,18
1017505,29
1017539,40
1017545,30
1017569,53
1017603,17
1017616,54
1017661,25
1017719,17
1017752,33
1017797,17
1017833,26
1017862,80
1017911,97
1017959,16
1017987,46
1017996,22
1018000,20
1018033,32
1018076,44
1018080,35
1018086,20
1018095,208
1018116,74
1018121,32
1018137,16
1018145,50
1018163,19
1018183,18
1018221,32
1018249,20
1018281,111
1018298,64
1018384,231
1018434,28
1018468,1049
1018469,43
1018481,22
1018500,81
1018510,78
1018557,22
1018581,83
1018666,28
1018667,239
1018670,17
1018702,303
1018860,31
1018897,21
1018961,27
1018966,21
1018980,23
1018981,19
1018986,25
1019043,16
1019081,38
1019106,30
1019174,28
1019226,27
1019232,17
1019327,19
1019332,35
1019342,1191
1019351,41
1019386,56
1019391,44
1019395,103
1019410,53
1019436,19
1019473,39
1019512,25
1019547,63
1019663,46
1019708,34
1019712,32
1019716,69
1019750,27
1019820,103
1019824,69
1019843,17
1019908,20
1019942,30
1020076,25
1020097,242
1020123,27
1020127,24
1020136,21
1020178,53
1020256,905
1020296,26
1020307,25
1020318,23
1020323,25
1020445,91
1020447,236
1020517,24
1020526,18
1020540,49
1020544,35
1020545,87
1020611,23
1020640,26
1020753,33
1020758,37
1020761,25
1020769,55
1020899,35
1020925,79
1020942,19
1020952,39
1020967,21
1021036,31
1021117,44
1021206,25
1021264,48
1021279,25
1021293,25
1021308,24
1021313,245
1021338,121
1021386,19
1021387,46
1021436,35
1021453,22
1021471,27
1021501,38
1021568,65
1021575,33
1021580,17
1021584,31
1021598,21
1021645,24
1021667,28
1021760,27
1021836,78
1021859,21
1021877,44
1021909,994
1021929,24
1022057,61
1022067,17
1022069,17
1022148,350
1022154,168
1022164,39
1022213,132
1022219,24
1022220,18
1022246,115
1022248,38
1022276,55
1022317,21
1022318,36
1022472,24
1022489,18
1022491,17
1022555,25
1022579,19
1022589,265
1022609,30
1022624,65
1022689,16
1022701,20
1022731,105
1022785,24
1022925,27
1022940,21
1022950,46
1022953,668
1022983,316
1023004,37
1023019,48
1023118,24
1023121,17
1023124,24
1023206,81
1023208,34
1023225,26
1023230,27
1023247,51
1023248,50
1023249,17
1023256,20
1023332,70
1023545,80
1023563,29
1023564,56
1023624,17
1023626,23
1023650,123
1023660,18
1023666,22
1023684,17
1023685,17
1023755,53
1023761,36
1023863,355
1023872,28
1023875,637
1023961,22
1023967,19
1024030,354
1024055,55
1024087,18
1024089,27
1024107,16
1024115,44
1024119,38
1024200,91
1024230,18
1024284,43
1024293,61
1024361,217
1024362,49
1024421,97
1024432,88
1024497,31
1024592,20
1024654,25
1024692,36
1024740,44
1024775,48
1024779,25
1024835,18
1024839,28
1024851,16
1024860,22
1024873,31
1024880,17
1024899,105
1024907,21
1024965,130
1025019,29
1025030,194
1025036,23
1025039,60
1025045,202
1025054,30
1025057,22
1025084,18
1025117,60
1025165,41
1025181,42
1025200,40
1025263,18
1025269,30
1025278,74
1025343,72
1025355,27
1025373,24
1025384,34
1025446,17
1025465,75
1025475,33
1025516,28
1025531,16
1025573,128
1025615,20
1025616,19
1025650,131
1025663,124
1025666,33
1025814,19
1025816,40
1025829,72
1025835,66
1025863,20
1025890,89
1025902,74
1025932,87
1025947,47
1025955,38
1025960,24
1026064,30
1026071,24
1026075,159
1026080,24
1026089,30
1026187,24
1026246,32
1026249,52
1026271,209
1026274,48
1026276,72
1026404,21
1026432,28
1026439,22
1026497,24
1026511,19
1026521,308
1026543,887
1026552,45
1026561,20
1026632,135
1026689,51
1026699,16
1026710,17
1026826,20
1026874,79
1026884,28
1026913,80
1026925,222
1027006,59
1027020,123
1027030,17
1027035,18
1027036,58
1027044,43
1027060,86
1027169,20
1027172,18
1027182,50
1027199,20
1027209,23
1027213,96
1027233,24
1027306,999
1027329,24
1027333,28
1027345,17
1027355,24
1027381,17
1027437,3033
1027462,23
1027490,18
1027554,33
1027573,27
1027609,64
1027620,40
1027621,17
1027640,34
1027656,56
1027660,19
1027672,28
1027673,50
1027725,57
1027734,111
1027745,79
1027817,16
1027885,17
1027888,20
1027900,21
1027907,59
1027917,26
1027932,74
1027934,28
1027961,293
1027970,31
1028022,16
1028076,22
1028085,23
1028119,26
1028142,114
1028161,17
1028196,17
1028254,36
1028271,30
1028320,21
1028344,20
1028378,29
1028380,28
1028395,19
1028396,22
1028405,17
1028432,24
1028442,33
1028562,28
1028598,21
1028651,35
1028680,19
1028684,16
1028693,24
1028711,17
1028748,447
1028795,27
1028824,16
1028838,23
1028844,60
1028883,47
1028973,111
1029031,18
1029057,79
1029079,40
1029139,204
1029171,79
1029218,62
1029305,68
1029360,21
1029376,185
1029422,21
1029557,33
1029560,43
1029620,29
1029736,51
1029749,19
1029786,23
1029789,21
1029812,85
1029819,109
1029864,46
1029936,110
1029939,29
1029948,102
1029965,32
1030001,17
1030014,36
1030022,34
1030049,20
1030054,17
1030090,16
1030158,57
1030173,17
1030179,44
1030210,32
1030214,21
1030246,48
1030254,37
1030261,48
1030274,16
1030356,32
1030367,18
1030378,25
1030456,106
1030493,29
1030528,58
1030564,19
1030592,21
1030629,57
1030655,46
1030696,22
1030757,93
1030768,34
1030776,22
1030807,23
1030808,39
1030817,24
1030851,22
1030864,43
1030882,29
1030992,159
1031003,20
1031006,71
1031041,18
1031058,16
1031066,67
1031111,18
1031124,18
1031135,17
1031188,17
1031189,18
1031218,41
1031238,139
1031254,19
1031276,23
1031281,108
1031322,46
1031334,20
1031391,24
1031412,27
1031452,62
1031465,35
1031520,29
1031595,1449
1031602,203
1031665,29
1031668,25
1031699,44
1031700,34
1031702,22
1031710,79
1031729,17
1031763,20
1031784,17
1031895,65
1031967,109
1031990,37
1032004,291
1032021,17
1032076,37
1032085,35
1032123,59
1032220,203
1032231,32
1032321,19
1032343,18
1032375,57
1032395,113
1032499,65
1032538,18
1032564,93
1032575,31
1032625,144
1032640,21
1032668,29
1032747,95
1032760,16
1032762,780
1032814,19
1032847,39
1032851,28
1032940,36
1032963,402
1032982,35
1033009,23
1033015,24
1033066,26
1033089,100
1033153,38
1033154,75
1033227,82
1033232,72
1033240,47
1033259,85
1033271,21
1033293,38
1033303,40
1033328,188
1033330,20
1033337,36
1033348,119
1033351,25
1033417,42
1033446,53
1033473,16
1033488,27
1033568,25
1033571,23
1033679,23
1033725,1303
1033739,32
1033753,225
1033855,22
1033872,24
1033897,30
1033902,70
1033904,40
1033938,24
1033940,22
1033957,32
1033991,115
1034015,19
1034022,40
1034028,18
1034086,192
1034087,40
1034101,21
1034107,48
1034153,118
1034258,20
1034324,21
1034365,36
1034386,20
1034388,306
1034396,509
1034398,18
1034436,22
1034452,20
1034461,24
1034473,74
1034491,18
1034515,97
1034516,35
1034518,39
1034527,112
1034536,25
1034593,33
1034674,90
1034697,27
1034815,17
1034828,24
1034832,69
1034836,16
1034851,22
1034968,25
1034978,25
1034984,27
1034989,22
1035028,45
1035105,69
1035197,20
1035202,19
1035203,19
1035213,75
1035257,82
1035276,65
1035281,35
1035290,33
1035317,92
1035346,33
1035348,22
1035366,265
1035380,61
1035388,26
1035433,96
1035447,31
1035453,18
1035464,516
1035490,17
1035498,18
1035522,232
1035526,17
1035540,384
1035577,107
1035604,32
1035611,20
1035646,19
1035687,16
1035719,22
1035742,59
1035755,117
1035771,18
1035772,198
1035806,16
1035813,42
1035830,20
1035841,21
1035974,23
1035983,866
1035996,915
1036008,17
1036021,58
1036033,20
1036130,19
1036175,27
1036225,40
1036247,24
1036327,42
1036335,37
1036395,49
1036410,588
1036424,17
1036446,27
1036489,39
1036527,45
1036548,30
1036655,30
1036707,161
1036708,16
1036763,32
1036797,46
1036828,50
1036836,30
1036845,33
1036859,23
1036896,32
1036945,44
1036975,22
1036998,17
1037005,17
1037091,16
1037100,33
1037145,60
1037156,17
1037158,184
1037167,56
1037224,17
1037239,20
1037259,25
1037262,18
1037263,21
1037265,924
1037266,20
1037292,145
1037318,26
1037323,17
1037331,25
1037362,26
1037422,27
1037430,130
1037470,40
1037517,23
1037533,24
1037600,36
1037602,43
1037674,35
1037689,18
1037719,37
1037723,55
1037796,52
1037809,50
1037832,17
1037834,16
1037887,27
1037891,28
1037892,40
1037983,19
1037992,47
1038104,30
1038112,26
1038115,259
1038120,28
1038152,32
1038183,52
1038188,23
1038197,17
1038253,23
1038262,33
1038265,21
1038268,112
1038294,20
1038316,22
1038336,24
1038375,33
1038436,46
1038494,22
1038612,209
1038629,68
1038642,18
1038656,58
1038700,19
1038712,37
1038725,101
1038726,53
1038770,116
1038777,19
1038778,49
1038835,54
1038852,19
1038857,75
1038898,20
1038900,18
1038947,60
1038960,91
1038997,17
1039058,65
1039126,23
1039132,51
1039133,96
1039182,24
1039193,20
1039245,23
1039375,22
1039426,25
1039483,195
1039489,87
1039512,18
1039519,56
1039563,1394
1039583,18
1039593,18
1039631,16
1039663,52
1039702,31
1039706,22
1039756,25
1039776,294
1039903,22
1039914,87
1039972,38
1039983,18
1040029,18
1040100,39
1040150,78
1040170,32
1040182,371
1040184,45
1040217,32
1040268,22
1040292,122
1040298,17
1040300,39
1040355,37
1040359,16
1040409,27
1040416,63
1040459,24
1040482,21
1040504,19
1040532,22
1040615,34
1040616,37
1040645,20
1040647,27
1040649,39
1040732,41
1040887,25
1040921,29
1040940,35
1040954,19
1040992,55
1040995,24
1041002,109
1041046,18
1041075,26
1041097,22
1041126,20
1041132,38
1041163,16
1041171,109
1041203,135
1041304,21
1041307,38
1041323,19
1041328,18
1041350,34
1041359,31
1041364,19
1041394,27
1041406,30
1041408,27
1041504,22
1041512,19
1041570,102
1041591,24
1041671,19
1041676,16
1041690,21
1041693,51
1041746,19
1041766,41
1041773,151
1041799,70
1041821,31
1041853,19
1041872,19
1041891,25
1041923,161
1041954,70
1041957,22
1041959,22
1041997,19
1042001,34
1042047,30
1042074,83
1042097,17
1042098,28
1042113,18
1042121,50
1042138,16
1042139,41
1042164,41
1042174,41
1042180,361
1042221,21
1042265,81
1042339,382
1042356,17
1042368,16
1042406,98
1042422,27
1042452,42
1042516,18
1042526,86
1042527,18
1042543,20
1042624,21
1042628,30
1042645,70
1042716,29
1042758,18
1042767,37
1042772,47
1042827,86
1042834,17
1042887,16
1042950,35
1042963,26
1042997,22
1043055,34
1043102,186
1043108,2655
1043152,47
1043170,26
1043188,29
1043218,18
1043240,58
1043268,51
1043305,17
1043428,29
1043569,46
1043597,44
1043648,24
1043748,80
1043769,19
1043786,31
1043802,29
1043814,16
1043815,55
1043843,30
1043873,16
1043876,16
1043877,36
1043932,83
1043954,26
1043955,23
1043963,30
1043986,28
1043999,16
1044002,40
1044031,19
1044051,26
1044070,24
1044095,21
1044101,263
1044116,32
1044117,61
1044122,30
1044143,525
1044188,73
1044239,122
1044295,16
1044298,19
1044319,3515
1044380,129
1044388,64
1044389,86
1044510,69
1044511,17
1044516,17
1044517,84
1044536,17
1044537,16
1044539,20
1044614,24
1044668,20
1044696,49
1044710,26
1044734,862
1044809,23
1044816,34
1044831,26
1044891,24
1044907,47
1044915,32
1045014,18
1045021,34
1045034,164
1045087,19
1045098,23
1045117,24
1045120,30
1045166,104
1045167,21
1045191,30
1045229,29
1045236,48
1045255,18
1045258,30
1045279,37
1045303,44
1045360,29
1045371,66
1045387,64
1045397,69
1045476,18
1045555,19
1045607,88
1045623,18
1045694,16
1045735,65
1045800,22
1045809,29
1045866,19
1045895,19
1045927,20
1045933,38
1045941,21
1045948,28
1045964,16
1046043,80
1046081,423
1046102,25
1046107,52
1046138,47
1046143,27
1046216,16
1046244,52
1046270,31
1046295,24
1046336,184
1046353,17
1046394,17
1046395,21
1046414,23
1046445,35
1046453,30
1046463,146
1046492,27
1046494,28
1046501,1436
1046510,16
1046522,27
1046531,29
1046536,45
1046538,29
1046667,16
1046671,19
1046682,17
1046686,18
1046718,68
1046759,16
1046849,21
1046914,67
1046921,17
1046925,45
1046974,23
1047018,27
1047069,74
1047083,93
1047170,39
1047186,21
1047192,23
1047205,35
1047219,29
1047246,17
1047313,27
1047323,24
1047342,72
1047355,18
1047416,15326
1047420,17
1047445,22
1047474,30
1047520,20
1047567,17
1047659,25
1047683,16
1047766,57
1047772,20
1047810,17
1047888,183
1047902,26
1047923,36
1047925,21
1047960,26
1048004,71
1048056,29
1048067,18
1048141,327
1048142,20
1048147,17
1048173,18
1048181,25
1048234,29
1048278,46
1048312,147
1048334,20
1048351,36
1048621,53
1048642,29
1048658,1013
1048705,49
1048789,16
1048791,95
1048802,21
1048809,37
1048824,21
1048852,48
1048863,246
1048878,16
1048906,48
1048924,19
1048932,81
1048936,16
1048966,38
1049037,18
1049058,25
1049075,22
1049087,43
1049089,49
1049093,35
1049111,58
1049112,16
1049120,158
1049124,21
1049145,32
1049152,64
1049158,20
1049173,34
1049180,27
1049233,23
1049370,54
1049374,18
1049407,50
1049419,87
1049484,201
1049520,34
1049561,32
1049565,58
1049577,38
1049623,40
1049659,357
1049675,19
1049689,22
1049732,19
1049735,25
1049737,291
1049748,28
1049781,21
1049828,19
1049841,67
1049881,34
1049883,24
1049892,23
1049924,21
1049935,17
1049988,75
1050019,16
1050043,40
1050059,19
1050062,24
1050079,217
1050103,23
1050109,17
1050162,21
1050172,29
1050180,23
1050223,18
1050234,16
1050251,257
1050271,24
1050285,47
1050314,32
1050319,27
1050344,112
1050348,16
1050355,72
1050380,124
1050383,20
1050403,25
1050440,17
1050461,16
1050503,39
1050504,22
1050544,104
1050557,24
1050566,458
1050573,28
1050606,43
1050620,21
1050637,53
1050727,49
1050733,40
1050805,20
1050919,52
1050926,206
1050931,166
1050941,24
1050951,18
1051007,59
1051039,18
1051123,31
1051138,31
1051157,57
1051243,22
1051287,115
1051297,28
1051307,20
1051316,18
1051323,17
1051371,17
1051404,20
1051405,39
1051419,23
1051432,19
1051509,19
1051523,202
1051529,191
1051546,17
1051548,18
1051566,38
1051579,16
1051585,31
1051617,76
1051740,18
1051744,17
1051765,33
1051785,48
1051839,397
1051884,157
1051951,26
1051959,21
1051983,36
1052015,17
1052039,51
1052145,39
1052185,228
1052236,78
1052301,53
1052331,33
1052370,17
1052377,95
1052386,22
1052410,60
1052453,39
1052541,33
1052605,34
1052612,28
1052637,25
1052644,71
1052658,39
1052679,63
1052722,32
1052863,19
1052880,17
1052922,123
1052960,24
1052986,45
1053003,18
1053132,25
1053135,18
1053165,23
1053166,24
1053239,34
1053252,29
1053265,19
1053266,18
1053306,275
1053333,41
1053456,50
1053488,80
1053534,1899
1053571,44
1053573,17
1053612,51
1053618,17
1053646,20
1053703,39
1053746,31
1053749,38
1053799,26
1053802,40
1053860,55
1053907,30
1053917,84
1053948,82
1053955,37
1054001,59
1054004,61
1054010,24
1054012,99
1054016,17
1054034,66
1054203,41
1054207,18
1054257,34
1054263,20
1054278,16
1054355,21
1054366,18
1054379,68
1054423,20
1054455,20
1054544,23
1054554,65
1054592,17
1054609,19
1054618,68
1054714,152
1054715,41
1054753,42
1054778,116
1054779,25
1054781,24
1054838,19
1054843,298
1054854,33
1054873,18
1054996,56
1055017,17
1055052,31
1055053,20
1055144,38
1055204,68
1055248,33
1055257,24
1055324,27
1055326,105
1055346,27
1055355,20
1055370,122
1055437,57
1055459,16
1055486,42
1055563,41
1055565,21
1055572,17
1055614,26
1055637,29
1055660,22
1055803,28
1055828,37
1055872,106
1055878,20
1055884,20
1055900,23
1055912,71
1055935,37
1055977,18
1056026,21
1056077,37
1056111,16
1056188,24
1056263,21
1056286,21
1056314,144
1056318,19
1056336,1766
1056348,35
1056390,48
1056405,16
1056406,19
1056440,21
1056451,28
1056452,35
1056485,25
1056553,17
1056648,17
1056711,16
1056729,31
1056731,73
1056747,84
1056756,28
1056770,414
1056774,30
1056824,1537
1056911,223
1056948,19
1056954,40
1056965,16
1056966,147
1056980,16
1057027,34
1057028,17
1057040,168
1057071,27
1057139,27
1057186,30
1057192,23
1057197,26
1057210,25
1057219,27
1057230,250
1057257,23
1057267,39
1057289,33
1057337,21
1057347,22
1057415,46
1057417,27
1057432,26
1057471,16
1057482,18
1057515,31
1057558,19
1057595,31
1057713,32
1057793,29
1057851,23
1057869,470
1057870,58
1057892,45
1057955,58
1057958,33
1057968,57
1057984,58
1058015,21
1058054,67
1058070,16
1058105,22
1058111,30
1058128,172
1058152,23
1058171,19
1058191,32
1058228,23
1058255,26
1058265,33
1058313,28
1058339,41
1058368,16
1058380,22
1058464,2622
1058559,25
1058587,25
1058604,39
1058649,17
1058658,72
1058704,19
1058779,44
1058794,94
1058803,80
1058833,33
1058843,117
1058845,51
1058846,32
1058900,526
1058917,19
1058958,122
1058994,21
1059028,19
1059046,29
1059053,28
1059083,28
1059104,838
1059114,19
1059125,17
1059156,16
1059162,59
1059190,45
1059258,56
1059296,25
1059302,38
1059365,51
1059381,73
1059388,16
1059430,31
1059438,30
1059482,64
1059512,59
1059536,32
1059548,20
1059551,50
1059607,39
1059649,35
1059673,20
1059692,53
1059693,52
1059698,20
1059744,64
1059882,17
1059950,457
1059960,20
1059961,35
1060030,29
1060038,19
1060060,18
1060078,20
1060109,19
1060155,18
1060157,44
1060196,20
1060234,68
1060273,17
1060293,21
1060337,16
1060341,19
1060384,134
1060388,35
1060399,19
1060418,47
1060453,25
1060465,29
1060502,37
1060524,109
1060539,16
1060541,16
1060554,22
1060578,27
1060583,27
1060607,19
1060639,40
1060681,19
1060763,33
1060765,86
1060772,142
1060842,18
1060845,34
1060851,27
1060894,26
1060929,60
1060950,29
1060964,21
1060973,20
1061093,58
1061134,24
1061142,30
1061148,37
1061163,27
1061203,96
1061211,46
1061226,16
1061378,409
1061403,18
1061404,21
1061409,17
1061416,31
1061418,24
1061427,59
1061443,60
1061560,16
1061565,842
1061598,19
1061638,37
1061655,19
1061656,17
1061685,118
1061693,34
1061711,18
1061722,47
1061741,29
1061751,48
1061782,20
1061824,62
1061872,82
1061913,166
1061920,22
1062016,16
1062043,975
1062085,81
1062206,22
1062211,16
1062212,25
1062248,37
1062264,68
1062269,24
1062313,55
1062335,138
1062363,32
1062419,45
1062427,17
1062486,21
1062487,17
1062490,141
1062498,22
1062579,28
1062613,60
1062650,19
1062681,21
1062692,126
1062722,33
1062760,19
1062780,17
1062820,19
1062886,17
1062899,48
1062901,29
1062928,17
1062930,22
1062939,27
1062947,32
1062967,32
1062991,26
1062994,39
1063090,17
1063100,30
1063112,27
1063136,332
1063158,109
1063183,26
1063224,23
1063236,30
1063283,24
1063311,36
1063324,24
1063329,42
1063334,109
1063344,18
1063356,22
1063374,28
1063405,20
1063421,22
1063465,35
1063494,25
1063607,31
1063634,168
1063672,24
1063674,29
1063683,24
1063685,65
1063737,17
1063801,22
1063818,124
1063825,91
1063888,24
1063918,30
1063924,17
1063955,28
1064007,188
1064009,17
1064010,24
1064036,42
1064037,1829
1064105,18
1064180,34
1064205,54
1064235,30
1064242,68
1064254,29
1064278,28
1064308,16
1064341,57
1064362,720
1064378,47
1064400,16
1064415,31
1064424,17
1064475,45
1064528,24
1064532,52
1064577,37
1064636,77
1064651,35
1064666,29
1064678,30
1064738,191
1064833,63
1064838,28
1064854,17
1064867,44
1064890,70
1064899,17
1064963,221
1065018,39
1065020,22
1065024,28
1065080,116
1065097,19
1065111,82
1065116,38
1065152,22
1065175,45
1065236,17
1065260,31
1065369,30
1065378,64
1065390,16
1065396,128
1065407,16
1065481,23
1065510,28
1065557,49
1065641,65
1065663,44
1065693,20
1065708,46
1065735,16
1065752,25
1065765,34
1065780,28
1065817,19
1065820,16
1065832,41
1065848,19
1065849,36
1065853,66
1065922,174
1065923,23
1065954,24
1066010,22
1066113,25
1066308,55
1066342,17
1066345,98
1066367,19
1066424,41
1066455,37
1066466,18
1066479,21
1066564,64
1066607,117
1066631,122
1066689,28
1066690,20
1066729,151
1066734,27
1066755,25
1066776,36
1066815,26
1066833,68
1066948,251
1067037,21
1067054,20
1067072,36
1067125,17
1067128,18
1067135,61
1067149,38
1067150,21
1067152,37
1067223,49
1067236,68
1067252,22
1067264,80
1067280,24
1067293,30
1067338,37
1067352,53
1067355,20
1067386,22
1067391,53
1067404,19
1067420,67
1067425,38
1067432,33
1067456,56
1067501,123
1067576,18
1067589,18
1067633,19
1067640,40
1067645,477
1067712,28
1067725,106
1067780,17
1067833,19
1067891,24
1067904,31
1067906,24
1067947,43
1067965,21
1068007,18
1068037,21
1068051,30
1068060,26
1068064,22
1068076,79
1068078,20
1068130,64
1068134,25
1068141,34
1068209,164
1068223,67
1068266,68
1068280,19
1068342,92
1068456,16
1068513,19
1068571,19
1068589,24
1068596,83
1068602,59
1068627,16
1068635,71
1068692,108
1068704,78
1068737,18
1068831,73
1068866,24
1068948,24
1068951,54
1068969,17
1069103,84
1069119,20
1069149,163
1069178,40
1069222,16
1069235,17
1069253,25
1069299,474
1069313,18
1069350,20
1069384,77
1069394,56
1069412,98
1069493,30
1069514,19
1069583,261
1069634,20
1069636,16
1069666,18
1069694,27
1069695,31
1069721,32
1069759,16
1069765,38
1069777,76
1069833,24
1069862,47
1069899,64
1069906,25
1069950,52
1069983,22
1070018,19
1070020,27
1070029,60
1070039,19
1070040,41
1070103,36
1070129,50
1070260,35
1070378,20
1070399,19
1070426,19
1070435,545
1070514,19
1070523,48
1070524,41
1070550,17
1070564,39
1070578,25
1070590,21
1070592,20
1070598,16
1070605,336
1070670,32
1070701,34
1070710,18
1070746,34
1070782,79
1070850,29
1070862,67
1070922,71
1070973,41
1070981,32
1071051,37
1071066,68
1071086,34
1071089,27
1071118,21
1071123,52
1071132,26
1071149,38
1071154,31
1071236,94
1071242,57
1071268,30
1071281,22
1071287,27
1071289,41
1071309,528
1071352,17
1071368,27
1071376,49
1071389,18
1071390,17
1071401,26
1071407,62
1071516,25
1071594,40
1071609,98
1071693,1005
1071694,163
1071705,25
1071721,1689
1071780,23
1071854,135
1071908,17
1071954,19
1071968,17
1072016,28
1072084,50
1072085,17
1072129,17
1072174,18
1072190,19
1072215,20
1072217,34
1072243,37
1072262,41
1072276,27
1072299,50
1072311,101
1072314,19
1072322,46
1072359,41
1072426,33
1072442,52
1072506,31
1072526,19
1072590,35
1072606,207
1072679,29
1072708,20
1072735,17
1072768,18
1072781,22
1072830,20
1073032,195
1073033,24
1073045,22
1073120,46
1073121,19
1073132,19
1073137,31
1073142,27
1073237,33
1073242,27
1073264,89
1073272,29
1073281,33
1073300,16
1073325,59
1073336,45
1073340,150
1073341,20
1073350,20
1073365,61
1073378,50
1073421,19
1073477,53
1073513,28
1073526,127
1073535,24
1073555,20
1073559,18
1073645,28
1073663,33
1073691,34
1073731,40
1073733,140
1073818,19
1073858,30
1073937,18
1073938,28
1074048,56
1074066,16
1074098,21
1074106,55
1074122,17
1074138,77
1074157,23
1074170,42
1074183,132
1074186,51
1074196,42
1074209,17
1074211,43
1074259,22
1074274,89
1074324,63
1074347,22
1074366,36
1074393,17
1074412,56
1074416,64
1074452,20
1074483,19
1074545,43
1074583,49
1074584,25
1074605,17
1074617,24
1074669,18
1074689,39
1074715,35
1074720,36
1074739,23
1074754,24
1074799,17
1074830,90
1074865,16
1074873,23
1074898,28
1074956,20
1074969,17
1074984,18
1074986,18
1075047,36
1075077,18
1075143,159
1075156,18
1075173,110
1075186,62
1075257,22
1075304,24
1075320,16
1075485,17
1075486,18
1075487,26
1075503,238
1075505,58
1075527,23
1075561,19
1075572,53
1075609,49
1075649,95
1075656,112
1075665,16
1075668,18
1075698,24
1075713,24
1075754,29
1075774,63
1075862,33
1075868,37
1075877,192
1075903,36
1075941,43
1075960,23
1075971,74
1076014,26
1076047,17
1076066,48
1076141,20
1076145,17
1076147,17
1076153,25
1076161,19
1076224,28
1076241,28
1076255,196
1076263,37
1076278,35
1076295,57
1076316,31
1076324,54
1076343,16
1076403,27
1076444,53
1076448,20
1076469,20
1076472,36
1076473,35
1076566,23
1076575,49
1076609,33
1076610,23
1076666,20
1076682,25
1076743,52
1076771,27
1076874,17
1076999,19
1077010,24
1077021,20
1077087,16
1077159,24
1077177,25
1077182,28
1077190,72
1077226,106
1077296,31
1077317,19
1077319,27
1077362,36
1077369,20
1077381,22
1077411,37
1077421,19
1077466,95
1077485,19
1077511,19
1077594,20
1077643,137
1077689,20
1077721,39
1077748,21
1077768,28
1077832,239
1077833,23
1077857,19
1077888,105
1077889,250
1077897,23
1077900,29
1077934,23
1077959,112
1077960,230
1077983,21
1078004,21
1078151,57
1078162,24
1078194,123
1078214,31
1078260,51
1078347,26
1078369,46
1078371,629
1078482,83
1078550,59
1078553,16
1078606,101
1078619,37
1078626,21
1078634,39
1078643,22
1078673,38
1078681,18
1078722,16
1078742,17
1078782,18
1078821,20
1078840,35
1078860,19
1078878,21
1078886,24
1078889,79
1078892,500
1078903,39
1078933,22
1078983,21
1079054,17
1079082,52
1079163,27
1079170,18
1079230,63
1079310,58
1079311,32
1079362,113
1079365,21
1079401,39
1079507,20
1079518,18
1079539,18
1079547,22
1079563,45
1079564,27
1079572,26
1079599,55
1079648,29
1079674,29
1079746,40
1079806,30
1079850,16
1079942,16
1079962,17
1080013,16
1080020,19
1080033,21
1080080,42
1080105,22
1080181,300
1080213,39
1080218,26
1080240,42
1080284,36
1080305,578
1080318,40
1080358,59
1080367,25
1080393,18
1080415,77
1080459,17
1080467,34
1080473,22
1080484,24
1080504,31
1080521,19
1080595,70
1080598,18
1080634,60
1080668,43
1080672,50
1080675,47
1080693,29
1080706,50
1080712,24
1080716,29
1080725,16
1080780,27
1080807,17
1080817,64
1080861,76
1080924,499
1080925,19
1080938,16
1080949,37
1080957,20
1080972,36
1081046,22
1081094,26
1081131,38
1081135,29
1081136,20
1081270,20
1081276,20
1081296,70
1081306,85
1081409,30
1081457,17
1081520,18
1081530,23
1081631,28
1081638,29
1081647,329
1081652,22
1081682,46
1081719,34
1081788,45
1081813,40
1081838,110
1081867,16
1081887,50
1081933,26
1081960,93
1081980,45
1082026,19
1082058,78
1082064,21
1082066,21
1082082,18
1082087,65
1082090,24
1082094,229
1082095,23
1082096,25
1082191,24
1082203,135
1082204,18
1082217,47
1082234,26
1082241,65
1082242,72
1082249,16
1082332,19
1082453,17
1082530,44
1082607,49
1082685,32
1082689,72
1082737,30
1082747,19
1082792,59
1082823,56
1082840,96
1082845,42
1082855,24
1082968,38
1083003,562
1083037,18
1083092,17
1083108,23
1083139,84
1083142,21
1083153,18
1083162,96
1083178,103
1083228,27
1083281,31
1083292,26
1083299,28
1083435,43
1083465,56
1083478,20
1083515,63
1083545,113
1083587,17
1083589,20
1083649,319
1083670,22
1083694,392
1083709,25
1083802,217
1083856,34
1083920,29
1083942,17
1083943,18
1083977,27
1084227,76
1084288,71
1084299,57
1084358,17
1084368,30
1084384,62
1084484,33
1084514,18
1084517,21
1084526,26
1084538,28
1084557,22
1084590,18
1084607,23
1084654,41
1084666,29
1084673,147
1084684,19
1084692,20
1084694,42
1084741,26
1084758,110
1084811,273
1084827,52
1084837,37
1084879,23
1084921,50
1084923,96
1084961,167
1085032,17
1085045,67
1085078,425
1085117,24
1085168,28
1085169,33
1085190,26
1085205,34
1085385,35
1085388,135
1085462,25
1085483,26
1085501,20
1085502,24
1085586,72
1085675,19
1085755,68
1085773,74
1085809,23
1085851,131
1085877,24
1085884,13677
1085933,99
1085936,29
1085956,43
1085974,137
1085979,30
1086021,24
1086027,20
1086067,26
1086110,27
1086111,23
1086138,45
1086144,53
1086180,29
1086193,37
1086213,67
1086239,28
1086323,35
1086340,31
1086348,38
1086394,40
1086440,113
1086479,16
1086485,443
1086514,29
1086564,22
1086584,24
1086653,81
1086671,20
1086745,93
1086778,79
1086782,64
1086801,80
1086802,61
1086849,115
1086910,21
1086949,23
1086951,16
1086969,1083
1086973,121
1087006,32
1087008,20
1087044,25
1087106,16
1087134,21
1087152,49
1087159,29
1087169,216
1087190,31
1087200,674
1087208,87
1087223,17
1087226,40
1087238,29
1087279,17
1087332,115
1087334,47
1087370,19
1087440,33
1087447,28
1087474,75
1087475,21
1087483,36
1087488,113
1087525,16
1087539,49
1087544,25
1087552,22
1087562,2063
1087569,35
1087570,19
1087595,55
1087673,414
1087681,23
1087694,19
1087695,23
1087734,20
1087767,18
1087781,24
1087793,21
1087843,18
1087864,64
1087874,20
1087882,355
1087943,22
1087951,511
1087969,419
1087992,59
1087993,53
1088011,23
1088033,47
1088073,18
1088186,84
1088223,88
1088266,25
1088287,17
1088316,31
1088454,41
1088517,49
1088543,46
1088547,16
1088558,27
1088578,265
1088618,27
1088638,20
1088663,25
1088667,152
1088679,83
1088693,16
1088712,204
1088807,16
1088824,855
1088829,76
1088833,313
1088841,27
1088972,16
1088992,16
1089108,20
1089132,46
1089160,2010
1089175,34
1089180,39
1089183,48
1089193,26
1089198,23
1089242,514
1089251,23
1089285,32
1089304,37
1089332,28
1089403,42
1089404,25
1089443,115
1089465,35
1089570,19
1089582,30
1089600,21
1089634,43
1089645,78
1089681,25
1089693,24
1089762,17
1089806,19
1089837,22
1089934,24
1089971,67
1089995,90
1090160,20
1090221,235
1090234,19
1090278,58
1090293,27
1090322,18
1090340,20
1090396,35
1090412,38
1090423,72
1090462,28
1090489,21
1090515,27
1090516,23
1090552,47
1090572,22
1090610,179
1090616,38
1090634,26
1090656,32
1090696,101
1090716,23
1090726,39
1090742,64
1090779,43
1090797,234
1090845,25
1090913,18
1090973,22
1091011,21
1091022,34
1091023,21
1091041,18
1091056,382
1091103,298
1091153,17
1091154,21
1091192,29
1091208,850
1091239,118
1091279,16
1091289,45
1091402,25
1091406,102
1091420,21
1091470,20
1091485,21
1091501,24
1091553,63
1091581,103
1091615,19
1091643,84
1091674,20
1091683,18
1091684,26
1091710,109
1091771,16
1091815,20
1091843,40
1091863,43
1091907,30
1091913,32
1091931,62
1091967,21
1091973,22
1092001,46
1092003,20
1092009,24
1092063,21
1092098,48
1092132,16
1092167,43
1092191,106
1092201,28
1092203,16
1092255,19
1092273,52
1092287,43
1092318,57
1092342,26
1092445,36
1092497,293
1092510,16
1092577,32
1092579,24
1092612,84
1092614,91
1092621,79
1092629,24
1092655,30
1092663,36
1092671,38
1092794,117
1092850,16
1092852,44
1092903,77
1092912,25
1092941,1871
1093034,21
1093393,26
1093468,23
1093510,82
1093546,17
1093559,24
1093610,315
1093611,29
1093711,79
1093717,33
1093724,19
1093783,33
1093800,16
1093836,16
1093845,71
1093864,55
1093865,66
1093923,73
1093960,25
1094034,25
1094060,33
1094129,17
1094207,25
1094290,51
1094335,61
1094363,18
1094380,63
1094427,28
1094466,439
1094478,17
1094510,25
1094515,50
1094538,19
1094563,40
1094564,23
1094572,108
1094604,17
1094608,107
1094619,39
1094633,21
1094639,27
1094666,23
1094697,17
1094699,49
1094710,100
1094727,20
1094758,21
1094770,89
1094774,428
1094810,21
1094817,22
1094842,17
1094892,21
1094897,112
1094903,33
1094923,57
1094952,21
1094981,93
1094996,30
1095006,22
1095028,22
1095068,17
1095084,3668
1095085,36
1095088,18
1095117,17
1095121,84
1095124,128
1095156,16
1095210,16
1095333,39
1095384,24
1095387,41
1095398,125
1095460,136
1095486,27
1095488,28
1095510,16
1095561,16
1095571,67
1095577,16
1095751,37
1095761,84
1095865,16
1095887,72
1095939,39
1095940,22
1095978,146
1096012,29
1096034,150
1096048,23
1096063,27
1096066,60
1096085,20
1096093,21
1096107,21
1096140,2773
1096181,23
1096201,20
1096247,16
1096277,1435
1096299,16
1096304,21
1096314,46
1096328,40
1096347,55
1096420,48
1096463,16
1096471,50
1096512,20
1096542,25
1096567,147
1096581,38
1096620,112
1096625,16
1096631,30
1096666,29
1096707,354
1096735,19
1096771,162
1096774,25
1096783,18
1096880,38
1096896,22
1096947,32
1096964,26
1096969,27
1096978,70
1097017,19
1097019,23
1097024,125
1097084,82
1097100,33
1097151,49
1097171,46
1097190,30
1097217,21
1097226,94
1097242,85
1097243,18
1097315,370
1097352,16
1097353,87
1097377,44
1097378,44
1097413,17
1097478,22
1097524,116
1097535,21
1097536,22
1097545,31
1097557,28
1097608,21
1097622,22
1097623,123
1097693,32
1097704,48
1097713,37
1097732,67
1097738,17
1097804,55
1097836,24
1097852,19
1097870,46
1097913,16
1097937,51
1097959,88
1097987,16
1098023,6246
1098040,21
1098099,28
1098143,24
1098150,21
1098195,37
1098243,42
1098333,123
1098437,35
1098457,20
1098472,223
1098538,49
1098550,56
1098578,18
1098592,35
1098623,20
1098694,91
1098704,30
1098710,17
1098715,57
1098719,21
1098735,84
1098786,104
1098788,403
1098801,20
1098818,21
1098833,97
1098848,266
1099012,25
1099049,171
1099072,31
1099138,34
1099169,63
1099202,24
1099207,17
1099212,57
1099254,48
1099384,39
1099392,35
1099421,33
1099438,145
1099469,26
1099472,99
1099517,17
1099518,21
1099535,35
1099586,17
1099625,23
1099626,16
1099752,28
1099802,66
1099807,22
1099820,20
1099821,20
1099845,21
1099891,22
1099916,59
1100055,157
1100060,21
1100090,16
1100111,24
1100189,17
1100200,2026
1100228,17
1100270,19
1100426,48
1100457,25
1100478,39
1100486,43
1100491,261
1100514,55
1100518,18
1100526,20
1100566,24
1100599,242
1100600,27
1100667,1582
1100679,49
1100680,20
1100681,43
1100810,52
1100895,20
1100932,18
1100944,18
1100963,21
1100969,79
1100987,26
1101101,59
1101119,88
1101138,24
1101230,242
1101279,21
1101293,30
1101325,16
1101469,54
1101484,25
1101497,55
1101503,20
1101543,46
1101672,39
1101739,17
1101746,43
1101821,59
1101832,24
1101848,18
1101947,17
1101973,22
1102011,19
1102017,17
1102018,154
1102052,16
1102059,48
1102060,19
1102065,61
1102084,28
1102146,47
1102194,20
1102349,49
1102378,1329
1102392,21
1102412,24
1102477,19
1102486,19
1102487,26
1102489,799
1102493,32
1102532,47
1102623,22
1102651,119
1102677,412
1102701,25
1102707,25
1102708,16
1102730,260
1102766,21
1102783,18
1102787,34
1102797,25
1102801,49
1102805,81
1102831,19
1102859,93
1102891,25
1102903,77
1102906,77
1102919,22
1102945,29
1102955,23
1102958,128
1102967,80
1103049,49
1103062,45
1103126,55
1103127,37
1103155,30
1103161,19
1103188,1147
1103201,38
1103212,23
1103218,31
1103309,34
1103331,43
1103342,41
1103364,25
1103380,49
1103387,23
1103393,17
1103456,89
1103468,18
1103472,20
1103578,22
1103607,28
1103661,45
1103680,27
1103682,202
1103696,23
1103700,35
1103762,22
1103792,26
1103862,30
1103873,30
1103939,19
1103982,22
1104051,212
1104059,17
1104081,27
1104099,72
1104144,37
1104172,25
1104197,32
1104236,70
1104265,26
1104280,254
1104317,17
1104334,17
1104351,22
1104370,83
1104388,41
1104399,23
1104405,51
1104422,35
1104454,23
1104457,90
1104472,86
1104476,27
1104550,16
1104609,19
1104662,105
1104664,1192
1104674,37
1104689,24
1104696,49
1104702,21
1104753,17
1104776,88
1104806,23
1104861,17
1104895,21
1104908,120
1104930,35
1104970,20
1104982,145
1104990,707
1105015,24
1105040,29
1105043,28
1105052,21
1105058,59
1105066,18
1105091,958
1105092,41
1105103,19
1105112,21
1105113,18
1105173,35
1105174,24
1105418,68
1105427,23
1105440,24
1105453,23
1105492,23
1105493,72
1105498,64
1105515,110
1105528,23
1105561,16
1105598,25
1105617,32
1105628,18
1105634,138
1105643,17
1105707,19
1105747,25
1105781,24
1105835,34
1105836,21
1105873,30
1105880,20
1105917,25
1105953,16
1106020,16
1106037,26
1106066,17
1106074,64
1106088,110
1106089,175
1106090,20
1106320,106
1106400,1521
1106441,24
1106469,37
1106493,185
1106564,34
1106583,16
1106611,18
1106660,17
1106728,29
1106729,164
1106735,17
1106738,128
1106830,25
1106897,17
1106913,145
1106917,25
1106920,16
1106932,120
1106947,42
1106966,758
1106978,17
1106992,21
1107003,39
1107034,47
1107037,22
1107051,18
1107052,184
1107109,44
1107255,53
1107264,55
1107299,104
1107316,16
1107317,48
1107375,26
1107380,54
1107383,24
1107402,17
1107407,110
1107423,17
1107483,22
1107484,62
1107486,68
1107497,52
1107542,85
1107559,94
1107603,27
1107655,145
1107665,48
1107679,181
1107738,49
1107778,32
1107808,29
1107847,18
1107861,237
1107867,16
1107904,34
1107911,27
1107943,43
1107947,37
1108067,16
1108191,21
1108205,17
1108211,56
1108234,27
1108319,16
1108407,16
1108410,30
1108427,27
1108482,22
1108498,28
1108506,33
1108514,19
1108523,17
1108560,32
1108584,42
1108603,18
1108645,674
1108662,208
1108747,84
1108805,40
1108818,16
1108845,35
1108877,16
1108878,20
1108886,24
1108920,25
1108941,27
1108943,19
1108953,18
1108979,600
1109036,18
1109037,31
1109054,27
1109082,34
1109083,88
1109092,50
1109103,54
1109122,21
1109145,21
1109175,39
1109176,56
1109228,46
1109257,20
1109277,30
1109280,19
1109386,19
1109438,23
1109484,39
1109531,22
1109647,16
1109655,76
1109675,17
1109701,16
1109712,17
1109716,191
1109739,41
1109856,25
1109864,188
1109879,16
1109903,61
1109939,39
1109956,22
1109981,30
1109998,43
1110036,20
1110054,16
1110055,28
1110065,81
1110107,25
1110141,24
1110185,46
1110192,25
1110195,17
1110221,77
1110225,27
1110239,39
1110242,18
1110262,18
1110301,59
1110345,47
1110362,120
1110385,20
1110414,53
1110420,67
1110478,31
1110485,23
1110515,20
1110524,200
1110527,23
1110566,140
1110575,21
1110688,39
1110693,102
1110705,16
1110717,53
1110722,18
1110723,139
1110745,158
1110781,25
1110782,45
1110790,200
1110808,31
1110835,36
1110846,18
1110850,23
1110945,41
1110987,24
1111001,36
1111013,22
1111021,36
1111026,29
1111031,27
1111033,57
1111081,109
1111082,50
1111083,22
1111140,113
1111157,21
1111216,18
1111273,29
1111277,60
1111299,18
1111300,187
1111336,80
1111516,43
1111607,22
1111663,37
1111667,17
1111697,50
1111776,65
1111782,42
1111809,154
1111847,16
1111852,154
1111860,20
1111865,16
1111872,201
1111875,40
1111928,32
1111949,194
1111980,21
1112009,29
1112022,18
1112063,20
1112068,35
1112078,17
1112107,40
1112162,16
1112171,36
1112175,24
1112182,18
1112197,21
1112202,21
1112210,20
1112226,511
1112240,21
1112330,18
1112336,34
1112369,26
1112490,18
1112506,18
1112563,21
1112580,18
1112608,18
1112667,39
1112670,30
1112683,54
1112715,21
1112754,7447
1112857,299
1112859,34
1112873,19
1112878,34
1112915,17
1112922,670
1112927,26
1112944,38
1112963,29
1112964,106
1112973,19
1112978,35
1113060,25
1113108,18
1113111,27
1113124,42
1113143,25
1113151,17
1113187,355
1113197,76
1113238,16
1113241,20
1113257,24
1113268,35
1113328,63
1113354,28
1113379,17
1113392,43
1113395,39
1113447,925
1113484,336
1113513,23
1113619,24
1113758,89
1113811,23
1113844,21
1113875,21
1113876,17
1113883,36
1113944,20
1113965,29
1114042,42
1114054,97
1114075,76
1114134,656
1114156,44
1114172,16
1114181,99
1114185,22
1114191,154
1114221,302
1114298,21
1114302,50
1114475,25
1114496,39
1114575,21
1114586,21
1114597,21
1114602,36
1114636,18
1114656,32
1114782,17
1114850,107
1114852,21
1114867,72
1114874,22
1114888,147
1114950,16
1114954,21
1114968,18
1114969,89
1115015,26
1115026,25
1115041,19
1115046,23
1115145,59
1115156,30
1115169,32
1115199,46
1115242,69
1115253,124
1115280,712
1115317,103
1115336,26
1115338,24
1115389,17
1115507,29
1115521,20
1115570,80
1115615,37
1115639,23
1115664,25
1115676,20
1115725,35
1115744,34
1115799,20
1115803,22
1115864,27
1115869,31
1115877,21
1115888,16
1115892,392
1115895,48
1115912,16
1115959,21
1115964,118
1115967,40
1115986,162
1115994,269
1116037,19
1116038,21
1116053,79
1116054,22
1116057,91
1116083,199
1116098,18
1116100,24
1116108,44
1116112,29
1116180,54
1116181,18
1116196,22
1116274,24
1116316,29
1116341,17
1116342,227
1116343,25
1116373,17
1116377,18
1116382,22
1116426,23
1116446,28
1116468,230
1116469,73
1116522,42
1116547,30
1116570,16
1116622,23
1116627,27
1116662,58
1116767,21
1116807,20
1116875,33
1116876,27
1116894,48
1116969,28
1117011,25
1117108,41
1117131,20
1117134,17
1117161,465
1117178,17
1117193,62
1117194,602
1117210,31
1117284,36
1117287,29
1117406,21
1117437,53
1117483,19
1117491,19
1117555,16
1117578,19
1117645,79
1117772,20
1117874,26
1117915,17
1117981,57
1117996,37
1118013,35
1118055,19
1118066,19
1118097,16
1118117,16
1118162,52
1118190,312
1118261,1167
1118274,42
1118322,17
1118341,25
1118347,23
1118353,23
1118413,20
1118420,34
1118424,246
1118430,50
1118462,236
1118463,16
1118514,18
1118597,41
1118720,512
1118729,24
1118752,60
1118755,18
1118756,20
1118803,27
1118900,20
1118944,23
1118969,43
1118977,37
1119056,36
1119081,22
1119105,29
1119143,25
1119148,20
1119175,26
1119185,39
1119186,34
1119206,32
1119268,25
1119365,69
1119367,40
1119372,23
1119386,41
1119398,20
1119414,18
1119424,29
1119455,264
1119461,25
1119505,26
1119521,55
1119535,502
1119573,41
1119582,18
1119600,19
1119607,549
1119633,36
1119738,27
1119773,29
1119819,18
1119821,47
1119908,22
1119916,17
1119921,20
1119924,695
1119944,38
1119954,37
1120055,371
1120117,9311
1120138,32
1120143,20
1120195,46
1120204,46
1120222,111
1120237,16
1120248,18
1120255,71
1120283,67
1120329,18
1120380,34
1120423,18
1120437,22
1120450,42
1120456,49
1120482,19
1120504,54
1120509,26
1120538,40
1120560,28
1120569,55
1120570,17
1120573,21
1120599,88
1120603,26
1120608,25
1120645,61
1120649,69
1120694,66
1120708,36
1120728,41
1120789,113
1120868,16
1120885,45
1120991,392
1121065,17
1121133,50
1121207,57
1121212,22
1121226,36
1121232,36
1121233,16
1121288,17
1121292,24
1121314,24
1121397,19
1121440,86
1121461,18
1121490,199
1121573,25
1121583,65
1121598,20
1121639,17
1121647,61
1121654,38
1121688,726
1121709,27
1121715,21
1121728,16
1121753,18
1121832,35
1121851,27
1121914,40
1121957,16
1121958,46
1122043,20
1122063,28
1122091,19
1122118,16
1122121,33
1122158,30
1122164,20
1122183,20
1122209,132
1122237,22
1122241,28
1122324,19
1122350,22
1122358,30
1122424,33
1122437,19
1122470,16
1122480,17
1122496,33
1122497,22
1122605,20
1122621,29
1122633,16
1122705,21
1122723,91
1122730,63
1122800,49
1122838,19
1122904,30
1122959,22
1122972,29
1123024,44
1123034,19
1123084,193
1123116,19
1123126,32
1123138,122
1123173,47
1123237,49
1123280,17
1123316,19
1123345,23
1123376,17
1123394,49
1123397,89
1123401,20
1123432,17
1123434,59
1123448,40
1123500,153
1123517,50
1123525,36
1123563,16
1123564,40
1123596,16
1123600,16
1123617,37
1123690,18
1123722,35
1123739,18
1123775,18
1123826,24
1123834,16
1123861,32
1123868,30
1123915,22
1123919,108
1123937,96
1124000,21
1124013,22
1124017,37
1124018,31
1124024,60
1124067,35
1124083,873
1124090,17
1124129,48
1124179,28
1124185,25
1124202,37
1124259,60
1124296,87
1124309,16
1124388,44
1124452,23
1124456,18
1124488,16
1124513,199
1124535,42
1124555,31
1124560,17
1124688,36
1124762,20
1124786,336
1124827,29
1124844,26
1124863,21
1124875,32
1124898,17
1124908,23
1124983,17
1125003,18
1125071,18
1125165,75
1125197,30
1125225,23
1125268,24
1125296,17
1125361,59
1125406,17
1125410,73
1125461,48
1125521,42
1125527,16
1125594,134
1125661,55
1125670,237
1125724,73
1125751,38
1125802,34
1125804,17
1125819,19
1125821,191
1125834,134
1125871,20
1125950,287
1125980,21
1126002,20
1126054,19
1126091,34
1126105,32
1126112,23
1126173,21
1126233,22
1126336,16
1126344,16
1126364,17
1126426,43
1126445,17
1126451,80
1126513,32
1126514,17
1126545,29
1126559,83
1126570,16
1126582,37
1126604,28
1126663,18
1126677,194
1126754,17
1126757,28
1126816,32
1126817,20
1126874,18
1126885,19
1126959,22
1126974,17
1126986,17
1127035,74
1127036,30
1127067,82
1127087,18
1127092,18
1127099,2364
1127149,29
1127187,20
1127196,1060
1127197,18
1127207,47
1127208,46
1127212,17
1127222,22
1127234,26
1127237,60
1127273,67
1127317,17
1127373,23
1127421,67
1127425,27
1127430,42
1127436,19
1127437,17
1127442,23
1127457,26
1127520,22
1127527,17
1127549,17
1127626,20
1127636,79
1127659,36
1127661,98
1127801,20
1127802,19
1127820,109
1127882,53
1127891,31
1127897,21
1127928,18
1127941,31
1127987,21
1128011,63
1128024,18
1128038,43
1128048,35
1128068,136
1128124,21
1128140,34
1128153,20
1128216,60
1128258,20
1128305,24
1128328,16
1128409,27
1128471,28
1128488,40
1128496,20
1128511,26
1128552,19
1128554,25
1128618,19
1128776,21
1128778,104
1128781,24
1128836,33
1128847,72
1128880,37
1129032,60
1129035,21
1129055,28
1129078,23
1129106,46
1129160,128
1129170,16
1129192,134
1129220,18
1129222,22
1129229,53
1129232,74
1129242,96
1129260,179
1129282,24
1129329,36
1129330,26
1129354,86
1129426,26
1129453,45
1129522,150
1129558,16
1129614,54
1129625,20
1129666,23
1129737,29
1129829,66
1129846,38
1129879,16
1129912,22
1129980,26
1130021,44
1130037,22
1130079,18
1130083,16
1130131,20
1130245,31
1130278,51
1130408,2397
1130430,32
1130440,35
1130446,32
1130480,20
1130560,18
1130568,854
1130620,43
1130666,19
1130670,55
1130688,18
1130706,28
1130708,24
1130723,46
1130766,17
1130770,59
1130795,25
1130826,32
1130829,22
1130906,26
1131016,21
1131018,38
1131023,31
1131047,16
1131063,43
1131134,71
1131165,26
1131212,60
1131213,25
1131235,50
1131240,21
1131272,18
1131332,23
1131345,36
1131362,68
1131391,26
1131430,116
1131439,17
1131499,118
1131513,134
1131518,18
1131538,20
1131556,26
1131557,17
1131574,38
1131584,11236
1131609,40
1131615,91
1131639,16
1131651,42
1131726,36
1131727,35
1131759,75
1131769,74
1131770,63
1131804,119
1131815,26
1131858,185
1131864,19
1131871,16
1131892,40
1131902,34
1131967,27
1131982,24
1131994,152
1132063,20
1132096,114
1132184,19
1132187,165
1132193,57
1132235,32
1132264,164
1132268,22
1132286,34
1132320,21
1132333,20
1132349,21
1132359,17
1132382,24
1132412,22
1132414,17
1132540,191
1132610,45
1132667,48
1132692,39
1132772,19
1132791,59
1132807,22
1132856,22
1132864,23
1132910,70
1132918,29
1132931,44
1132932,278
1133024,43
1133049,110
1133060,17
1133064,20
1133136,32
1133158,96
1133163,26
1133195,20
1133223,34
1133267,30
1133293,64
1133297,18
1133352,49
1133365,25
1133464,25
1133491,37
1133518,19
1133568,63
1133576,22
1133583,27
1133640,62
1133670,186
1133700,16
1133721,28
1133751,61
1133756,20
1133757,16519
1133758,75
1133788,73
1133829,36
1133868,212
1133904,59
1133917,55
1133928,36
1133941,22
1133964,117
1133969,53
1133997,21
1134019,31
1134028,18
1134061,32
1134160,43
1134179,16
1134182,41
1134220,18
1134223,19
1134256,27
1134263,115
1134291,27
1134375,37
1134381,48
1134445,20
1134480,17
1134598,38
1134656,25
1134720,20
1134722,57
1134723,49
1134744,25
1134796,22
1134837,50
1134845,19
1134881,138
1135037,17
1135069,40
1135094,99
1135125,16
1135126,1136
1135129,16
1135205,46
1135219,25
1135232,70
1135239,31
1135313,21
1135340,23
1135353,34
1135355,200
1135375,37
1135449,19
1135467,21
1135468,25
1135492,42
1135505,21
1135516,20
1135527,25
1135566,19
1135587,31
1135623,42
1135660,25
1135662,17
1135771,120
1135773,28
1135786,68
1135794,40
1135804,17
1135805,165
1135834,20
1135872,17
1135875,21
1135883,102
1135924,116
1135956,118
1135971,71
1136002,17
1136003,25
1136013,18
1136080,52
1136218,18
1136360,25
1136374,38
1136388,17
1136435,35
1136448,71
1136494,55
1136531,21
1136532,55
1136540,20
1136548,16
1136591,25
1136622,22
1136630,50
1136647,415
1136765,49
1136777,38
1136785,95
1136814,82
1136823,33
1136846,25
1136861,126
1136891,125
1136894,47
1136907,351
1136925,43
1136941,22
1136947,25
1136982,45
1137000,38
1137032,25
1137038,18
1137103,39
1137238,33
1137241,39
1137312,26
1137334,60
1137400,45
1137427,25
1137430,39
1137436,27
1137457,33
1137481,16
1137552,47
1137561,198
1137562,78
1137609,17
1137632,113
1137700,38
1137716,1203
1137725,18
1137777,61
1137797,93
1137857,19
1137866,154
1137880,30
1137919,93
1137934,82
1137944,22
1137952,17
1137968,18
1138079,27
1138195,20
1138196,51
1138204,17
1138222,80
1138242,97
1138278,18
1138328,84
1138378,211
1138401,32
1138477,16
1138480,49
1138524,34
1138542,56
1138552,26
1138579,20
1138642,432
1138695,36
1138864,23
1138916,19
1138935,23
1138957,37
1138969,41
1138996,31
1139020,91
1139080,99
1139146,25
1139158,21
1139222,39
1139278,29
1139297,19
1139313,17
1139341,26
1139373,64
1139396,32
1139413,46
1139421,30
1139460,16
1139473,447
1139482,17
1139491,25
1139505,19
1139519,21
1139520,56
1139539,18
1139575,66
1139587,54
1139640,34
1139654,42
1139670,246
1139696,29
1139759,18
1139787,23
1139788,68
1139818,17
1139822,20
1139826,51
1139859,33
1139895,55
1139910,27
1139975,24
1139991,87
1140005,61
1140045,24
1140117,82
1140123,37
1140139,22
1140156,49
1140225,16
1140235,130
1140266,24
1140268,79
1140295,26
1140330,29
1140332,25
1140334,62
1140347,20
1140430,20
1140444,25
1140532,18
1140619,311
1140665,18
1140683,20
1140698,17
1140702,39
1140716,74
1140727,21
1140734,20
1140751,26
1140760,32
1140813,16
1140827,35
1140842,29
1140855,16
1140862,54
1140930,19
1140952,29
1140975,32
1140981,27
1141093,35
1141117,73
1141132,99
1141145,35
1141187,19
1141253,42
1141256,773
1141378,51
1141427,17
1141547,63
1141582,20
1141622,49
1141660,20
1141688,52
1141706,53
1141708,36
1141709,18
1141727,75
1141765,20
1141788,29
1141827,35
1141837,52
1141841,21
1141843,29
1141844,20
1141845,30
1141908,214
1141948,30
1142020,20
1142126,38
1142133,16
1142170,53
1142181,19
1142194,44
1142196,18
1142214,23
1142248,69
1142281,18
1142288,74
1142295,21
1142302,24
1142344,32
1142352,78
1142377,16
1142401,49
1142433,43
1142489,31
1142508,55
1142560,20
1142583,21
1142598,88
1142623,52
1142639,57
1142643,35
1142644,31
1142675,24
1142690,22
1142706,23
1142724,18
1142731,24
1142753,39
1142782,24
1142795,141
1142810,323
1142851,42
1142872,41
1142926,205
1142980,30
1143010,57
1143042,22
1143113,40
1143155,160
1143157,56
1143208,30
1143263,70
1143286,89
1143287,18
1143313,17
1143333,26
1143341,45
1143362,19
1143434,24
1143437,17
1143492,86
1143531,80
1143581,20
1143701,16
1143735,25
1143736,29
1143760,52
1143799,40
1143829,26
1143848,30
1143904,28
1143918,28
1143923,103
1143943,43
1143959,19
1143971,25
1144084,34
1144257,50
1144266,128
1144282,81
1144379,123
1144399,46
1144432,312
1144500,25
1144527,21
1144530,52
1144561,182
1144592,19
1144605,79
1144607,28
1144621,16
1144650,38
1144813,23
1144829,32
1144880,120
1144897,24
1144899,436
1144913,23
1144949,20
1145030,17
1145038,17
1145052,186
1145065,81
1145075,18
1145094,321
1145107,19
1145170,34
1145189,95
1145218,34
1145240,86
1145287,18
1145306,16
1145387,25
1145395,17
1145446,195
1145466,33
1145469,40
1145471,26
1145494,20
1145529,20
1145577,18
1145614,22
1145619,22
1145639,16
1145659,136
1145716,16
1145795,21
1145870,18
1145880,26
1145912,20
1145932,20
1145954,142
1146027,62
1146039,23
1146048,17
1146056,19
1146067,19
1146078,204
1146079,108
1146085,20
1146180,51
1146233,19
1146288,37
1146332,16
1146335,25
1146379,36
1146502,16
1146511,122
1146536,118
1146557,42
1146571,47
1146590,30
1146593,27
1146594,21
1146609,25
1146618,78
1146789,24
1146812,177
1146813,48
1146843,28
1146865,46
1146868,18
1146950,29
1146966,32
1146982,17
1147011,23
1147039,40
1147093,20
1147115,21
1147127,18
1147152,16
1147171,372
1147219,35
1147231,130
1147255,66
1147271,25
1147293,26
1147475,101
1147503,21
1147519,54
1147548,36
1147653,46
1147655,21
1147706,17
1147707,18
1147743,69
1147751,17
1147772,21
1147823,37
1147886,158
1147901,27
1147913,127
1147932,47
1147944,44
1147974,27
1147979,21
1148026,19
1148093,16
1148133,38
1148151,50
1148161,16
1148210,21
1148214,497
1148268,56
1148278,19
1148296,27
1148397,78
1148438,129
1148453,30
1148486,17
1148500,151
1148584,22
1148607,38
1148611,32
1148670,23
1148698,21
1148704,18
1148710,29
1148778,39
1148779,22
1148841,116
1148886,34
1148888,398
1148996,29
1149002,29
1149007,21
1149010,35
1149015,18
1149043,30
1149072,61
1149087,18
1149089,57
1149103,40
1149119,16
1149133,19
1149151,22
1149163,70
1149218,49
1149286,29
1149315,33
1149328,42
1149362,45
1149427,52
1149428,25
1149468,19
1149502,16
1149513,22
1149556,31
1149588,55
1149631,37
1149678,23
1149730,47
1149749,355
1149764,94
1149819,21
1149840,227
1149867,16
1149880,50
1149904,48
1149915,64
1149986,140
1150004,43
1150012,16
1150017,140
1150038,22
1150076,63
1150083,17
1150105,319
1150118,45
1150155,27
1150176,16
1150181,16
1150212,60
1150245,39
1150278,90
1150297,27
1150318,106
1150354,19
1150368,26
1150375,45
1150383,21
1150392,16
1150419,45
1150464,18
1150470,50
1150522,114
1150566,181
1150591,24
1150592,20
1150658,51
1150694,76
1150707,128
1150716,490
1150726,18
1150728,52
1150738,32
1150753,93
1150772,19
1150802,17
1150823,25
1150824,138
1150879,24
1150917,97
1150972,52
1150977,23
1151003,33
1151021,197
1151036,21
1151068,57
1151080,21
1151086,23
1151087,25
1151096,23
1151100,53
1151132,29
1151174,41
1151206,150
1151215,16
1151262,28
1151276,34
1151338,33
1151348,321
1151434,60
1151452,17
1151476,95
1151510,25
1151522,21
1151539,22
1151562,34
1151578,28
1151583,95
1151607,19
1151612,154
1151615,39
1151616,35
1151676,49
1151712,17
1151724,23
1151753,26
1151758,17
1151764,58
1151779,30
1151841,19
1151844,19
1151873,28
1151884,16
1151891,23
1151970,43
1152068,22
1152078,28
1152096,19
1152107,20
1152125,464
1152141,16
1152149,70
1152152,17
1152173,18
1152189,41
1152199,240
1152228,22
1152241,18
1152243,305
1152257,135
1152260,53
1152261,27
1152264,48
1152336,18
1152347,27
1152353,39
1152356,21
1152365,47
1152387,164
1152394,41
1152400,16
1152624,19
1152655,53
1152698,22
1152700,24
1152724,39
1152727,58
1152752,18
1152775,23
1152795,120
1152806,17
1152862,58
1152869,45
1152882,37
1152951,17
1152967,18
1152981,65
1152998,33
1153024,32
1153041,90
1153042,20
1153096,191
1153124,24
1153133,23
1153138,18
1153192,730
1153207,27
1153209,21
1153214,77
1153272,17
1153297,109
1153310,35
1153387,29
1153388,36
1153404,30
1153414,22
1153478,23
1153483,69
1153541,29
1153558,17
1153561,30
1153562,31
1153583,27
1153596,27
1153606,16
1153636,294
1153644,120
1153689,760
1153721,25
1153782,45
1153818,22
1153830,48
1153866,125
1153887,21
1153919,20
1153926,18
1153937,49
1153961,33
1153964,21
1153998,62
1154035,30
1154087,336
1154091,32
1154130,28
1154136,16
1154164,36
1154166,21
1154177,170
1154189,18
1154248,18
1154316,17
1154343,22
1154350,66
1154412,36
1154414,202
1154467,24
1154484,55
1154508,18
1154539,72
1154565,30
1154569,94
1154629,22
1154637,64
1154649,28
1154661,22
1154711,26
1154715,32
1154805,26
1154849,18
1154892,17
1154896,29
1154902,31
1154911,17
1154977,18
1154994,20
1155038,16
1155058,23
1155067,44
1155077,25
1155079,803
1155138,18
1155217,23
1155247,17
1155248,16
1155286,18
1155317,63
1155318,18
1155364,30
1155384,17
1155386,25
1155388,40
1155392,19
1155406,24
1155421,60
1155424,37
1155438,105
1155481,109
1155487,52
1155597,17
1155606,17
1155627,21
1155659,18
1155666,22
1155673,233
1155737,17
1155753,32
1155854,17
1155867,191
1155868,33
1155928,21
1155934,20
1155954,287
1155959,21
1155970,16
1156066,17
1156216,22
1156246,16
1156255,109
1156256,40
1156305,19
1156306,20
1156314,24
1156339,18
1156351,143
1156377,355
1156380,32
1156390,41
1156392,17
1156395,24
1156400,71
1156409,145
1156437,27
1156465,28
1156492,102
1156519,33
1156521,24
1156543,93
1156556,185
1156572,18
1156573,18
1156593,49
1156598,17
1156605,22
1156612,23
1156743,17
1156749,17
1156771,19
1156774,19
1156801,43
1156815,169
1156880,34
1156914,18
1156918,16
1156919,75
1156937,33
1156971,180
1156972,24
1156974,17
1157010,20
1157036,40
1157157,27
1157168,331
1157178,22
1157204,18
1157243,40
1157305,17
1157331,24
1157340,16
1157374,35
1157403,22
1157446,21
1157549,27
1157604,48
1157609,19
1157623,29
1157645,21
1157667,27
1157687,47
1157702,50
1157735,21
1157743,22
1157757,23
1157805,17
1157827,89
1157832,146
1157926,18
1157942,30
1157999,51
1158000,70
1158108,73
1158122,53
1158177,44
1158201,18
1158208,18
1158222,32
1158239,746
1158261,19
1158292,26
1158313,36
1158322,35
1158359,28
1158385,32
1158431,146
1158443,16
1158511,17
1158526,17
1158562,18
1158565,32
1158575,90
1158654,60
1158684,119
1158774,35
1158800,19
1158810,214
1158844,38
1158911,49
1158920,29
1158928,136
1158937,26
1159012,295
1159036,17
1159048,77
1159103,23
1159140,32
1159162,22
1159204,37
1159206,303
1159237,116
1159238,50
1159268,119
1159269,28
1159317,16
1159327,16
1159466,19
1159485,23
1159547,50
1159585,236
1159671,56
1159680,58
1159738,143
1159764,23
1159769,38
1159798,21
1159810,979
1159872,16
1159887,109
1159896,16
1159898,55
1159917,27
1159926,89
1159927,103
1159928,73
1159930,37
1159953,16
1159968,30
1159980,50
1159996,43
1160126,18
1160134,23
1160141,134
1160190,51
1160261,84
1160266,16
1160284,59
1160292,20
1160311,19
1160337,32
1160346,47
1160400,16
1160425,25
1160438,31
1160452,18
1160458,17
1160487,48
1160497,25
1160523,20
1160553,31
1160573,48
1160663,1511
1160696,37
1160697,335
1160741,20
1160743,17
1160754,22
1160820,681
1160855,18
1160962,28
1160964,27
1161070,28
1161081,34
1161158,66
1161169,17
1161189,18
1161197,17
1161250,1743
1161260,226
1161295,29
1161296,23
1161299,17
1161348,28
1161371,21
1161388,22
1161418,303
1161426,27
1161523,37
1161525,29
1161531,28
1161538,64
1161557,18
1161644,17
1161670,28
1161693,76
1161696,43
1161698,18
1161716,93
1161717,52
1161758,93
1161788,21
1161803,17
1161810,17
1161811,94
1161938,47
1161987,55
1162047,19
1162050,21
1162130,21
1162134,66
1162153,109
1162193,27
1162202,29
1162206,16
1162209,17
1162251,17
1162252,63
1162254,95
1162353,17
1162358,58
1162414,27
1162452,41
1162502,59
1162524,18
1162532,25
1162539,48
1162580,22
1162701,33
1162750,28
1162763,17
1162769,18
1162779,462
1162797,30
1162811,26
1162885,35
1162894,29
1162913,20
1162915,59
1162930,220
1162939,33
1162945,147
1162948,45
1162979,19
1162994,17
1163004,29
1163015,52
1163031,21
1163069,37
1163175,77
1163182,20
1163220,31090
1163286,36
1163290,18
1163292,20
1163295,148
1163355,38
1163462,22
1163469,94
1163471,16
1163489,257
1163499,27
1163542,285
1163543,16
1163570,33
1163586,29
1163644,30
1163647,17
1163695,71
1163698,624
1163737,34
1163758,50
1163759,77
1163769,171
1163783,21
1163784,17
1163806,16
1163920,36
1163925,18
1163940,127
1163968,40
1163978,20
1164076,16
1164094,37
1164132,25
1164162,26
1164184,56
1164202,69
1164254,45
1164261,19
1164328,54
1164382,316
1164399,20
1164424,15026
1164517,17
1164524,46
1164559,52
1164601,31
1164611,308
1164654,18
1164665,29
1164701,59
1164707,17
1164709,22
1164743,45
1164747,202
1164755,22
1164789,24
1164808,30
1164833,17
1164835,18
1164842,18
1164869,45
1164876,25
1164879,24
1164891,39
1164997,33
1165054,42
1165085,72
1165093,584
1165096,205
1165254,16
1165264,23
1165268,287
1165276,155
1165321,41
1165375,38
1165377,22
1165407,33
1165448,32
1165485,33
1165526,18
1165570,47
1165591,69
1165682,21
1165697,36
1165761,31
1165813,20
1165851,247
1165858,29
1165867,21
1165872,93
1165874,12645
1165899,17
1165939,56
1165942,37
1165946,42
1166003,36
1166012,20
1166020,17
1166044,18
1166062,32
1166138,124
1166144,38
1166151,22
1166159,18
1166205,45
1166291,571
1166295,246
1166330,343
1166349,43
1166350,33
1166364,46
1166371,22
1166446,21
1166499,54
1166506,28
1166556,24
1166623,116
1166685,27
1166686,42
1166732,62
1166778,142
1166789,34
1166799,21
1166878,76
1166884,36
1166894,22
1166917,19
1166943,27
1167005,790
1167016,18
1167032,2094
1167076,20
1167102,31
1167156,17
1167161,16
1167172,24
1167291,17
1167305,20
1167308,116
1167315,26
1167321,21
1167418,46
1167446,29
1167464,23
1167467,29
1167492,37
1167557,19
1167603,23
1167609,18
1167618,25
1167651,31
1167661,40
1167678,2163
1167695,179
1167711,22
1167769,18
1167773,40
1167811,30
1167860,29
1167894,21
1167915,31
1167926,22
1167935,17
1167953,26
1167971,38
1167977,52
1168133,33
1168165,30
1168168,123
1168189,38
1168209,20
1168231,51
1168240,26
1168252,35
1168308,36
1168419,22
1168456,21
1168468,22
1168519,31
1168520,69
1168567,19
1168592,18
1168614,28
1168674,20
1168675,18
1168695,24
1168726,27
1168775,26
1168796,19
1168916,31
1168990,28
1169002,36
1169026,20
1169036,34
1169052,35
1169068,25
1169087,23
1169091,111
1169127,39
1169151,16
1169161,51
1169182,51
1169237,21
1169265,19
1169288,62
1169289,27
1169299,19
1169337,17
1169463,16
1169467,23
1169487,19
1169519,61
1169534,132
1169545,37
1169562,17
1169563,25
1169582,18
1169601,70
1169648,24
1169681,139
1169739,20
1169797,19
1169873,100
1169892,52
1170030,44
1170037,22
1170047,81
1170092,550
1170099,23
1170147,33
1170161,100
1170162,139
1170168,37
1170169,269
1170216,25
1170290,32
1170292,30
1170345,22
1170346,19
1170347,86
1170367,33
1170385,20
1170487,16
1170540,17
1170541,17
1170546,70
1170561,21
1170612,39
1170635,20
1170636,21
1170646,107
1170688,19
1170754,52
1170794,31
1170843,36
1170853,16
1170873,46
1170883,25
1170909,37
1170934,37
1170989,37
1171028,35
1171046,37
1171064,21
1171071,18
1171115,24
1171148,16
1171189,36
1171214,18
1171217,47
1171244,19
1171258,23
1171270,64
1171282,22
1171294,45
1171326,72
1171374,19
1171431,25
1171477,27
1171554,37
1171571,46
1171622,19
1171625,27
1171652,21
1171689,50
1171705,65
1171720,21
1171806,106
1171830,29
1171863,39
1171931,33
1171956,539
1171959,1167
1172006,32
1172034,45
1172047,37
1172081,17
1172093,18
1172168,16
1172210,344
1172249,17
1172329,17
1172338,34
1172381,17
1172471,18
1172496,28
1172529,40
1172591,16
1172632,18
1172653,80
1172655,16
1172669,32
1172702,26
1172739,173
1172838,27
1172926,37
1172928,61
1172990,28
1173074,34
1173077,32
1173086,20
1173097,18
1173109,89
1173124,23
1173144,45
1173198,21
1173240,53
1173262,20
1173289,16
1173302,30
1173333,17
1173361,71
1173363,21
1173370,25
1173376,31
1173384,18
1173393,31
1173484,25
1173517,26
1173518,38
1173522,39
1173543,295
1173544,25
1173588,16
1173604,22
1173642,34
1173673,23
1173712,27
1173740,16
1173760,43
1173776,148
1173814,22
1173815,28
1173845,46
1173911,121
1173928,32
1174046,16
1174118,18
1174126,55
1174138,18
1174140,21
1174147,20
1174149,1694
1174177,27
1174229,23
1174238,119
1174250,20
1174254,19
1174287,28
1174288,117
1174301,20
1174313,162
1174341,16
1174351,21
1174387,18
1174391,26
1174444,79
1174445,18
1174466,20
1174468,49
1174492,27
1174504,18
1174535,19
1174638,32
1174735,195
1174768,70
1174804,715
1174836,47
1174839,28
1174851,17
1174885,17
1174889,31
1174900,19
1175004,36
1175047,32
1175056,67
1175057,17
1175075,17
1175092,31
1175101,23
1175130,16
1175131,26
1175149,69
1175175,41
1175194,17
1175223,22
1175256,32
1175369,55
1175372,31
1175379,21
1175382,29
1175391,18
1175490,71
1175520,19
1175528,21
1175533,21
1175602,16
1175603,43
1175688,23
1175695,54
1175731,22
1175733,35
1175766,85
1175841,20
1175846,176
1175863,36
1175870,21
1175874,16
1175923,115
1175948,20
1175963,30
1175993,47
1175994,30
1176053,21
1176060,26
1176127,74
1176129,23
1176177,26
1176191,74
1176239,17
1176298,17
1176320,18
1176325,50
1176434,19
1176528,21
1176531,43
1176548,16
1176630,21
1176631,48
1176709,25
1176730,97
1176765,515
1176787,20
1176804,25
1176808,733
1176892,16
1176893,25
1176896,18
1176930,19
1176935,16
1177034,18
1177051,139
1177102,17
1177128,28
1177143,79
1177156,32
1177173,19
1177216,69
1177238,22
1177252,19
1177276,24
1177339,18
1177356,430
1177416,30
1177427,83
1177448,22
1177455,25
1177463,16
1177480,23
1177498,16
1177500,20
1177501,25
1177523,26
1177535,44
1177542,17
1177544,16
1177636,17
1177664,51
1177667,59
1177668,16
1177669,18
1177695,76
1177704,19
1177757,18
1177769,19
1177783,60
1177787,19
1177813,23
1177902,287
1177955,17
1177971,40
1177977,47
1177979,19
1177980,19
1178136,27
1178223,30
1178253,48
1178266,17
1178268,17
1178321,147
1178327,86
1178361,54
1178371,26
1178384,18
1178452,205
1178599,26
1178604,118
1178612,16
1178613,102
1178653,16
1178743,36
1178767,24
1178775,23
1178786,40
1178891,21
1178979,17
1178991,22
1179032,51
1179043,66
1179060,64
1179084,21
1179094,21
1179096,19
1179140,17
1179223,17
1179263,36
1179287,94
1179391,17
1179416,35
1179470,50
1179488,32
1179504,31
1179506,26
1179515,17
1179521,643
1179597,30
1179614,19
1179621,25
1179685,70
1179691,17
1179707,54
1179738,35
1179799,43
1179928,30
1179941,27
1179962,39
1180168,19
1180238,21
1180296,34
1180311,54
1180347,27
1180355,58
1180439,35
1180474,54
1180486,34
1180557,20
1180583,23
1180603,19
1180647,54
1180699,29
1180721,39
1180766,17
1180853,327
1180925,65
1180934,32
1180948,17
1180991,23
1181006,32
1181018,30
1181028,30
1181115,20
1181117,20
1181234,24
1181254,32
1181270,18
1181278,72
1181280,34
1181314,20
1181316,18
1181358,28
1181362,67
1181391,21
1181416,17
1181439,22
1181483,19
1181489,39
1181537,31
1181547,18
1181576,27
1181586,18
1181637,57
1181656,44
1181682,86
1181686,21
1181690,149
1181713,16
1181714,59
1181742,41
1181746,28
1181784,23
1181837,30
1181856,23
1181857,59
1181860,49
1181871,312
1181895,31
1181897,124
1181903,18
1181943,26
1181952,33
1181990,23
1182017,60
1182029,32
1182061,22
1182091,22
1182185,62
1182208,23
1182250,35
1182269,16
1182296,27
1182316,26
1182367,33
1182389,20
1182399,18
1182422,44
1182459,69
1182468,19
1182472,74
1182479,19
1182480,18
1182507,239
1182511,34
1182520,39
1182542,21
1182551,18
1182574,81
1182610,48
1182717,47
1182852,21
1182887,38
1182917,53
1182966,26
1182972,48
1183003,36
1183006,22
1183016,61
1183033,90
1183055,56
1183109,19
1183137,29
1183164,21
1183176,18
1183217,57
1183241,49
1183264,22
1183267,18
1183385,73
1183386,18
1183406,19
1183443,104
1183630,558
1183632,31
1183664,43
1183667,21
1183685,29
1183802,21
1183821,24
1183851,21
1183893,23
1183900,20
1183999,71
1184004,19
1184011,22
1184012,32
1184036,86
1184044,34
1184047,27
1184074,81
1184104,32
1184105,408
1184120,24
1184156,54
1184157,24
1184184,645
1184248,19
1184275,32
1184276,28
1184306,253
1184307,20
1184367,43
1184368,20
1184382,32
1184402,134
1184491,19
1184528,26
1184558,30
1184569,17
1184578,23
1184612,18
1184618,21
1184669,23
1184672,21
1184689,106
1184700,22
1184740,86
1184743,99
1184754,25
1184847,28
1184892,66
1184906,39
1184913,18
1184927,152
1184972,31
1184980,28
1185015,56
1185046,41
1185060,17
1185102,55
1185139,26
1185162,358
1185188,18
1185219,18
1185222,23
1185226,121
1185243,60
1185292,17
1185300,38
1185337,19
1185352,133
1185357,19
1185366,22
1185382,56
1185460,20
1185466,22
1185474,16
1185475,108
1185487,68
1185488,64
1185499,26
1185577,46
1185581,41
1185628,45
1185642,25
1185645,28
1185646,44
1185675,21
1185691,24
1185695,26
1185711,41
1185714,20
1185721,31
1185733,22
1185750,2536
1185781,21
1185817,17
1185861,45
1185890,22
1185981,27
1185982,18
1186003,346
1186007,16
1186009,35
1186036,64
1186069,31
1186070,28
1186121,31
1186139,64
1186195,18
1186201,18
1186223,24
1186233,19
1186298,19
1186351,18
1186360,38
1186489,78
1186490,71
1186539,21
1186548,31
1186569,43
1186570,30
1186610,24
1186633,18
1186664,67
1186677,31
1186678,22
1186695,17
1186700,18
1186705,17
1186721,98
1186737,24
1186787,35
1186815,34
1186902,39
1186968,18
1186976,126
1187008,20
1187090,80
1187124,31
1187197,30
1187202,102
1187216,49
1187243,26
1187262,26
1187376,29
1187430,249
1187441,19
1187481,22
1187517,157
1187531,24
1187600,36
1187603,19
1187606,51
1187623,31
1187706,24
1187708,20
1187750,84
1187773,16
1187859,36
1187949,33
1187962,60
1187966,34
1187984,167
1188002,31
1188081,17
1188102,17
1188137,16
1188159,53
1188240,119
1188255,17
1188311,79
1188315,60
1188337,24
1188375,41
1188378,26
1188393,17
1188408,39
1188409,117
1188500,27
1188504,27
1188534,17
1188542,21
1188591,19
1188612,38
1188642,191
1188657,23
1188694,23
1188701,271
1188708,17
1188722,38
1188773,20
1188810,233
1188811,18
1188874,66
1188875,19
1188931,23
1188965,28
1189003,339
1189052,17
1189081,18
1189114,48
1189144,29
1189154,20
1189183,80
1189184,19
1189262,17
1189271,117
1189272,16
1189298,26
1189405,18
1189489,55
1189493,35
1189521,32
1189570,20
1189572,34
1189587,41
1189608,25
1189615,74
1189617,26
1189647,21
1189651,16
1189657,42
1189673,23
1189703,65
1189720,42
1189733,31
1189736,17
1189744,31
1189748,24
1189774,50
1189809,47
1189911,22
1189936,142
1190018,17
1190030,48
1190033,17
1190034,32
1190081,16
1190083,52
1190134,24
1190212,20
1190218,31
1190294,24
1190295,91
1190301,17
1190367,21
1190375,76
1190424,44
1190466,144
1190475,27
1190503,105
1190542,43
1190567,16
1190628,18
1190710,59
1190726,65
1190737,22
1190751,255
1190771,22
1190782,23
1190833,19
1190882,148
1190929,26
1190931,124
1191043,175
1191050,17
1191102,49
1191122,52
1191129,35
1191135,19
1191137,36
1191138,18
1191149,18
1191165,874
1191174,36
1191188,40
1191226,40
1191268,88
1191285,37
1191348,18
1191349,29
1191366,2139
1191374,16
1191417,44
1191418,16
1191480,115
1191481,20
1191482,33
1191511,56
1191627,27
1191698,28
1191743,28
1191747,16
1191756,18
1191805,23
1191864,20
1191865,39
1191943,24
1191984,24
1191998,84
1192027,19
1192030,18
1192069,78
1192101,289
1192115,39
1192137,16
1192138,34
1192171,21
1192177,25
1192192,269
1192277,21
1192313,31
1192326,24
1192384,26
1192421,572
1192422,25
1192430,53
1192441,19
1192516,25
1192538,16
1192541,18
1192551,16
1192612,26
1192618,21
1192647,21
1192667,16
1192702,18
1192704,20
1192711,120
1192716,272
1192768,28
1192783,23
1192870,20
1192886,24
1192902,23
1192917,17
1193019,19
1193028,103
1193067,52
1193094,37
1193109,18
1193111,19
1193136,20
1193167,29
1193168,38
1193227,49
1193279,17
1193281,34
1193301,52
1193311,25
1193379,50
1193381,25
1193433,17
1193446,23
1193451,16
1193533,18
1193546,100
1193551,20
1193566,56
1193570,49
1193577,133
1193630,16
1193645,18
1193677,31
1193695,23
1193708,104
1193735,90
1193750,125
1193754,85
1193768,5672
1193806,16
1193896,139
1193917,20
1193923,58
1193931,46
1193943,32
1194003,188
1194035,18
1194071,20
1194089,675
1194099,18
1194102,23
1194114,19
1194132,17
1194136,179
1194232,22
1194265,18
1194349,323
1194352,26
1194394,18
1194430,21
1194510,40
1194514,23
1194520,1061
1194539,17
1194575,19
1194622,47
1194632,77
1194689,18
1194743,162
1194777,24
1194867,34
1194908,26
1194909,68
1194917,45
1194937,103
1194984,25
1195004,397
1195049,22
1195075,33
1195081,29
1195086,140
1195099,25
1195100,40
1195121,16
1195222,18
1195253,299
1195276,23
1195299,31
1195330,21
1195333,24
1195345,54
1195346,95
1195357,98
1195394,19
1195426,26
1195527,22
1195549,22
1195554,62
1195571,55
1195634,40
1195643,41
1195711,36
1195720,16
1195767,23
1195781,18
1195787,20
1195808,66
1195861,28
1195865,17
1195883,25
1195884,105
1195999,179
1196020,40
1196026,40
1196035,122
1196058,18
1196059,179
1196075,18
1196102,21
1196127,29
1196200,17
1196254,94
1196297,32
1196302,17
1196324,26
1196339,37
1196382,44
1196402,48
1196437,21
1196442,26
1196479,27
1196520,26
1196573,23
1196576,86
1196676,60
1196718,81
1196748,60
1196764,30
1196770,18
1196805,24
1196840,26
1196846,3006
1196855,30
1196880,31
1196895,16
1196902,147
1196940,17
1196960,20
1196961,50
1196972,66
1196987,49
1197016,25
1197041,19
1197090,18
1197238,17
1197239,162
1197240,67
1197263,103
1197280,207
1197284,19
1197317,18
1197354,18
1197385,18
1197425,39
1197462,28
1197469,23
1197477,78
1197479,1325
1197499,22
1197500,21
1197541,102
1197547,71
1197549,85
1197580,45
1197614,61
1197641,18
1197656,18
1197672,16
1197741,107
1197802,17
1197864,142
1197879,20
1197920,23
1198024,18
1198033,21
1198034,18
1198040,96
1198041,41
1198104,699
1198145,39
1198158,26
1198192,60
1198208,107
1198229,20
1198230,22
1198293,18
1198298,18
1198362,18
1198364,44
1198369,117
1198416,34
1198424,18
1198430,235
1198448,28
1198557,28
1198564,16
1198567,34
1198616,78
1198645,32
1198648,29
1198670,27
1198673,16
1198691,17
1198696,138
1198708,16
1198742,36
1198781,102
1198785,33
1198795,22
1198801,42
1198802,26
1198819,53
1198869,28
1198874,228
1198983,17
1198984,29
1199045,34
1199052,19
1199060,81
1199065,29
1199102,23
1199105,31
1199132,496
1199161,79
1199183,24
1199191,19
1199196,53
1199204,21
1199218,17
1199311,81
1199340,37
1199353,130
1199359,43
1199391,35
1199414,46
1199441,18
1199495,22
1199532,16
1199546,16
1199562,24
1199631,22
1199632,27
1199697,19
1199845,54
1199876,17
1199879,19
1199886,29
1199932,19
1199945,42
1199957,41
1199959,23
1200075,56
1200097,24
1200167,86
1200173,19
1200213,29
1200222,27
1200224,17
1200343,26
1200368,18
1200397,33
1200402,23
1200444,32
1200446,16
1200458,159
1200528,17
1200529,58
1200533,19
1200535,17
1200554,18
1200567,112
1200616,16
1200686,21
1200689,29
1200712,20
1200720,32
1200768,49
1200788,43
1200826,27
1200832,84
1200841,28
1200857,252
1200913,29
1200918,23
1200968,27
1200990,74
1201004,40
1201023,193
1201042,147
1201062,20
1201064,17
1201093,75
1201114,55
1201172,49
1201179,18
1201188,24
1201194,96
1201222,48
1201223,143
1201249,434
1201250,1024
1201328,23
1201397,16
1201399,18
1201444,67
1201506,31
1201507,81
1201523,16
1201543,18
1201563,21
1201598,27
1201606,20
1201617,19
1201623,18
1201763,41
1201890,21
1201894,46
1201906,34
1201922,217
1201950,18
1201996,75
1202042,60
1202045,17
1202059,343
1202086,16
1202099,81
1202117,39
1202123,27
1202147,26
1202149,19
1202152,156
1202228,51
1202231,20
1202279,27
1202304,20
1202305,40
1202313,16
1202315,39
1202330,35
1202556,74
1202597,40
1202602,26
1202621,104
1202684,23
1202713,41
1202719,37
1202724,23
1202750,43
1202816,18
1202870,16
1202901,23
1202908,41
1202976,922
1202992,21
1203003,34
1203049,24
1203076,24
1203127,80
1203145,16
1203154,19
1203161,16
1203170,17
1203176,18
1203188,23
1203195,321
1203278,209
1203303,41
1203325,44
1203338,27
1203391,18
1203396,18
1203397,16
1203440,16
1203441,21
1203471,19
1203507,467
1203558,39
1203578,17
1203607,18
1203632,223
1203716,64
1203718,23
1203721,20
1203762,37
1203786,24
1203807,56
1203811,17
1203907,179
1203916,48
1203942,43
1203946,24
1203961,143
1203998,221
1204030,16
1204120,24
1204174,44
1204208,17
1204272,62
1204281,129
1204348,107
1204352,120
1204397,16
1204404,73
1204411,33
1204415,32
1204437,199
1204447,28
1204456,45
1204463,61
1204515,24
1204533,19
1204544,27
1204545,21
1204570,19
1204586,17
1204605,25
1204627,41
1204647,37
1204648,23
1204670,27
1204679,21
1204687,18
1204714,175
1204797,26
1204816,48
1204836,18
1204865,23
1204875,20
1204909,38
1204923,16
1204955,36
1204973,22
1204985,16
1204998,30
1205028,44
1205102,104
1205124,28
1205144,38
1205154,26
1205180,19
1205193,16
1205194,20
1205217,19
1205218,23
1205219,54
1205235,19
1205236,61
1205245,31
1205329,39
1205337,16
1205443,50
1205465,16
1205498,43
1205571,271
1205600,22
1205689,27
1205694,17
1205718,38
1205772,23
1205795,49
1205877,18
1205896,21
1205924,17
1205956,78
1205963,18
1205967,18
1205998,21
1206007,20
1206026,127
1206050,22
1206056,25
1206110,21
1206217,20
1206251,17
1206298,27
1206327,26
1206365,58
1206367,20
1206492,81
1206533,18
1206554,17
1206576,45
1206625,460
1206642,998
1206680,45
1206754,18
1206757,343
1206759,19
1206766,109
1206789,63
1206846,17
1206849,28
1206871,20
1206891,29
1206950,33
1207008,21
1207027,46
1207031,25
1207046,470
1207077,38
1207128,88
1207148,20
1207159,1483
1207160,26
1207189,18
1207194,170
1207208,19
1207212,34
1207215,36
1207216,532
1207223,18
1207288,27
1207304,21
1207306,52
1207375,21
1207376,18
1207402,39
1207440,27
1207487,88
1207493,70
1207508,40
1207521,18
1207523,58
1207534,23
1207562,29
1207584,133
1207585,22
1207616,19
1207647,28
1207794,55
1207838,42
1207843,30
1207880,26
1207899,25
1207908,40
1207976,20
1207980,41
1207998,23
1208006,48
1208048,17
1208086,53
1208105,41
1208144,26
1208182,18
1208289,50
1208299,32
1208307,63
1208312,45
1208359,1747
1208364,250
1208375,55
1208382,33
1208388,412
1208390,20
1208444,37
1208473,16
1208480,75
1208536,58
1208564,27
1208590,129
1208597,21
1208624,163
1208646,25
1208663,27
1208670,87
1208672,317
1208724,33
1208778,293
1208806,260
1208830,70
1208854,156
1208856,21
1208897,19
1208905,17
1208925,72
1208964,81
1208979,22
1208988,78
1209049,63
1209053,19
1209063,19
1209098,16
1209137,18
1209140,57
1209146,24
1209159,34
1209169,45
1209180,57
1209185,20
1209195,32
1209203,33
1209343,45
1209371,42
1209387,19
1209450,17
1209452,20
1209475,16
1209492,217
1209540,50
1209546,74
1209648,22
1209672,32
1209708,81
1209711,250
1209715,31
1209744,17
1209745,31
1209757,16
1209766,23
1209784,76
1209789,47
1209816,16
1209883,24
1209900,27
1209960,112
1209972,41
1210096,81
1210098,17
1210103,19
1210111,18
1210132,22
1210170,49
1210175,104
1210182,17
1210248,157
1210272,65
1210281,17
1210315,24
1210365,290
1210395,25
1210404,407
1210456,24
1210483,19
1210505,68
1210605,19
1210615,19
1210653,61
1210677,17
1210680,21
1210724,17
1210824,19
1210844,41
1210924,17
1210931,19
1210934,60
1210951,117
1210955,19
1211012,18
1211035,27
1211043,16
1211073,48
1211086,38
1211134,29
1211148,27
1211170,72
1211183,139
1211189,172
1211217,25
1211218,20
1211240,110
1211272,28
1211299,18
1211300,19
1211320,34
1211333,29
1211361,17
1211420,17
1211443,19
1211490,25
1211503,21
1211505,27
1211514,25
1211519,27
1211610,20
1211614,20
1211628,68
1211634,19
1211647,27
1211673,86
1211703,16
1211742,22
1211767,18
1211786,224
1211799,21
1211807,21
1211864,18
1211874,115
1211883,65
1211925,18
1211951,98
1212025,20
1212052,23
1212058,113
1212110,28
1212198,19
1212205,26
1212206,168
1212245,18
1212288,4995
1212309,35
1212327,17
1212376,29
1212379,535
1212411,31
1212503,195
1212521,18
1212522,18
1212537,76
1212630,91
1212704,72
1212716,21
1212723,90
1212747,28
1212786,225
1212787,32
1212794,32
1212819,34
1212852,19
1212865,20
1212903,25
1212939,17
1212943,26
1213043,29
1213076,19
1213109,38
1213126,58
1213239,62
1213251,35
1213252,16
1213276,38
1213285,39
1213304,17
1213313,99
1213316,45
1213419,218
1213429,24
1213539,31
1213587,23
1213637,18
1213648,22
1213655,16
1213745,24
1213778,40
1213793,23
1213794,76
1213816,36
1213853,177
1213868,398
1213964,27
1214042,32
1214054,22
1214074,22
1214154,21
1214227,87
1214236,25
1214250,168
1214262,50
1214282,64
1214322,24
1214346,30
1214372,33
1214387,170
1214390,23
1214401,27
1214429,27
1214447,205
1214454,69
1214494,17
1214519,16
1214542,18
1214555,84
1214579,33
1214593,16
1214630,131
1214645,24
1214655,27
1214656,17
1214680,24
1214706,16
1214717,22
1214727,18
1214746,33
1214780,27
1214793,70
1214835,39
1214846,21
1214869,76
1214895,149
1214913,18
1214946,223
1214998,52
1215054,18
1215100,354
1215102,28
1215147,29
1215155,20
1215257,47
1215281,142
1215385,20
1215395,102
1215409,94
1215421,83
1215443,18
1215460,23
1215483,41
1215515,58
1215571,57
1215581,47
1215601,27
1215659,27
1215665,22
1215688,164
1215715,18
1215733,65
1215764,18
1215797,19
1215820,21
1215874,28
1215896,19
1215902,20
1215907,515
1215919,20
1215998,19
1216028,69
1216029,21
1216079,327
1216119,30
1216126,24
1216137,38
1216146,26
1216171,18
1216185,21
1216187,36
1216248,47
1216258,53
1216380,68
1216422,132
1216477,17
1216508,17
1216525,24
1216614,16
1216641,481
1216663,97
1216747,21
1216749,29
1216756,29
1216766,22
1216774,270
1216782,35
1217081,34
1217091,22
1217105,18
1217129,179
1217149,132
1217154,30
1217200,24
1217222,16
1217228,17
1217261,27
1217277,37
1217300,27
1217358,24
1217371,18
1217389,152
1217395,17
1217431,19
1217489,17
1217494,399
1217497,44
1217523,74
1217563,23
1217584,17
1217589,16
1217606,17
1217620,248
1217633,50
1217664,44
1217727,18
1217731,19
1217783,29
1217807,27
1217839,31
1217864,62
1217875,79
1217961,36
1217962,29
1218017,18
1218045,40
1218118,25
1218131,24
1218133,27
1218140,64
1218149,57
1218192,206
1218194,54
1218201,59
1218205,38
1218235,20
1218282,35
1218309,24
1218350,41
1218412,16
1218430,28
1218449,44
1218453,16
1218456,53
1218471,47
1218475,32
1218487,54
1218503,27
1218535,19
1218544,33
1218561,27
1218597,41
1218624,20
1218650,16
1218656,40
1218721,18
1218736,66
1218760,30
1218771,25
1218787,45
1218795,17
1219126,29
1219127,79
1219162,16
1219173,17
1219175,22
1219347,28
1219348,49
1219432,37
1219535,106
1219536,17
1219562,38
1219574,64
1219626,29
1219668,57
1219710,33
1219721,26
1219727,63
1219729,20
1219751,19
1219773,25
1219816,17
1219818,17
1219858,29
1219859,17
1219885,21
1219891,17
1219946,85
1219957,18
1219970,37
1219994,21
1220024,60
1220029,20
1220118,30
1220120,23
1220136,16
1220155,19
1220158,36
1220176,37
1220179,28
1220192,20
1220205,27
1220265,24
1220309,16
1220314,25
1220368,44
1220380,23
1220387,26
1220429,18
1220442,37
1220501,25
1220511,16
1220574,49
1220618,22
1220786,22
1220803,17
1220844,25
1220919,23
1220927,19
1220941,51
1221036,2163
1221038,75
1221049,33
1221105,51
1221128,36
1221133,19
1221138,27
1221140,16
1221149,38
1221151,98
1221202,16
1221219,19
1221253,89
1221254,32
1221262,56
1221283,17
1221334,110
1221359,26
1221381,17
1221403,25
1221449,57
1221526,31
1221574,109
1221637,27
1221657,45
1221684,86
1221729,156
1221769,19
1221774,38
1221781,24
1221809,27
1221843,29
1221868,17
1221914,64
1221921,35
1221968,29
1221978,27
1221982,1646
1222068,18
1222098,40
1222100,25
1222118,23
1222164,38
1222177,114
1222182,20
1222188,19
1222227,19
1222312,24
1222325,17
1222360,134
1222431,18
1222442,22
1222464,73
1222478,18
1222489,430
1222512,264
1222524,125
1222556,23
1222582,20
1222677,18
1222704,22
1222720,37
1222734,18
1222746,18
1222756,31
1222760,44
1222763,23
1222790,30
1222791,23
1222819,51
1222897,57
1222948,28
1223077,49
1223116,26
1223125,54
1223157,16
1223164,49
1223192,23
1223228,32
1223263,19
1223289,17
1223308,18
1223319,37
1223348,83
1223383,66
1223486,55
1223514,29
1223549,27
1223558,30
1223606,16
1223635,38
1223658,16
1223750,18
1223768,32
1223843,23
1223908,27
1223963,22
1223981,23
1224044,23
1224071,19
1224136,39
1224157,46
1224162,143
1224223,17
1224232,25
1224265,21
1224270,48
1224300,38
1224353,28
1224378,134
1224400,20
1224445,22
1224473,30
1224481,70
1224559,18
1224573,34
1224646,33
1224693,20
1224709,23
1224768,23
1224783,17
1224836,27
1224837,233
1224932,43
1224991,69
1225130,20
1225175,100
1225207,19
1225260,16
1225266,81
1225285,47
1225291,35
1225298,16
1225322,20
1225490,58
1225511,40
1225525,18
1225585,20
1225613,24
1225636,19
1225645,36
1225764,132
1225800,79
1225848,21
1225861,86
1225919,114
1225929,25
1225942,80
1225976,16
1225980,21
1225989,16
1225999,44
1226005,17
1226028,144
1226080,18
1226113,28
1226117,256
1226227,19
1226272,19
1226278,51
1226284,49
1226286,68
1226311,22
1226323,24
1226345,42
1226384,36
1226406,32
1226491,32
1226519,16
1226547,76
1226581,60
1226642,18
1226686,45
1226693,17
1226819,173
1226905,42
1226908,25
1226938,52
1226979,22
1226986,21
1226994,30
1226996,20
1227073,62
1227112,22
1227131,21
1227139,23
1227188,49
1227209,22
1227232,33
1227281,133
1227356,3013
1227382,22
1227460,29
1227479,38
1227489,212
1227494,30
1227536,41
1227555,25
1227570,17
1227626,17
1227628,17
1227629,109
1227664,33
1227665,31
1227668,16
1227744,80
1227761,47
1227764,17
1227811,443
1227847,21
1227869,17
1227912,45
1227943,17
1227955,142
1227992,18
1228037,44
1228088,36
1228102,40
1228107,24
1228195,82
1228198,38
1228271,254
1228277,18
1228312,371
1228352,49
1228360,28
1228379,24
1228413,1147
1228506,31
1228521,138
1228537,25
1228572,46
1228644,17
1228716,17
1228717,37
1228754,30
1228761,302
1228787,30
1228789,16
1228795,36
1228818,16
1228839,26
1228895,16
1228918,53
1228970,17
1229124,32
1229215,44
1229238,191
1229255,49
1229261,112
1229288,153
1229289,24
1229329,59
1229391,61
1229419,21
1229427,1083
1229487,333
1229490,29
1229556,42
1229602,18
1229617,21
1229620,38
1229624,22
1229646,58
1229695,17
1229765,37
1229796,52
1229797,78
1229874,26
1229880,66
1230006,45
1230020,42
1230099,114
1230139,28
1230140,59
1230151,58
1230199,185
1230219,32
1230221,16
1230242,16
1230260,157
1230273,26
1230317,19
1230376,42
1230401,39
1230431,64
1230499,19
1230560,533
1230586,78
1230605,129
1230627,56
1230631,17
1230642,16
1230672,44
1230692,18
1230741,22
1230773,17
1230775,28
1230810,24
1230818,81
1230868,19
1230991,21
1231028,17
1231042,128
1231063,19
1231103,24
1231104,30
1231131,73
1231183,151
1231256,47
1231293,21
1231313,23
1231327,35
1231344,19
1231354,19
1231362,26
1231375,18
1231420,16
1231452,76
1231458,45
1231473,29
1231501,2136
1231512,104
1231552,25
1231565,20
1231635,21
1231685,38
1231705,26
1231766,36
1231831,117
1231838,22
1231923,18
1231943,31
1232060,16
1232142,18
1232179,30
1232234,19
1232308,71
1232363,157
1232388,17
1232399,21
1232405,63
1232607,18
1232641,17
1232660,25
1232661,21
1232680,25
1232704,25
1232715,48
1232725,93
1232735,196
1232750,19
1232767,35
1232796,18
1232835,22
1232912,129
1232985,19
1233000,30
1233005,152
1233034,50
1233055,22
1233181,19
1233192,19
1233193,57
1233212,35
1233251,26
1233282,23
1233367,18
1233392,17
1233393,41
1233452,78
1233462,58
1233482,16
1233489,17
1233502,18
1233512,43
1233529,38
1233583,3784
1233687,63
1233693,24
1233695,16
1233701,17
1233705,33
1233726,67
1233741,25
1233745,20
1233754,20
1233757,19
1233771,18
1233785,46
1233797,19
1233799,79
1233806,57
1233863,28
1233884,26
1233917,17
1233942,21
1233945,42
1234013,342
1234031,140
1234093,31
1234105,26
1234106,38
1234195,17
1234205,58
1234216,42
1234229,42
1234320,24
1234364,36
1234424,20
1234466,72
1234590,78
1234596,30
1234602,17
1234667,33
1234700,27
1234703,20
1234718,38
1234719,26
1234751,19
1234776,153
1234884,57
1234910,25
1234938,204
1234951,44
1235005,17
1235007,36
1235034,27
1235062,41
1235108,21
1235177,17
1235187,20
1235275,25
1235288,19
1235293,20
1235315,23
1235325,71
1235358,17
1235393,108
1235406,16
1235429,20
1235507,21
1235609,22
1235621,16
1235623,33
1235633,765
1235641,18
1235677,25
1235694,56
1235696,33
1235731,44
1235770,31
1235795,228
1235853,17
1235867,23
1235868,29
1235897,26
1235907,18
1235983,84
1236074,16
1236092,152
1236181,46
1236206,18
1236224,23
1236300,31
1236323,17
1236331,55
1236359,16
1236425,16
1236472,31
1236494,18
1236536,49
1236631,19
1236754,32
1236770,21
1236780,44
1236814,22
1236854,94
1236889,24
1236916,31
1237004,121
1237015,24
1237036,21
1237043,27
1237044,34
1237216,673
1237242,20
1237243,50
1237251,140
1237254,577
1237342,270
1237348,30
1237413,46
1237450,80
1237484,58
1237503,927
1237548,19
1237557,19
1237580,33
1237583,24
1237599,1498
1237615,35
1237623,36
1237682,103
1237690,20
1237695,19
1237711,27
1237731,136
1237740,17
1237744,16
1237765,162
1237806,33
1237808,21
1237810,1140
1237847,19
1237851,23
1237959,41
1238006,17
1238024,18
1238035,20
1238049,23
1238051,16
1238084,20
1238098,37
1238160,20
1238190,185
1238196,44
1238230,23
1238289,272
1238297,28
1238309,23
1238367,98
1238390,48
1238414,18
1238435,27
1238441,26
1238462,46
1238550,57
1238613,103
1238644,19
1238651,28
1238726,26
1238740,35
1238846,22
1238851,17
1238877,167
1238893,18
1238911,40
1238953,52
1238962,23
1238967,16
1239035,29
1239101,24
1239120,22
1239130,36
1239131,34
1239186,18
1239206,97
1239229,33
1239239,96
1239246,18
1239316,98
1239323,27
1239382,34
1239407,579
1239451,30
1239456,16
1239467,18
1239494,30
1239522,135
1239523,23
1239573,128
1239592,23
1239614,22
1239623,18
1239624,20
1239627,20
1239648,17
1239664,173
1239689,17
1239696,16
1239753,27
1239766,181
1239797,129
1239802,20
1239847,19
1239868,36
1239895,24
1239897,40
1239922,16
1239934,21
1239935,23
1239958,16
1240030,75
1240054,28
1240058,35
1240065,171
1240077,31
1240091,40
1240093,40
1240105,18
1240159,21
1240177,19
1240187,20
1240197,142
1240214,33
1240215,20
1240280,27
1240293,151
1240334,18
1240350,27
1240354,26
1240449,29
1240450,26
1240478,20
1240519,94
1240536,388
1240551,17
1240561,42
1240562,69
1240631,16
1240664,19
1240703,31
1240730,16
1240735,264
1240744,29
1240752,21
1240764,18
1240797,31
1240799,29
1240850,17
1240880,17
1240962,16
1240984,56
1240987,17
1241039,30
1241045,25
1241114,49
1241122,17
1241164,59
1241212,24
1241244,21
1241339,81
1241352,48
1241383,136
1241388,19
1241411,38
1241414,28
1241423,35
1241443,20
1241460,40
1241532,59
1241564,118
1241573,20
1241609,38
1241651,64
1241660,24
1241665,102
1241733,39
1241781,19
1241790,19
1241860,25
1241899,18
1241941,101
1241967,26
1241994,16
1242023,21
1242034,20
1242035,31
1242065,32
1242089,53
1242104,45
1242111,20
1242161,70
1242178,81
1242194,352
1242202,22
1242216,26
1242229,27
1242242,545
1242257,23
1242258,18
1242271,76
1242272,18
1242388,40
1242400,16
1242417,146
1242445,51
1242446,17
1242510,110
1242513,84
1242595,48
1242649,198
1242751,18
1242762,28
1242774,22
1242788,18
1242796,34
1242799,442
1242813,109
1242853,33
1242866,32
1242879,23
1242928,28
1243019,20
1243049,39
1243061,19
1243067,31
1243135,110
1243136,157
1243156,274
1243185,27
1243200,158
1243229,47
1243281,89
1243303,1219
1243433,16
1243474,18
1243480,140
1243538,81
1243544,28
1243620,112
1243630,17
1243688,30
1243709,21
1243716,22
1243731,24
1243751,18
1243779,36
1243867,66
1243870,36
1243917,24
1243919,39
1243963,16
1243964,29
1243970,30
1243976,25
1243981,22
1243988,166
1244022,19
1244043,47
1244056,18
1244086,26
1244127,21
1244178,20
1244206,19
1244214,44
1244254,22
1244261,34
1244332,16
1244339,55
1244403,63
1244426,66
1244429,17
1244483,50
1244496,56
1244536,33
1244555,284
1244600,20
1244630,33
1244637,19
1244640,20
1244664,30
1244667,33
1244691,19
1244753,84
1244804,38
1244883,19
1244895,16
1244920,42
1244964,19
1245020,19
1245028,59
1245029,17
1245030,22
1245055,17
1245070,20
1245075,26
1245112,33
1245120,28
1245121,33
1245147,63
1245168,21
1245172,68
1245212,16
1245221,26
1245251,30
1245252,46
1245288,165
1245329,31
1245356,51
1245373,18
1245378,20
1245444,147
1245456,22
1245464,30
1245477,18
1245487,20
1245494,20
1245515,60
1245530,46
1245562,21
1245588,110
1245629,29
1245642,56
1245815,66
1245880,44
1245887,49
1245901,35
1245932,17
1245940,30
1245971,40
1246005,267
1246010,131
1246046,21
1246080,30
1246101,21
1246135,286
1246138,118
1246171,29
1246189,19
1246212,17
1246280,36
1246302,25
1246335,17
1246336,36
1246341,36
1246362,48
1246386,85
1246433,38
1246440,18
1246472,31
1246605,557
1246625,43
1246638,35
1246716,33
1246739,19
1246742,42
1246771,22
1246813,16
1246974,42
1246996,16
1247006,34
1247033,21
1247036,859
1247096,22
1247193,18
1247262,18
1247327,47
1247330,113
1247344,20
1247348,67
1247350,1620
1247422,19
1247431,23
1247432,204
1247475,16
1247485,29
1247486,26
1247495,22
1247544,20
1247565,68
1247586,27
1247590,63
1247603,16
1247624,1493
1247646,23
1247664,28
1247676,16
1247694,91
1247702,41
1247725,22
1247741,29
1247778,27
1247843,23
1247848,27
1247849,26
1247856,23
1247986,34
1248000,26
1248011,17
1248085,26
1248090,55
1248124,23
1248136,23
1248149,76
1248188,24
1248232,29
1248269,19
1248296,430
1248309,16
1248320,41
1248332,155
1248334,18
1248342,75
1248365,47
1248377,71
1248477,25
1248586,32
1248604,41
1248620,18
1248701,30
1248765,18
1248937,23
1248947,21
1248985,27
1248991,40
1248993,31
1249037,18
1249049,24
1249056,18
1249068,294
1249078,39
1249198,17
1249259,28
1249269,36
1249284,119
1249293,28
1249363,55
1249396,37
1249446,25
1249493,21
1249501,57
1249502,127
1249529,383
1249550,17
1249603,260
1249650,19
1249749,29
1249752,57
1249772,17
1249802,27
1249899,98
1249927,21
1249935,65
1249945,34
1249979,33
1249981,116
1249987,228
1250005,20
1250049,99
1250064,30
1250078,92
1250086,16
1250088,54
1250092,419
1250095,16
1250111,89
1250166,16
1250175,144
1250177,46
1250202,26
1250253,25
1250311,20
1250329,228
1250397,17
1250400,25
1250467,26
1250497,32
1250552,18
1250565,22
1250581,79
1250601,16
1250604,455
1250605,43
1250639,25
1250674,35
1250675,18
1250685,19
1250731,33
1250756,218
1250861,37
1250866,77
1250931,28
1250948,75
1250954,19
1250960,49
1250988,26
1251011,28
1251029,65
1251057,16
1251079,26
1251107,16
1251118,143
1251129,226
1251157,33
1251160,23
1251169,22
1251184,28
1251235,23
1251238,17
1251272,24
1251320,17
1251325,16
1251337,209
1251344,79
1251400,16
1251405,75
1251423,21
1251443,17
1251446,88
1251458,178
1251469,40
1251543,51
1251583,52
1251594,61
1251652,26
1251661,54
1251675,16
1251695,23
1251722,50
1251739,30
1251755,20
1251780,19
1251796,17
1251816,18
1251819,28
1251821,19
1251824,23
1251860,133
1251870,16
1251887,18
1251933,95
1251955,64
1251956,51
1251968,39
1251974,50
1252036,21
1252051,86
1252078,29
1252080,30
1252138,68
1252166,35
1252226,49
1252248,30
1252259,65
1252274,19
1252280,22
1252308,30
1252320,38
1252329,20
1252346,21
1252426,18
1252442,25
1252493,29
1252498,328
1252514,18
1252515,20
1252573,17
1252587,23
1252617,26
1252618,19
1252638,26
1252660,36
1252661,26
1252664,325
1252677,17
1252768,35
1252813,30
1252829,222
1252836,22
1252844,22
1252981,28
1253052,27
1253086,1996
1253153,134
1253182,17
1253197,43
1253204,66
1253205,319
1253286,32
1253314,44
1253316,46
1253324,17
1253328,17
1253344,18
1253353,93
1253403,97
1253407,29
1253409,26
1253490,18
1253501,36
1253507,17
1253515,17
1253522,23
1253545,21
1253597,23
1253669,24
1253698,22
1253699,97
1253712,20
1253734,203
1253813,53
1253817,18
1253826,19
1253835,17
1253867,1034
1253901,73
1253936,29
1253947,37
1254017,17
1254047,89
1254119,166
1254203,120
1254220,84
1254245,22
1254264,63
1254266,490
1254282,33
1254352,54
1254364,24
1254401,52
1254418,152
1254422,19
1254459,24
1254470,261
1254498,107
1254576,19
1254595,28
1254630,18
1254691,39
1254796,21
1254828,17
1254845,462
1254847,23
1254850,38
1254853,54
1254974,23
1255043,18
1255123,78
1255148,45
1255195,560
1255201,23
1255215,22
1255280,60
1255338,57
1255343,417
1255394,558
1255400,16
1255441,26
1255536,17
1255624,161
1255644,49
1255725,17
1255729,26
1255748,47
1255761,50
1255764,29
1255766,17
1255809,62
1255947,19
1255948,100
1255992,40
1255994,16
1256012,93
1256042,20
1256064,32
1256098,589
1256120,31
1256146,211
1256165,23
1256168,23
1256210,30
1256221,25
1256232,45
1256266,19
1256338,20
1256363,136
1256435,18
1256481,22
1256482,17
1256515,35
1256562,18
1256593,22
1256601,19
1256637,17
1256649,24
1256668,21
1256687,99
1256703,60
1256735,47
1256866,52
1256875,25
1256988,26
1256993,23
1256995,774
1257007,66
1257020,23
1257035,19
1257082,18
1257104,38
1257131,70
1257159,22
1257210,21
1257225,16
1257226,19
1257228,19
1257235,30
1257295,21
1257303,16
1257316,70
1257317,37
1257320,93
1257381,33
1257402,29
1257434,563
1257509,24
1257519,40
1257532,21
1257552,18
1257607,16
1257628,106
1257649,41
1257687,35
1257690,23
1257732,27
1257733,24
1257757,22
1257782,16
1257826,28
1257832,19
1257875,29
1257952,76
1257956,16
1257966,27
1257982,24
1258097,21
1258102,82
1258117,7092
1258160,143
1258202,31
1258210,30
1258218,26
1258221,37
1258232,49
1258246,80
1258293,24
1258330,28
1258331,23
1258444,70
1258453,21
1258465,70
1258471,43
1258482,31
1258531,25
1258552,125
1258593,69
1258614,29
1258635,25
1258671,21
1258676,29
1258696,28
1258717,18
1258735,28
1258736,23
1258757,93
1258764,23
1258922,19
1258924,2013
1258933,24
1258936,16
1258987,47
1259053,24
1259085,24
1259094,18
1259115,34
1259134,170
1259158,110
1259161,22
1259183,19
1259405,24
1259427,22
1259473,31
1259503,17
1259538,221
1259601,27
1259608,3776
1259619,21
1259639,32
1259683,27
1259724,48
1259726,25
1259769,75
1259804,43
1259877,17
1259908,165
1259925,46
1259958,193
1259966,47
1260070,35
1260090,26
1260210,17
1260224,31
1260375,91
1260425,22
1260462,34
1260467,43
1260545,22
1260565,17
1260612,25
1260614,16
1260717,139
1260732,43
1260770,49
1260819,23
1260824,31
1260850,75
1260902,16
1260932,18
1261013,41
1261042,30
1261113,36
1261170,17
1261222,17
1261362,83
1261364,20
1261427,34
1261443,38
1261447,37
1261472,67
1261516,35
1261582,62
1261736,35
1261738,64
1261793,76
1261811,16
1261832,47
1261852,20
1261876,17
1261878,45
1261914,133
1261936,27
1262002,22
1262005,299
1262014,22
1262041,49
1262044,42
1262094,20
1262098,17
1262099,26
1262202,19
1262234,591
1262282,37
1262294,18
1262295,18
1262343,53
1262353,25
1262389,24
1262420,19
1262486,22
1262565,96
1262616,59
1262645,18
1262654,24
1262682,36
1262698,25
1262833,33
1262838,17
1262888,35
1262911,37
1263010,78
1263018,22
1263119,160
1263166,187
1263181,269
1263197,36
1263202,16
1263208,19
1263245,18
1263253,26
1263265,31
1263412,23
1263429,21
1263452,81
1263466,32
1263473,38
1263484,26
1263543,65
1263606,26
1263660,116
1263712,20
1263784,22
1263785,21
1263794,22
1263939,86
1263964,16
1264065,23
1264067,25
1264078,28
1264086,18
1264137,26
1264172,77
1264204,19
1264260,30
1264318,39
1264321,146
1264333,23
1264385,17
1264414,21
1264467,32
1264476,19
1264478,58
1264492,75
1264494,66
1264520,83
1264535,16
1264536,26
1264653,20
1264705,51
1264714,26
1264718,47
1264846,34
1264982,19
1265015,433
1265024,54
1265074,21
1265096,19
1265130,17
1265170,25
1265217,160
1265232,25
1265259,27
1265314,16
1265361,35
1265417,21
1265426,40
1265446,24
1265570,20
1265663,32
1265744,44
1265759,19
1265779,19
1265833,30
1265835,254
1265852,29
1265878,261
1265884,39
1265887,25
1265894,29
1265901,48
1265911,50
1265917,16
1265953,17
1265983,24
1265991,32
1265993,47
1266005,20
1266007,17
1266044,47
1266049,147
1266069,53
1266150,23
1266156,17
1266198,19
1266213,20
1266250,26
1266261,33
1266404,22
1266437,29
1266586,24
1266593,22
1266612,82
1266667,22
1266684,52
1266811,16
1266876,30
1266898,90
1266950,21
1266992,41
1267023,19
1267048,37
1267117,17
1267127,62
1267155,47
1267158,26
1267170,16
1267222,38
1267237,537
1267244,34
1267251,91
1267263,55
1267279,37
1267280,21
1267330,39
1267366,22
1267368,17
1267390,83
1267391,820
1267474,16
1267529,20
1267579,23
1267597,20
1267645,41
1267668,38
1267759,33
1267762,18
1267767,60
1267792,52
1267810,23
1267847,427
1267873,23
1267894,56
1267898,31
1267930,37
1267967,16
1267974,39
1268002,16
1268012,37
1268019,33
1268023,187
1268065,19
1268082,22
1268084,57
1268108,20
1268109,76
1268133,30
1268134,21
1268216,64
1268234,66
1268252,36
1268299,17
1268351,17
1268362,42
1268386,25
1268410,81
1268441,94
1268467,21
1268484,18
1268570,25
1268625,26
1268650,347
1268723,18
1268757,56
1268770,18
1268786,21
1268788,33
1268795,20
1268798,16
1268802,21
1268917,21
1268937,93
1268985,55
1269010,44
1269035,43
1269046,112
1269056,46
1269133,58
1269134,21
1269145,94
1269154,36
1269185,62
1269193,21
1269198,29
1269298,198
1269324,103
1269328,99
1269329,20
1269334,21
1269371,34
1269415,29
1269426,64
1269493,16
1269528,50
1269602,107
1269665,32
1269707,41
1269725,42
1269801,37
1269812,25
1269858,546
1269871,50
1269890,18
1269899,31
1269920,28
1269934,18
1269972,50
1269977,18
1269985,21
1270016,21
1270046,36
1270095,27
1270126,21
1270188,28
1270201,69
1270222,37
1270238,24
1270263,29
1270278,50
1270319,44
1270351,21
1270356,20
1270357,21
1270412,37
1270449,18
1270459,25
1270547,199
1270566,19
1270567,70
1270574,69
1270614,34
1270707,18
1270765,34
1270791,20
1270798,88
1270903,74
1270907,20
1270932,31
1271043,23
1271107,30
1271115,23
1271129,648
1271152,16
1271169,19
1271192,37
1271238,391
1271245,20
1271262,76
1271291,20
1271298,148
1271312,23
1271318,65
1271335,22
1271353,43
1271356,75
1271408,33
1271417,59
1271423,70
1271437,233
1271455,470
1271491,17
1271501,41
1271537,32
1271539,20
1271588,40
1271683,408
1271706,45
1271707,22
1271735,17
1271763,18
1271776,29
1271784,344
1271859,142
1271889,18
1271890,75
1271901,18
1271906,26
1271928,1424
1271930,26
1271963,30
1271998,64
1272034,18
1272042,811
1272080,130
1272083,16
1272091,40
1272115,18
1272174,89
1272204,40
1272221,17
1272246,21
1272258,71
1272260,30
1272343,19
1272391,19
1272419,140
1272427,17
1272434,26
1272437,119
1272450,21
1272453,32
1272472,18
1272476,17
1272484,33
1272496,48
1272510,16
1272530,21
1272555,34
1272573,19
1272593,25
1272618,149
1272639,30
1272653,34
1272656,27
1272664,22
1272676,46
1272744,20
1272750,33
1272763,18
1272804,25
1272828,50
1272862,25
1272869,17
1272891,38
1272938,17
1272961,36
1272980,227
1272986,23
1273028,18
1273038,24
1273055,70
1273073,28
1273111,50
1273168,23
1273190,38
1273191,863
1273307,23
1273316,74
1273356,72
1273360,108
1273368,21
1273397,33
1273454,19
1273495,1347
1273506,63
1273563,24
1273618,24
1273648,57
1273781,16
1273782,26
1273785,18
1273789,19
1273815,25
1273836,552
1273883,20
1273980,84
1274021,40
1274078,906
1274092,32
1274116,34
1274165,111
1274178,21
1274214,137
1274228,68
1274275,51
1274292,69
1274313,24
1274332,51
1274404,18
1274408,16
1274448,23
1274457,90
1274535,55
1274537,162
1274557,47
1274596,40
1274621,51
1274643,143
1274668,28
1274695,24
1274831,20
1274834,55
1274835,97
1274836,51
1274853,892
1274913,21
1274970,17
1274973,18
1275044,23
1275049,44
1275051,19
1275058,38
1275083,25
1275094,36
1275099,137
1275118,53
1275126,22
1275134,18
1275140,33
1275153,19
1275172,68
1275225,48
1275245,27
1275267,58
1275279,21
1275286,53
1275310,53
1275314,19
1275315,67
1275324,145
1275338,35
1275347,36
1275435,17
1275521,21
1275528,20
1275541,109
1275542,23
1275643,23
1275696,115
1275758,18
1275823,26
1275854,38
1275864,17
1275982,29
1276066,56
1276069,26
1276136,29
1276232,27
1276269,22
1276466,16
1276478,42
1276480,48
1276486,20
1276505,62
1276551,27
1276569,21
1276576,17
1276645,39
1276653,17
1276685,32
1276695,18
1276823,43
1276869,120
1276939,39
1277046,25
1277100,23
1277138,23
1277148,16
1277161,18
1277176,24
1277181,16
1277205,23
1277207,202
1277259,26
1277323,27
1277331,21
1277374,27
1277417,54
1277460,24
1277490,63
1277560,229
1277564,30
1277578,21
1277620,16
1277630,37
1277639,18
1277697,23
1277699,51
1277724,124
1277755,107
1277842,103
1277929,21
1277954,17
1277955,52
1278037,55
1278054,16
1278055,47
1278088,39
1278107,18
1278113,45
1278130,17
1278143,17
1278192,102
1278215,18
1278279,33
1278304,18
1278334,22
1278336,86
1278394,23
1278396,76
1278399,30
1278439,59
1278449,29
1278462,27
1278464,23
1278476,56
1278555,43
1278614,20
1278632,127
1278647,31
1278663,25
1278756,29
1278772,38
1278778,53
1278801,48
1278821,24
1278837,58
1278848,71
1278872,36
1278924,57
1278961,137
1279048,286
1279053,25
1279064,32
1279183,18
1279184,21
1279190,31
1279229,16
1279269,186
1279288,16
1279326,722
1279356,40
1279377,54
1279406,22
1279449,44
1279467,382
1279478,22
1279502,21
1279539,26
1279587,38
1279588,46
1279607,22
1279687,21
1279695,87
1279698,22
1279710,33
1279804,25
1279828,25
1279832,35
1279846,34
1279847,27
1279892,26
1279893,229
1279956,107
1279968,21
1279989,17
1280005,20
1280006,28
1280008,410
1280056,145
1280074,16
1280160,17
1280204,21
1280212,44
1280234,24
1280244,24
1280245,100
1280260,25
1280269,22
1280338,63
1280376,16
1280377,88
1280431,32
1280451,35
1280460,35
1280510,99
1280550,20
1280670,28
1280827,37
1280839,81
1280852,17
1280870,60
1280875,16
1280895,174
1280897,24
1280904,23
1280973,19
1281006,19
1281024,27
1281025,18
1281027,29
1281070,35
1281078,26
1281098,37
1281120,95
1281146,29
1281176,104
1281215,16
1281260,49
1281263,30
1281270,86
1281354,24
1281465,810
1281471,36
1281498,22
1281513,37
1281623,19
1281630,18
1281744,114
1281761,33
1281811,35
1281864,29
1281895,18
1281899,24
1281906,342
1281911,55
1281935,47
1281959,25
1281973,97
1282004,63
1282069,133
1282136,84
1282186,23
1282189,79
1282210,25
1282246,496
1282300,35
1282324,25
1282384,35
1282390,16
1282455,112
1282475,41
1282478,44
1282499,17
1282551,23
1282559,22
1282562,23
1282577,21
1282590,19
1282592,60
1282594,33
1282605,62
1282609,22
1282643,18
1282674,19
1282697,65
1282706,108
1282724,873
1282749,16
1282762,102
1282785,20
1282807,16
1282811,19
1282882,94
1282894,18
1282907,30
1282951,20
1282954,107
1282969,19
1282986,18
1283017,25
1283094,152
1283101,121
1283111,27
1283114,20
1283132,33
1283135,44
1283152,48
1283179,17
1283194,30
1283221,50
1283239,237
1283279,24
1283380,17
1283399,17
1283415,29
1283459,52
1283486,206
1283520,51
1283532,19
1283560,37
1283564,50
1283592,68
1283630,29
1283644,30
1283655,63
1283688,37
1283707,53
1283715,20
1283791,19
1283793,18
1283794,18
1283838,22
1283852,19
1283875,18
1283894,25
1283895,18
1283985,19
1284037,17
1284052,22
1284060,50
1284073,20
1284156,21
1284159,19
1284193,116
1284235,41
1284371,19
1284374,36
1284545,19
1284587,44
1284592,34
1284617,41
1284625,29
1284636,21
1284676,47
1284715,35
1284753,113
1284794,25
1284908,532
1284980,16
1285052,24
1285256,31
1285264,260
1285284,24
1285291,17
1285322,60
1285352,21
1285361,24
1285387,28
1285496,43
1285515,18
1285527,28
1285611,20
1285679,21
1285700,50
1285710,22
1285714,41
1285749,240
1285785,26
1285838,88
1285839,132
1285865,40
1285878,17
1285917,49
1285923,69
1285927,26
1285928,45
1286012,37
1286083,50
1286092,53
1286113,37
1286147,19
1286175,78
1286246,76
1286305,17
1286376,24
1286402,68
1286407,21
1286441,17
1286457,24
1286470,22
1286508,50
1286610,20
1286633,19
1286669,33
1286703,21
1286734,42
1286759,69
1286779,62
1286781,29
1286796,17
1286827,32
1286829,31
1286846,24
1286852,53
1286923,21
1286995,17
1287021,28
1287051,39
1287086,68
1287139,20
1287146,17
1287150,21
1287162,19
1287167,21
1287231,18
1287256,20
1287273,21
1287296,49
1287310,39
1287327,19
1287480,22
1287481,25
1287484,32
1287503,21
1287520,16
1287549,26
1287577,25
1287591,18
1287630,16
1287645,95
1287650,19
1287755,19
1287765,19
1287790,104
1287859,22
1287884,51
1287922,21
1287924,45
1287950,29
1287978,42
1288031,27
1288042,17
1288083,29
1288113,37
1288114,18
1288203,17
1288236,25
1288251,118
1288369,24
1288398,23
1288412,17
1288433,31
1288472,22
1288479,114
1288510,17
1288602,29
1288684,50
1288691,137
1288705,20
1288735,19
1288756,75
1288775,33
1288779,43
1288784,17
1288812,29
1288824,28
1288835,29
1288855,48
1288872,74
1288873,53
1288936,125
1288960,39
1288965,29
1288968,27
1289018,22
1289030,27
1289074,110
1289149,31
1289167,20
1289169,18
1289206,40
1289245,50
1289267,23
1289280,39
1289359,35
1289430,29
1289516,502
1289542,18
1289553,17
1289573,22
1289604,75
1289664,77
1289705,21
1289734,19
1289753,19
1289810,16
1289827,30
1289828,63
1289865,36
1289879,301
1289882,43
1289885,20
1289926,17
1289942,16
1289958,33
1289977,48
1289979,19
1289985,106
1290024,25
1290027,16
1290037,23
1290122,78
1290127,25
1290200,23
1290254,49
1290266,33
1290295,119
1290323,25
1290377,23
1290410,32
1290438,16
1290459,50
1290503,57
1290532,160
1290568,37
1290612,33
1290617,21
1290633,34
1290756,25
1290780,25
1290794,31
1290847,243
1290852,27
1290862,20
1290912,119
1290928,125
1290952,20
1290982,26
1291008,492
1291057,16
1291122,22
1291188,44
1291194,26
1291208,38
1291290,16
1291319,16
1291324,65
1291388,28
1291399,31
1291431,17
1291467,57
1291557,370
1291620,29
1291648,46
1291657,28
1291659,20
1291675,18
1291698,24
1291735,48
1291751,76
1291753,34
1291758,17
1291773,17
1291781,24
1291812,20
1291841,29
1291866,17
1291881,16
1291893,32
1291902,22
1291923,17
1291958,2595
1291959,20
1291961,25
1291990,53
1292052,29
1292054,39
1292128,269
1292134,21
1292137,19
1292146,44
1292182,35
1292195,83
1292217,72
1292290,17
1292379,60
1292394,81
1292402,144
1292403,19
1292433,21
1292499,17
1292538,209
1292546,88
1292572,60
1292612,21
1292621,84
1292648,16
1292651,32
1292704,25
1292736,180
1292791,47
1292802,21
1292939,135
1292988,17
1293026,23
1293036,17
1293131,58
1293136,20
1293145,60
1293147,90
1293180,19
1293197,26
1293208,20
1293210,16
1293237,55
1293274,74
1293279,18
1293338,53
1293340,45
1293464,220
1293471,104
1293484,120
1293523,166
1293542,23
1293549,18
1293577,53
1293602,639
1293607,21
1293615,32
1293630,44
1293660,21
1293824,38
1293877,25
1293939,17
1293966,49
1293978,35
1293987,739
1294008,17
1294088,34
1294111,27
1294121,41
1294135,18
1294149,24
1294204,16
1294212,25
1294286,20
1294331,20
1294352,89
1294355,31
1294409,20
1294524,19
1294550,20
1294566,19
1294576,31
1294614,45
1294624,102
1294645,24
1294688,18
1294691,20
1294714,35
1294736,55
1294740,19
1294781,17
1294814,55
1294844,60
1294845,162
1294878,20
1294915,34
1294928,17
1294942,20
1294987,20
1294988,74
1294998,25
1295048,28
1295051,105
1295095,27
1295097,17
1295132,370
1295133,21
1295138,272
1295152,153
1295154,456
1295169,76
1295191,65
1295216,17
1295279,21
1295301,18
1295317,26
1295376,54
1295509,26
1295590,41
1295692,191
1295733,24
1295741,59
1295757,17
1295770,20
1295771,31
1295794,19
1295807,18
1295854,68
1295879,30
1295891,63
1295892,33
1295939,18
1295965,20
1295966,54
1295972,128
1295979,47
1296066,21
1296103,27
1296125,21
1296132,54
1296161,42
1296193,44
1296195,18
1296220,48
1296236,30
1296271,56
1296286,29
1296291,46
1296349,17
1296398,76
1296454,21
1296457,16
1296507,18
1296512,19
1296554,165
1296555,182
1296572,39
1296604,16
1296628,17
1296644,43
1296669,24
1296675,23
1296707,58
1296717,21
1296745,30
1296772,60
1296776,42
1296781,17
1296897,54
1296906,27
1296967,56
1297059,18
1297077,26
1297127,384
1297144,32
1297151,29
1297178,23
1297256,17
1297258,17
1297290,42
1297319,20
1297322,22
1297364,21
1297430,27
1297469,373
1297593,20
1297599,19
1297617,16
1297620,18
1297769,220
1297851,22
1297889,20
1297899,28
1297921,19
1297945,29
1297957,37
1298001,16
1298049,30
1298053,17
1298067,89
1298140,718
1298142,18
1298189,21
1298234,399
1298239,26
1298243,24
1298282,27
1298318,23
1298341,22
1298348,23
1298503,39
1298523,37
1298549,19
1298570,37
1298571,24
1298647,142
1298731,18
1298749,24
1298814,26
1298847,17
1298865,20
1298962,18
1299050,38
1299078,37
1299092,105
1299115,21
1299161,21
1299185,39
1299187,31
1299190,27
1299212,24
1299217,34
1299225,17
1299226,35
1299248,28
1299250,21
1299274,16
1299332,16
1299364,48
1299400,33
1299406,25
1299416,33
1299445,28
1299451,189
1299481,19
1299482,67
1299501,30
1299505,29
1299511,35
1299559,47
1299593,544
1299598,37
1299607,23
1299653,16
1299654,147
1299732,354
1299734,22
1299764,17
1299779,17
1299780,24
1299795,29
1299872,78
1299938,25
1299960,21
1300035,30
1300123,31
1300125,62
1300186,44
1300205,38
1300238,20
1300257,35
1300265,21
1300286,17
1300287,69
1300301,19
1300361,77
1300399,16
1300417,18
1300447,69
1300492,24
1300502,30
1300537,18
1300543,583
1300691,695
1300708,45
1300724,20
1300727,28
1300826,18
1300845,140
1300875,18
1300888,29
1300899,18
1300908,33
1300951,19
1300960,23
1300964,42
1300973,22
1300994,16
1301037,17
1301062,42
1301095,122
1301156,24
1301157,259
1301163,344
1301169,37
1301369,27
1301373,16
1301382,19
1301455,19
1301475,32
1301477,24
1301491,33
1301525,22
1301555,18
1301602,36
1301618,45
1301641,20
1301658,76
1301711,20
1301759,42
1301777,22
1301788,24
1301809,129
1301890,17
1301901,26
1301906,2161
1301911,166
1301922,20
1301960,55
1301977,57
1302038,17
1302057,28
1302083,44
1302110,52
1302162,115
1302200,3792
1302225,23
1302228,29
1302266,27
1302321,40
1302331,154
1302335,29
1302361,261
1302381,2987
1302394,19
1302452,18
1302467,27
1302479,84
1302490,30
1302491,25
1302497,36
1302533,27
1302593,74
1302634,20
1302643,17
1302696,32
1302752,38
1302753,20
1302777,36
1302779,32
1302804,16
1302829,17
1302881,98
1302892,19
1302990,22
1303027,27
1303038,23
1303065,16
1303123,34
1303124,190
1303180,16
1303316,74
1303504,23
1303560,22
1303571,28
1303620,20
1303621,161
1303663,37
1303664,215
1303679,43
1303748,89
1303767,74
1303780,23
1303847,20
1303861,34
1303910,20
1303931,22
1303970,21
1304022,117
1304034,19
1304054,31
1304076,28
1304082,55
1304198,47
1304201,77
1304208,50
1304211,69
1304259,221
1304285,24
1304297,18
1304311,16
1304339,21
1304350,21
1304372,20
1304401,56
1304418,36
1304420,23
1304453,28
1304475,111
1304486,74
1304531,203
1304548,20
1304612,91
1304639,49
1304640,220
1304664,18
1304667,88
1304712,19
1304724,67
1304730,23
1304774,21
1304790,33
1304833,19
1304861,82
1304889,35
1304948,124
1304979,20
1304990,31
1304998,32
1304999,53
1305030,17
1305041,27
1305104,18
1305144,27
1305146,44
1305147,28
1305188,38
1305235,106
1305262,39
1305330,56
1305337,46
1305343,31
1305401,27
1305485,34
1305524,19
1305617,66
1305693,195
1305702,18
1305723,59
1305750,16
1305765,46
1305781,59
1305920,57
1305962,24
1306121,25
1306190,18
1306212,29
1306249,18
1306268,17
1306285,141
1306332,65
1306362,45
1306399,27
1306469,142
1306522,20
1306524,19
1306527,39
1306568,92
1306580,19
1306610,23
1306681,37
1306682,20
1306710,29
1306870,56
1306887,21
1306929,27
1306986,47
1307020,31
1307039,62
1307089,347
1307132,68
1307145,20
1307154,26
1307171,28
1307202,16
1307214,43
1307307,128
1307309,19
1307311,34
1307453,16
1307456,32
1307536,32
1307541,96
1307548,22
1307602,985
1307603,58
1307620,130
1307701,21
1307753,16
1307759,21
1307780,38
1307787,18
1307812,20
1307851,19
1307973,68
1308004,27
1308006,23
1308007,110
1308035,17
1308053,32
1308139,29
1308141,41
1308152,55
1308170,17
1308187,2059
1308218,36
1308221,32
1308259,28
1308280,61
1308291,16
1308301,18
1308311,60
1308320,34
1308347,87
1308411,43
1308427,21
1308494,37
1308513,50
1308572,96
1308638,20
1308642,34
1308645,18
1308663,38
1308680,32
1308691,21
1308708,47
1308728,19
1308784,21
1308823,26
1308843,33
1308886,330
1308923,31
1308935,317
1308944,46
1308989,127
1308994,17
1309013,35
1309038,131
1309039,39
1309049,31
1309073,40
1309087,27
1309111,18
1309154,16
1309178,39
1309262,18
1309342,17
1309367,128
1309393,30
1309425,21
1309436,36
1309448,21
1309500,142
1309526,18
1309544,24
1309576,20
1309661,22
1309664,23
1309716,51
1309778,106
1309834,70
1309844,174
1309919,20
1309925,16
1309946,71
1309993,34
1310009,1085
1310072,23
1310073,25
1310144,17
1310161,58
1310162,20
1310228,17
1310234,36
1310244,312
1310263,36
1310286,31
1310326,22
1310339,18
1310379,23
1310419,37
1310456,22
1310468,49
1310509,33
1310525,44
1310530,26
1310544,17
1310571,21
1310595,612
1310606,16
1310609,16
1310632,31
1310674,24
1310676,23
1310700,68
1310713,26
1310823,20
1310942,27
1311006,35
1311024,17
1311025,49
1311050,39
1311083,112
1311087,23
1311102,592
1311251,20
1311295,23
1311332,401
1311413,18
1311447,131
1311485,18
1311514,38
1311530,16
1311540,19
1311560,16
1311593,79
1311667,56
1311743,25
1311773,28
1311847,227
1311877,18
1311890,318
1311956,16
1312004,43
1312017,34
1312019,46
1312030,30
1312043,19
1312064,25
1312103,25
1312104,37
1312147,18
1312203,27
1312204,35
1312231,16
1312261,23
1312281,18
1312284,26
1312292,17
1312293,21
1312298,17
1312306,29
1312386,16
1312397,45
1312404,28
1312461,31
1312469,29
1312558,16
1312593,29
1312705,146
1312714,19
1312740,102
1312826,34
1312829,22
1312868,144
1312929,22
1312956,37
1312957,24
1312968,44
1313032,41
1313052,25
1313056,1116
1313086,30
1313098,85
1313107,16
1313194,18
1313201,19
1313209,20
1313244,59
1313390,26
1313431,182
1313432,37
1313455,16
1313457,211
1313462,31
1313537,99
1313567,18
1313624,18
1313678,37
1313681,468
1313704,24
1313706,18
1313854,133
1313893,35
1313898,17
1313923,35
1313932,19
1313933,37
1313934,33
1313954,68
1313960,23
1314018,42
1314063,36
1314098,34
1314119,30
1314142,56
1314156,41
1314162,374
1314243,117
1314247,74
1314268,19
1314330,50
1314344,19
1314350,19
1314410,106
1314519,94
1314553,36
1314565,52
1314617,22
1314619,28
1314628,29
1314667,26
1314678,17
1314687,26
1314705,20
1314709,18
1314717,86
1314722,18
1314757,57
1314766,18
1314773,39
1314774,23
1314798,67
1314820,19
1314835,101
1314849,63
1314864,45
1314923,18
1314977,38
1314999,135
1315000,36
1315007,115
1315032,17
1315037,44
1315056,82
1315069,30
1315087,29928
1315098,29
1315107,16
1315147,268
1315254,25
1315255,16
1315288,27
1315296,23
1315305,17
1315324,16
1315344,295
1315378,53
1315409,31
1315492,16
1315514,451
1315517,19
1315519,23
1315536,67
1315544,23
1315611,19
1315666,20
1315668,19
1315671,25
1315732,50
1315748,20
1315803,20
1315829,43
1315845,55
1315853,21
1315898,31
1315907,59
1315912,19
1315924,20
1315988,48
1316008,20
1316034,38
1316048,29
1316063,19
1316092,27
1316170,22
1316249,24
1316255,304
1316286,19
1316370,23
1316379,151
1316384,110
1316387,27
1316411,52
1316445,50
1316463,47
1316489,271
1316498,16
1316633,20
1316652,22
1316663,31
1316672,35
1316718,39
1316732,23
1316771,263
1316825,32
1316900,28
1316931,18
1316945,33
1316947,61
1317006,20
1317012,23
1317046,24
1317147,46
1317153,60
1317186,51
1317241,51
1317246,59
1317284,37
1317306,80
1317320,24
1317363,16
1317558,397
1317649,48
1317652,54
1317653,25
1317664,31
1317673,36
1317706,111
1317726,128
1317733,21
1317737,28
1317753,46
1317755,33
1317786,19
1317901,56
1317907,44
1317938,54
1317948,22
1317977,49
1317986,22
1317989,29
1318018,19
1318048,17
1318069,21
1318135,17
1318171,36
1318173,18
1318175,185
1318179,53
1318223,88
1318246,19
1318297,589
1318312,16
1318359,29
1318364,114
1318388,19
1318448,160
1318520,74
1318525,49
1318587,20
1318590,17
1318591,27
1318610,16
1318631,26
1318644,23
1318659,38
1318675,34
1318699,43
1318726,55
1318729,30
1318777,69
1318791,5940
1318800,16
1318837,88
1318845,23
1318846,18
1318857,30
1318858,22
1318902,40
1318903,42
1318918,17
1318938,17
1318941,223
1319000,22
1319006,190
1319054,20
1319120,38
1319155,29
1319181,245
1319208,211
1319227,44
1319239,131
1319307,20
1319314,43
1319320,20
1319397,22
1319430,26
1319469,28
1319493,27
1319529,17
1319539,45
1319592,24
1319668,53
1319686,16
1319694,43
1319735,31
1319764,60
1319768,47
1319797,33
1319854,31
1319884,90
1319925,18
1319935,109
1319976,93
1319995,20
1320074,18
1320166,20
1320215,340
1320230,69
1320255,36
1320301,21
1320392,18
1320433,24
1320454,31
1320479,92
1320551,30
1320567,19
1320644,22
1320694,19
1320730,19
1320769,17
1320796,23
1320805,85
1320825,39
1320855,63
1320860,25
1320880,33
1320916,558
1320927,35
1320932,20
1320961,19
1320962,34
1320981,46
1320990,388
1320998,38
1321049,16
1321070,88
1321086,189
1321089,23
1321092,18
1321128,48
1321135,22
1321182,31
1321276,28
1321288,28
1321309,109
1321321,49
1321322,33
1321338,18
1321378,22
1321384,87
1321394,52
1321435,91
1321440,46
1321441,68
1321473,21
1321510,271
1321511,21
1321541,33
1321594,54
1321598,52
1321601,20
1321640,18
1321654,125
1321655,22
1321659,20
1321734,32
1321864,89
1321885,18
1321914,16
1321929,25
1322073,19
1322133,28
1322155,40
1322180,554
1322256,44
1322260,21
1322264,18
1322317,130
1322334,41
1322377,125
1322452,17
1322480,21
1322572,21
1322663,23
1322759,98
1322766,44
1322782,17
1322784,27
1322820,20
1322829,54
1322859,16
1322904,31
1322980,25
1322989,135
1323017,24
1323043,93
1323044,141
1323094,41
1323110,75
1323147,54
1323166,43
1323187,32
1323225,30
1323239,34
1323307,31
1323360,20
1323426,77
1323484,30
1323517,64
1323548,95
1323622,287
1323648,104
1323693,19
1323735,31
1323761,60
1323792,44
1323798,18
1323806,45
1323810,34
1323819,24
1323852,23
1323898,78
1323910,17
1323942,97
1323956,21
1324004,43
1324007,102
1324086,89
1324095,32
1324195,42
1324227,25
1324303,22
1324333,21
1324377,64
1324384,109
1324394,25
1324456,26
1324484,28
1324525,23
1324536,21
1324571,20
1324601,95
1324609,65
1324610,33
1324630,19
1324655,17
1324695,89
1324724,25
1324727,74
1324856,82
1324916,393
1324922,16
1324951,28
1324978,51
1324995,23
1325014,17
1325126,78
1325128,46
1325173,17
1325186,20
1325199,24
1325210,21
1325224,43
1325233,23
1325244,48
1325256,50
1325259,21
1325266,37
1325267,48
1325276,22
1325346,36
1325375,66
1325383,49
1325426,23
1325435,24
1325441,20
1325480,28
1325485,16
1325494,157
1325496,20
1325520,42
1325539,25
1325657,37
1325689,20
1325824,84
1325859,16
1325878,25
1325892,17
1325918,75
1326029,37
1326031,49
1326072,28
1326089,23
1326163,18
1326209,23
1326260,27
1326290,1747
1326308,25
1326335,26
1326351,60
1326355,53
1326385,16
1326391,72
1326456,27
1326490,138
1326544,213
1326548,54
1326557,99
1326565,21
1326637,54
1326639,64
1326678,27
1326792,32
1326836,16
1326846,26
1326871,18
1326884,18
1326942,44
1327004,42
1327025,27
1327041,59
1327110,20
1327128,81
1327166,991
1327193,19
1327208,22
1327230,21
1327231,22
1327233,75
1327241,55
1327284,30
1327317,17
1327327,47
1327333,18
1327363,18
1327399,44
1327424,1504
1327475,20
1327501,20
1327518,133
1327522,27
1327530,20
1327532,16
1327538,16
1327550,220
1327615,33
1327628,52
1327647,587
1327648,22
1327664,51
1327705,138
1327865,109
1327910,22
1327932,16
1328017,16
1328029,16
1328083,32
1328091,373
1328146,20
1328192,36
1328196,110
1328207,28
1328213,28
1328241,16
1328262,41
1328274,59
1328314,22
1328335,24
1328363,37
1328366,24
1328372,17
1328402,307
1328493,17
1328526,17
1328527,20
1328540,45
1328585,16
1328599,30
1328619,17
1328626,24
1328657,88
1328662,16
1328677,33
1328743,46
1328755,27
1328806,18
1328818,180
1328855,20
1328887,18
1328896,68
1328994,19
1329003,21
1329027,27
1329096,17
1329100,52
1329102,35
1329103,16
1329120,276
1329136,25
1329148,34
1329195,23
1329287,24
1329301,29
1329382,29
1329384,29
1329427,26
1329487,30
1329512,143
1329519,23
1329538,19
1329554,74
1329568,166
1329597,17
1329620,125
1329626,24
1329643,16
1329686,32
1329797,43
1329806,31
1329816,190
1329900,45
1329925,40
1329958,20
1329982,16
1329993,44
1329998,19
1330021,19
1330037,41
1330053,68
1330074,16
1330075,51
1330079,38
1330080,34
1330151,22
1330162,16
1330173,18
1330291,29
1330308,19
1330310,27
1330419,275
1330513,24
1330529,20
1330559,52
1330570,63
1330741,103
1330745,116
1330805,26
1330838,49
1330854,18
1331010,25
1331019,22
1331088,38
1331124,34
1331136,38
1331235,28
1331248,32
1331265,31
1331277,25
1331279,88
1331294,52
1331305,23
1331328,17
1331329,77
1331344,22
1331394,18
1331431,17
1331435,28
1331447,18
1331460,358
1331477,38
1331542,18
1331555,77
1331561,22
1331612,16
1331647,44
1331672,46
1331700,19
1331720,28
1331748,234
1331769,43
1331795,16
1331802,18
1331803,19
1331810,38
1331820,22
1331841,151
1331854,42
1331896,27
1331908,29
1332002,21
1332062,49
1332101,31
1332117,54
1332137,17
1332209,37
1332247,30
1332248,37
1332264,17
1332292,63
1332312,22
1332337,29
1332350,17
1332383,69
1332405,18
1332466,28
1332467,16
1332505,25
1332528,17
1332529,37
1332554,17
1332636,53
1332741,34
1332757,18
1332781,69
1332795,18
1332814,24
1332845,32
1332859,26
1332879,43
1332885,42
1332890,48
1332906,29
1332985,33
1333007,63
1333019,19
1333049,55
1333124,29
1333154,39
1333160,158
1333162,42
1333196,39
1333221,41
1333234,51
1333314,19
1333331,17
1333335,22
1333433,21
1333437,165
1333441,25
1333446,25
1333471,22
1333481,45
1333520,29
1333531,62
1333540,22
1333543,28
1333576,18
1333581,20
1333620,31
1333711,20
1333731,264
1333743,26
1333771,16
1333787,125
1333794,26
1333813,18
1333851,2789
1333946,42
1333950,17
1333995,34
1334022,27
1334033,19
1334043,76
1334095,23
1334113,21
1334127,71
1334131,42
1334162,113
1334164,16
1334167,21
1334172,16
1334193,27
1334216,19
1334221,30
1334239,252
1334277,27
1334303,43
1334344,21
1334353,47
1334369,17
1334457,28
1334519,81
1334556,28
1334576,16
1334595,69
1334600,81
1334603,512
1334712,16
1334778,22
1334838,54
1334880,37
1334886,19
1334896,53
1334909,89
1334910,17
1334930,509
1334931,22
1335003,21
1335026,18
1335084,19
1335143,96
1335156,32
1335233,534
1335242,17
1335300,36
1335306,74
1335351,30
1335388,18
1335420,27
1335459,98
1335481,20
1335539,36
1335581,17
1335616,18
1335628,17
1335670,80
1335673,17
1335687,20
1335713,20
1335719,25
1335761,71
1335784,91
1335787,22
1335799,55
1335818,29
1335821,24
1335826,82
1335838,30
1335862,25
1335871,17
1335892,51
1335909,35
1335910,52
1335920,23
1335928,39
1335943,21
1335951,68
1335976,16
1336011,238
1336013,35
1336029,20
1336050,28
1336051,75
1336127,25
1336128,17
1336288,22
1336300,23
1336363,24
1336388,80
1336420,32
1336422,238
1336461,131
1336475,18
1336478,62
1336479,17
1336498,17
1336539,20
1336541,16
1336544,17
1336546,17
1336610,50
1336663,230
1336727,23
1336767,38
1336795,18
1336806,17
1336872,34
1336923,29
1336948,28
1336949,112
1337012,26
1337063,16
1337080,17
1337169,38
1337208,20
1337212,23
1337259,29
1337268,1157
1337269,19
1337273,97
1337337,53
1337341,515
1337352,16
1337353,34
1337385,25
1337386,162
1337400,17
1337445,21
1337454,26
1337468,51
1337489,64
1337525,208
1337541,17
1337550,46
1337595,660
1337624,27
1337654,18
1337670,21
1337703,30
1337729,89
1337775,541
1337794,192
1337807,23
1337816,160
1337831,19
1337845,18
1337888,18
1337899,49
1337983,123
1338000,48
1338007,17
1338032,22
1338044,18
1338051,38
1338055,16
1338059,33
1338089,44
1338111,2115
1338128,33
1338145,43
1338209,19
1338211,23
1338228,153
1338261,24
1338299,47
1338314,17
1338344,89
1338393,51
1338395,36
1338477,16
1338491,23
1338529,96
1338548,21
1338567,118
1338568,22
1338571,50
1338594,36
1338654,26
1338655,44
1338670,16
1338676,56
1338750,62
1338810,19
1338834,18
1338837,54
1338840,50
1338910,23
1338930,37
1338954,45
1339037,541
1339060,32
1339067,42
1339080,43
1339094,54
1339138,63
1339175,76
1339188,82
1339191,286
1339207,19
1339255,389
1339365,35
1339413,17
1339491,103
1339518,62
1339530,17
1339594,17
1339635,144
1339661,16
1339738,18
1339749,33
1339791,20
1339822,27
1339830,40
1339849,27
1339850,59
1339869,53
1339907,20
1339909,30
1339920,23
1339933,18
1339965,20
1339983,91
1339986,43
1340015,20
1340033,27
1340050,51
1340053,183
1340091,16
1340097,443
1340108,208
1340114,46
1340146,35
1340162,31
1340207,18
1340314,50
1340345,45
1340372,28
1340373,294
1340400,34
1340401,32
1340405,25
1340431,152
1340450,18
1340547,21
1340548,17
1340565,31
1340586,107
1340591,81
1340630,42
1340650,17
1340700,18
1340735,22
1340760,18
1340778,21
1340783,23
1340817,17
1340837,46
1340844,28
1340955,17
1341004,331
1341116,24
1341136,38
1341166,21
1341270,101
1341308,18
1341389,27
1341393,39
1341432,19
1341474,29
1341479,17
1341505,21
1341557,62
1341559,38
1341560,27
1341682,35
1341705,197
1341757,21
1341782,23
1341801,25
1341888,21
1341897,28
1341979,53
1342059,57
1342067,388
1342116,26
1342149,59
1342169,77
1342198,19
1342227,32
1342239,29
1342249,17
1342251,54
1342257,21
1342261,27
1342282,68
1342285,206
1342302,19
1342325,677
1342335,26
1342369,65
1342402,23
1342464,35
1342514,174
1342515,26
1342559,2934
1342567,78
1342575,43
1342588,22
1342647,56
1342660,16
1342670,32
1342767,16
1342773,270
1342846,16
1342872,65
1342891,16
1342941,29
1342947,16
1342971,50
1343052,220
1343077,54
1343165,37
1343167,24
1343168,22
1343223,21
1343275,19
1343290,27
1343352,24
1343382,154
1343405,397
1343414,17
1343438,50
1343451,16
1343453,58
1343467,27
1343491,38
1343523,19
1343549,28
1343558,25
1343561,16
1343589,1800
1343603,20
1343604,143
1343620,26
1343711,129
1343712,82
1343716,21
1343749,20
1343752,18
1343793,17
1343795,30
1343815,17
1343852,21
1343858,112
1343907,22
1343967,23
1343969,21
1343989,32
1344007,57
1344170,409
1344178,49
1344191,18
1344207,22
1344211,25
1344248,19
1344251,27
1344258,86
1344281,18
1344286,29
1344347,17
1344363,18
1344369,17
1344411,92
1344448,22
1344476,41
1344482,334
1344520,19
1344523,27
1344552,29
1344579,23
1344608,51
1344662,49
1344853,19
1344877,482
1344891,44
1344933,23
1344954,16
1344964,30
1344992,22
1345001,444
1345021,21
1345050,21
1345078,37
1345085,17
1345102,44
1345112,62
1345119,32
1345170,27
1345181,30
1345190,19
1345228,32
1345230,95
1345237,25
1345243,25
1345244,118
1345309,21
1345313,106
1345340,17
1345374,21
1345412,57
1345415,16
1345451,27
1345454,166
1345456,18
1345459,233
1345470,19
1345493,198
1345528,111
1345558,25
1345571,89
1345580,34
1345594,2401
1345612,26
1345625,54
1345628,33
1345647,23
1345817,48
1345914,17
1345966,16
1346013,20
1346018,19
1346026,37
1346054,35
1346066,109
1346101,275
1346165,127
1346172,87
1346186,21
1346198,29
1346201,88
1346240,55
1346274,33
1346355,91
1346356,54
1346454,26
1346459,26
1346487,28
1346518,16
1346522,110
1346531,34
1346549,43
1346567,72
1346578,34
1346579,24
1346594,23
1346604,131
1346626,17
1346648,16
1346664,174
1346682,32
1346793,16
1346821,18
1346857,35
1346863,749
1346882,61
1346927,34
1346933,21
1346978,17
1346993,20
1347021,55
1347059,18
1347147,33
1347190,20
1347236,29
1347242,39
1347267,17
1347304,21
1347334,34
1347342,776
1347344,702
1347353,321
1347386,21
1347420,19
1347496,22
1347517,346
1347521,23
1347523,37
1347594,21
1347632,16
1347654,37
1347658,17
1347685,59
1347721,127
1347736,21
1347753,17
1347767,28
1347847,17
1347860,53
1347932,82
1347978,33
1348010,33
1348016,33
1348051,133
1348052,43
1348057,98
1348060,49
1348081,158
1348082,90
1348112,29
1348123,25
1348132,16
1348153,20
1348174,18
1348199,157
1348205,86
1348217,32
1348236,47
1348262,48
1348271,27
1348272,48
1348367,20
1348395,1668
1348421,20
1348462,19
1348472,21
1348528,53
1348553,31
1348567,50
1348570,34
1348577,18
1348587,29
1348615,20
1348669,44
1348704,22
1348718,37
1348727,18
1348735,24
1348743,58
1348800,19
1348818,18
1348823,24
1348844,28
1348885,19
1348890,19
1348909,29
1348923,19
1348925,382
1348929,28
1348967,19
1349005,31
1349088,17
1349098,111
1349139,32
1349149,69
1349215,20
1349216,19
1349232,16
1349260,143
1349273,17
1349323,17
1349361,23
1349381,34
1349401,43
1349461,18
1349495,40
1349510,25
1349515,17
1349532,54
1349553,22
1349580,26
1349679,39
1349711,317
1349720,26
1349765,27
1349773,33
1349880,614
1349887,29
1349909,21
1349926,21
1349968,39
1350002,17
1350004,29
1350017,18
1350018,45
1350122,87
1350128,50
1350175,22
1350185,29
1350228,202
1350274,22
1350290,33
1350300,21
1350391,116
1350403,312
1350404,23
1350481,123
1350491,25
1350516,34
1350521,79
1350563,119
1350565,39
1350581,18
1350605,36
1350618,25
1350632,45
1350654,35
1350663,19
1350674,16
1350693,56
1350715,19
1350740,25
1350803,72
1350869,30
1350883,73
1350938,16
1350944,19
1350957,24
1350965,37
1350969,48
1350981,55
1350992,1876
1351005,29
1351036,18
1351044,46
1351091,42
1351114,37
1351190,1570
1351203,23
1351241,49
1351291,18
1351307,89
1351325,33
1351334,20
1351352,24
1351354,16
1351388,114
1351399,28
1351417,41
1351468,293
1351491,805
1351499,25
1351515,27
1351567,23
1351611,50
1351652,22
1351694,18
1351750,24
1351771,30
1351804,46
1351895,54
1351921,41
1351962,45
1351968,22
1352057,18
1352063,21
1352070,16
1352071,24
1352088,38
1352092,18
1352139,33
1352145,27
1352168,69
1352247,28
1352266,21
1352291,38
1352330,42
1352411,41
1352442,18
1352449,27
1352481,104
1352495,36
1352561,28
1352584,23
1352707,17
1352711,115
1352722,18
1352776,24
1352904,81
1353016,18
1353028,17
1353106,33
1353173,17
1353176,329
1353186,28
1353289,59
1353339,23
1353344,263
1353359,16
1353369,24
1353382,19
1353416,16
1353436,20
1353447,21
1353454,16
1353474,26
1353485,48
1353496,55
1353497,21
1353508,18
1353510,25
1353530,17
1353796,27
1353814,29
1353872,16
1353906,22
1353929,33
1353941,23
1353944,132
1353947,52
1353966,77
1353982,51
1353984,26
1354064,18
1354195,31
1354204,142
1354211,26
1354212,31
1354281,18
1354384,23
1354397,24
1354490,49
1354524,212
1354534,30
1354568,17
1354580,16
1354590,1470
1354642,70
1354721,27
1354728,33
1354746,17
1354810,40
1354822,22
1354824,32
1354828,56
1354840,20
1354892,41
1354918,16
1354919,66
1354944,18
1354978,24
1354986,22
1355003,44
1355015,17
1355067,28
1355127,21
1355166,42
1355174,16
1355181,61
1355182,26
1355207,245
1355317,30
1355375,33
1355377,26
1355426,28
1355494,30
1355530,53
1355582,27
1355584,22
1355605,20
1355616,45
1355617,38
1355624,27
1355677,65
1355697,21
1355734,72
1355791,20
1355810,37
1355812,23
1355834,24
1355928,41
1355983,30
1356034,16
1356063,17
1356073,26
1356083,21
1356111,16
1356153,47
1356171,17
1356275,16
1356302,30
1356309,91
1356310,192
1356375,19
1356426,201
1356444,36
1356474,98
1356493,25
1356589,62
1356595,20
1356659,54
1356695,24
1356729,29
1356733,155
1356780,17
1356816,16
1356824,20
1356844,18
1356861,25
1356873,38
1356888,21
1356906,95
1356922,19
1356929,21
1356951,30
1356976,22
1356987,22
1357024,41
1357048,17
1357281,43
1357301,36
1357311,19
1357312,32
1357315,193
1357337,26
1357362,77
1357365,37
1357371,16
1357379,29
1357393,24
1357443,56
1357445,79
1357502,19
1357507,647
1357508,45
1357518,169
1357548,45
1357651,26
1357674,26
1357767,19
1357768,108
1357785,40
1357830,26
1357838,100
1357861,87
1357888,179
1357984,31
1358015,33
1358082,21
1358106,18
1358176,20
1358193,16
1358214,45
1358227,27
1358249,57
1358281,18
1358304,21
1358318,24
1358376,93
1358406,66
1358479,25
1358508,151
1358533,25
1358542,31
1358580,18
1358593,24
1358600,36
1358605,18
1358613,22
1358621,18
1358624,57
1358658,77
1358716,18
1358798,21
1358860,31
1358861,25
1358884,37
1358934,167
1358944,76
1358955,62
1358978,26
1359003,41
1359050,57
1359071,30
1359074,29
1359108,20
1359172,17
1359209,22
1359217,19
1359281,24
1359295,19
1359331,22
1359353,18
1359366,43
1359410,21
1359418,17
1359451,22
1359461,32
1359483,60
1359484,25
1359495,19
1359514,16
1359515,455
1359591,135
1359614,31
1359639,210
1359666,37
1359678,21
1359730,72
1359749,83
1359772,35
1359780,60
1359814,16
1359848,28
1359887,21
1359890,22
1359900,38
1359969,17
1360019,17
1360074,16
1360081,22
1360082,16
1360088,39
1360106,16
1360187,35
1360192,26
1360204,42
1360269,67
1360271,617
1360276,72
1360280,30
1360358,698
1360366,17
1360427,244
1360484,45
1360495,16
1360568,43
1360596,18
1360604,46
1360626,18
1360632,18
1360661,160
1360703,27
1360794,16
1360805,50
1360806,32
1360866,67
1360871,67
1360925,17
1360936,25
1360943,68
1360978,18
1360998,68
1361008,54
1361073,23
1361086,18
1361135,27
1361153,28
1361160,29
1361173,388
1361180,30
1361195,273
1361275,20
1361279,20
1361355,22
1361372,24
1361405,18
1361447,79
1361453,27
1361511,18
1361528,42
1361536,27
1361605,75
1361665,21
1361676,670
1361729,19
1361733,18
1361746,17
1361841,34
1361880,31
1361948,18
1361961,23
1362015,16
1362029,43
1362059,25
1362063,17
1362072,21
1362096,27
1362104,30
1362107,16
1362108,21
1362129,85
1362158,104
1362159,21
1362166,18
1362232,18
1362235,32
1362281,205
1362317,22
1362325,625
1362334,47
1362340,19
1362367,22
1362375,121
1362385,34
1362478,25
1362495,70
1362584,29
1362625,20
1362686,40
1362806,59
1362836,29
1362897,24
1362924,18
1362925,22
1362953,32
1362976,52
1362979,49
1362986,249
1363008,18
1363020,30
1363049,32
1363117,17
1363134,61
1363172,19
1363174,39
1363207,1324
1363242,26
1363269,42
1363275,25
1363279,57
1363310,49
1363338,37
1363345,32
1363382,23
1363393,69
1363453,590
1363463,24
1363483,23
1363520,21
1363536,64
1363609,19
1363643,29
1363650,152
1363699,60
1363729,40
1363734,296
1363751,30
1363824,83
1363835,29
1363839,34
1363855,87
1363861,18
1363876,20
1363890,28
1364003,18
1364030,17
1364111,359
1364122,17
1364148,70
1364164,50
1364198,35
1364241,21
1364247,351
1364250,18
1364260,33
1364295,46
1364323,37
1364379,361
1364395,18
1364402,31
1364408,43
1364412,23
1364440,16
1364494,26
1364560,19
1364583,29
1364584,25
1364656,18
1364697,42
1364704,251
1364709,29
1364721,37
1364745,60
1364746,17
1364783,71
1364792,32
1364802,25
1364803,16
1364813,28
1364832,17
1364840,19
1364907,51
1364983,25
1364993,34
1365007,16
1365027,21
1365042,33
1365049,16
1365081,56
1365242,23
1365256,20
1365262,125
1365267,16
1365301,45
1365334,16
1365372,94
1365447,36
1365489,242
1365608,30
1365626,40
1365627,247
1365636,20
1365699,49
1365700,17
1365701,29
1365715,48
1365720,20
1365747,124
1365751,24
1365784,16
1365832,22
1365840,43
1365869,31
1365870,91
1365897,44
1365938,18
1365966,16
1365979,28
1365999,22
1366008,30
1366108,30
1366139,21
1366248,32
1366270,36
1366300,22
1366337,21
1366353,45
1366377,18
1366402,46
1366409,27
1366415,17
1366458,284
1366486,67
1366508,86
1366513,19
1366533,17
1366534,59
1366575,23
1366608,61
1366610,187
1366628,21
1366646,43
1366727,125
1366783,27
1366795,100
1366814,103
1366912,36
1366927,46
1366928,28
1366929,18
1366948,20
1366990,31
1367029,38
1367036,26
1367119,42
1367199,94
1367208,17
1367214,48
1367230,555
1367243,21
1367253,64
1367257,22
1367260,73
1367270,72
1367271,241
1367280,18
1367317,17
1367321,139
1367324,38
1367360,24
1367381,20
1367480,33
1367484,22
1367496,16
1367513,43
1367528,23
1367603,46
1367676,32
1367727,21
1367756,46
1367768,24
1367785,28
1367791,32
1367827,24
1367844,32
1367853,17
1367968,23
1368028,39
1368101,19
1368121,39
1368137,18
1368148,29
1368181,16
1368231,412
1368249,1233
1368252,27
1368270,16
1368284,18
1368342,61
1368380,345
1368382,159
1368411,56
1368445,16
1368573,36
1368581,24
1368606,18
1368607,161
1368621,19
1368636,44
1368654,38
1368667,25
1368704,17
1368730,35
1368746,19
1368748,16
1368823,83
1368835,16
1368870,21
1368914,30
1368942,19
1368966,25
1368969,19
1369049,29
1369115,115
1369189,67
1369209,17
1369213,38
1369238,29
1369275,69
1369297,89
1369323,23
1369345,23
1369349,77
1369380,18
1369402,26
1369417,20
1369502,49
1369551,19
1369602,16
1369603,59
1369711,18
1369724,61
1369740,54
1369750,86
1369856,53
1369908,22
1369953,20
1369976,17
1370030,16
1370086,19
1370155,83
1370244,51
1370267,35
1370307,179
1370447,31
1370510,25
1370517,24
1370523,24
1370543,16
1370546,36
1370701,20
1370744,97
1370762,24
1370780,44
1370827,24
1370885,22
1370895,38
1370944,20
1370946,46
1370963,97
1370968,30
1370974,35
1371015,21
1371016,18
1371031,1044
1371040,58
1371049,22
1371117,16
1371121,20
1371174,74
1371256,918
1371309,65
1371313,16
1371331,29
1371334,31
1371353,21
1371360,343
1371376,16
1371389,18
1371399,27
1371421,157
1371451,17
1371460,19
1371504,18
1371564,17
1371570,40
1371633,41
1371650,17
1371660,22
1371661,41
1371778,33
1371793,64
1371807,1930
1371851,47
1371854,18
1371871,28
1371948,16
1371983,21
1372018,59
1372022,55
1372025,17
1372085,25
1372115,16
1372219,39
1372224,97
1372233,47
1372248,23
1372251,18
1372276,53
1372278,37
1372280,36
1372333,82
1372372,42
1372398,23
1372433,24
1372443,304
1372473,90
1372489,24
1372509,55
1372531,33
1372534,142
1372560,20
1372577,20
1372651,38
1372659,170
1372672,22
1372681,27
1372689,20
1372706,80
1372708,19
1372755,143
1372794,22
1372861,20
1372868,278
1372878,72
1372886,25
1372898,889
1372917,17
1372919,18
1372959,1709
1372991,22
1373069,57
1373114,29
1373180,39
1373241,36
1373263,29
1373264,24
1373276,38
1373284,27
1373322,59
1373357,27
1373377,59
1373438,22
1373506,35
1373543,124
1373619,21
1373722,16
1373727,156
1373746,24
1373858,45
1373894,25
1373923,17
1373927,23
1373950,25
1373981,20
1374009,66
1374018,40
1374025,23
1374157,74
1374174,894
1374227,18
1374230,41
1374295,23
1374312,16
1374356,20
1374393,154
1374424,16
1374438,245
1374453,27
1374456,75
1374460,25
1374477,28
1374493,53
1374541,60
1374601,25
1374614,58
1374629,24
1374651,97
1374665,17
1374702,54
1374718,23
1374783,27
1374817,19
1374840,37
1374864,20
1374886,106
1374912,32
1374923,38
1374933,42
1374936,17
1374972,21
1374983,16
1374990,19
1375005,22
1375032,29
1375097,16
1375148,17
1375168,31
1375178,19
1375215,56
1375234,72
1375280,33
1375313,26
1375429,21
1375465,331
1375513,16
1375526,167
1375530,69
1375549,64
1375603,20
1375619,18
1375636,29
1375651,18
1375662,169
1375669,25
1375710,25
1375739,18
1375792,33
1375797,19
1375918,20
1375921,45
1375933,59
1375974,16
1375986,20
1376039,29
1376048,16
1376157,21
1376173,32
1376187,18
1376230,175
1376327,19
1376328,31
1376387,50
1376396,17
1376413,16
1376423,349
1376431,22
1376434,17
1376437,26
1376445,45
1376451,41
1376499,72
1376508,116
1376554,26
1376590,22
1376595,18
1376710,82
1376712,842
1376719,321
1376788,39
1376826,16
1376848,87
1376884,98
1376890,35
1376979,203
1376986,1438
1376990,582
1377036,20
1377056,60
1377082,32
1377142,18
1377148,16
1377195,22
1377213,41
1377229,26
1377239,22
1377345,44
1377385,30
1377400,17
1377401,85
1377420,35
1377507,115
1377511,20
1377547,122
1377548,91
1377563,86
1377571,45
1377601,25
1377607,16
1377629,42
1377637,23
1377648,26
1377673,21
1377736,29
1377792,38
1377794,157
1377822,97
1377835,200
1377896,395
1377967,22
1377999,26
1378021,18
1378044,20
1378057,96
1378082,19
1378091,31
1378144,37
1378150,48
1378223,292
1378250,21
1378286,24
1378385,197
1378412,20
1378429,22
1378502,35
1378513,33
1378550,93
1378567,16
1378568,107
1378598,50
1378614,40
1378623,17
1378670,110
1378684,92
1378713,55
1378810,56
1378900,18
1378926,25
1378978,34
1379001,17
1379035,25
1379065,18
1379082,22
1379125,23
1379139,68
1379222,79
1379252,18
1379254,64
1379277,27
1379328,16
1379434,24
1379443,18
1379504,75
1379560,38
1379583,18
1379600,25
1379632,17
1379646,17
1379733,18
1379762,26
1379770,41
1379788,33
1379796,75
1379797,24
1379837,56
1379842,107
1379864,55
1379873,21
1379918,18
1379920,22
1379942,89
1379953,28
1379956,44
1379957,64
1379972,34
1379974,65
1380027,24
1380048,23
1380057,17
1380081,21
1380099,57
1380115,18
1380154,18
1380246,31
1380271,32
1380282,76
1380283,42
1380383,24
1380398,28
1380429,22
1380448,529
1380461,21
1380500,138
1380519,54
1380531,265
1380545,18
1380555,31
1380623,92
1380716,23
1380789,26
1380791,36
1380811,153
1380822,31
1380826,120
1380840,17
1380926,23
1380927,22
1380955,21
1380958,25
1380967,21
1380968,36
1381074,43
1381090,80
1381098,20
1381112,16
1381143,19
1381145,121
1381190,23
1381198,18
1381257,257
1381313,167
1381315,18
1381353,26
1381448,17
1381509,34
1381516,124
1381590,63
1381617,29
1381640,17
1381708,49
1381768,50
1381835,18
1381871,17
1381872,22
1381891,22
1381934,16
1381956,230
1382085,139
1382101,16
1382108,17
1382149,35
1382191,35
1382194,21
1382209,20
1382237,22
1382296,16
1382314,32
1382372,147
1382374,44
1382377,26
1382443,40
1382444,21
1382471,53
1382472,59
1382499,363
1382511,17
1382535,45
1382622,178
1382667,251
1382708,28
1382722,18
1382751,19
1382797,61
1382800,143
1382802,19
1382828,20
1382888,60
1382907,593
1382945,36
1383068,21
1383142,63
1383178,71
1383186,18
1383205,23
1383211,25
1383239,22
1383280,17
1383307,64
1383313,29
1383325,32
1383338,662
1383344,19
1383432,39
1383487,24
1383492,758
1383500,477
1383520,34
1383540,28
1383541,40
1383583,35
1383607,18
1383624,85
1383633,19
1383637,31
1383695,34
1383702,132
1383750,60
1383751,23
1383754,20
1383847,19
1383873,1314
1383952,18
1384004,32
1384005,107
1384008,33
1384067,51
1384085,62
1384097,94
1384109,17
1384114,16
1384128,31
1384129,49
1384163,20
1384168,18
1384229,20
1384265,59
1384363,51
1384379,41
1384417,151
1384480,21
1384492,18
1384553,16
1384574,30
1384648,16
1384676,66
1384681,21
1384709,32
1384720,43
1384729,28
1384745,139
1384828,38
1384892,20
1384903,18
1384914,70
1384931,46
1385038,20
1385070,31
1385073,46
1385075,55
1385102,198
1385104,199
1385137,41
1385160,16
1385188,29
1385208,21
1385241,23
1385298,17
1385443,17
1385506,51
1385569,18
1385574,21
1385656,35
1385661,26
1385692,26
1385693,18
1385716,288
1385725,23
1385771,18
1385801,19
1385818,51
1385847,39
1385862,51
1385874,18
1385882,20
1385892,70
1385898,32
1385928,21
1386012,16
1386130,33
1386155,17
1386171,58
1386176,17
1386232,20
1386302,37
1386307,21
1386356,65
1386475,95
1386534,26
1386550,16
1386573,37
1386580,23
1386582,24
1386634,53
1386635,319
1386670,18
1386706,42
1386755,63
1386774,88
1386781,19
1386790,35
1386821,16
1386856,31
1386861,705
1386965,16
1386973,40
1387008,30
1387020,16
1387033,36
1387107,106
1387154,99
1387196,16
1387223,27
1387232,63
1387233,66
1387246,53
1387272,36
1387299,18
1387310,26
1387411,24
1387418,429
1387525,32
1387545,18
1387608,23
1387609,53
1387619,24
1387726,149
1387729,165
1387772,57
1387825,75
1387886,79
1387927,60
1387940,88
1388002,18
1388041,22
1388089,22
1388101,22
1388127,23
1388133,21
1388138,27
1388213,70
1388251,16
1388318,18
1388357,56
1388365,337
1388394,35
1388422,98
1388637,502
1388641,26
1388668,586
1388669,91
1388683,18
1388714,22
1388733,48
1388756,174
1388758,43
1388789,17
1388799,792
1388803,18
1388807,350
1388825,23
1388827,104
1388908,58
1388920,16
1388929,49
1388955,46
1388994,19
1389014,99
1389016,18
1389059,24
1389092,36
1389129,24
1389144,28
1389145,63
1389150,22
1389151,17
1389203,110
1389226,23
1389285,17
1389347,18
1389373,62
1389385,72
1389398,46
1389456,45
1389460,36
1389476,27
1389477,33
1389487,792
1389513,60
1389520,18
1389529,465
1389569,38
1389640,65
1389840,257
1389886,16
1389887,17
1389954,19
1390031,51
1390049,97
1390073,138
1390108,35
1390180,21
1390211,63
1390273,49
1390301,611
1390365,44
1390399,25
1390400,20
1390431,24
1390443,22
1390446,29
1390450,24
1390455,20
1390517,52
1390537,31
1390605,67
1390613,20
1390617,39
1390674,34
1390675,28
1390684,43
1390774,93
1390776,23
1390787,21
1390804,154
1390850,22
1390935,74
1390986,23
1390993,23
1391071,96
1391086,73
1391092,25
1391117,20
1391128,20
1391166,49
1391167,19
1391184,96
1391186,38
1391189,31
1391215,18
1391219,77
1391300,386
1391330,22
1391391,26
1391413,41
1391444,19
1391484,21
1391498,108
1391536,52
1391537,43
1391548,26
1391583,196
1391683,19
1391756,36
1391771,38
1391775,83
1391905,17
1391984,69
1391986,63
1391992,80
1392014,27
1392073,24
1392099,19
1392101,26
1392127,175
1392136,37
1392141,16
1392149,46
1392256,309
1392304,133
1392314,29
1392381,145
1392460,18
1392461,41
1392494,75
1392528,28
1392560,55
1392620,43
1392625,33
1392647,16
1392648,18
1392658,200
1392683,17
1392689,29
1392718,17
1392729,471
1392745,24
1392748,75
1392770,26
1392775,93
1392809,16
1392815,563
1392828,19
1392839,20
1392847,19
1392860,60
1392868,28
1392899,22
1392919,23
1392929,16
1392951,42
1393003,18
1393058,29
1393076,38
1393107,171
1393188,16
1393219,20
1393264,18
1393277,20
1393310,56
1393319,47
1393366,17
1393368,40
1393396,34
1393460,100
1393495,30
1393499,22
1393567,40
1393572,143
1393609,27
1393623,16
1393728,23
1393755,20
1393758,134
1393782,18
1393799,39
1393829,35
1393834,45
1393848,411
1393859,17
1393869,22
1393911,21
1393920,74
1393924,78
1393926,22
1393933,19
1393994,17
1394092,155
1394116,20
1394156,52
1394162,48
1394208,75
1394220,25
1394291,17
1394300,166
1394308,59
1394311,21
1394320,370
1394323,599
1394327,24
1394339,134
1394357,16
1394383,39
1394410,18
1394411,18
1394427,17
1394433,61
1394444,21
1394452,23
1394525,30
1394543,663
1394634,32
1394640,22
1394649,21
1394651,25
1394663,68
1394673,18
1394679,48
1394750,52
1394779,16
1394854,21
1394879,26
1394912,25
1394953,23
1395014,60
1395043,96
1395066,93
1395067,17
1395071,44
1395121,22
1395134,29
1395222,29
1395224,17
1395258,27
1395259,377
1395265,105
1395268,30
1395288,38
1395325,22
1395382,45
1395415,31
1395482,92
1395499,59
1395518,95
1395569,211
1395603,28
1395608,55
1395665,17
1395713,196
1395756,19
1395832,803
1395865,26
1395872,1067
1395934,34
1395938,49
1395939,479
1395954,35
1395986,21
1395991,19
1396037,34
1396184,21
1396185,19
1396226,31
1396227,22
1396254,20
1396337,21
1396384,34
1396417,152
1396455,54
1396548,30
1396574,16
1396580,26
1396600,76
1396602,48
1396603,21
1396616,20
1396632,334
1396633,21
1396647,55
1396666,75
1396680,16
1396682,24
1396687,33
1396709,25
1396714,33
1396749,19
1396773,88
1396805,20
1396820,19
1396874,30
1397036,133
1397075,444
1397099,52
1397102,67
1397203,18
1397294,17
1397302,1813
1397339,25
1397341,21
1397417,100
1397458,29
1397462,57
1397472,17
1397499,42
1397524,21
1397546,19
1397576,21
1397597,46
1397665,165
1397815,169
1397871,18
1397899,30
1397918,74
1397928,25
1397930,76
1397935,23
1397951,52
1398023,37
1398084,503
1398094,30
1398118,29
1398129,34
1398184,42
1398220,21
1398241,246
1398247,53
1398273,46
1398286,59
1398299,44
1398333,16
1398373,41
1398379,26
1398424,28
1398470,18
1398579,35
1398619,39
1398652,24
1398663,28
1398679,57
1398695,22
1398706,25
1398752,933
1398760,21
1398773,164
1398820,30
1398846,25
1398881,40
1398946,339
1398947,43
1398952,27
1398968,17
1399029,71
1399051,20
1399086,103
1399103,51
1399123,17
1399130,32
1399186,92
1399274,33
1399308,42
1399317,26
1399329,18
1399352,26
1399365,19
1399392,26
1399405,59
1399412,28
1399429,39
1399443,57
1399460,33
1399538,20
1399563,23
1399574,100
1399576,21
1399578,71
1399587,23
1399603,84
1399724,51
1399799,19
1399814,19
1399939,48
1399967,21
1399990,36
1400016,18
1400017,36
1400018,43
1400023,37
1400055,126
1400060,65
1400062,19
1400070,60
1400104,44
1400105,17
1400116,42
1400145,90
1400364,28
1400401,28
1400415,22
1400418,20
1400438,60
1400490,36
1400500,62
1400518,25
1400542,19
1400569,79
1400606,409
1400688,47
1400693,23
1400700,23
1400761,80
1400773,88
1400855,31
1400869,742
1400875,16
1400896,83
1400908,21
1400925,19
1400950,69
1400954,21
1400982,17
1401077,31
1401141,17
1401179,21
1401182,46
1401183,47
1401211,37
1401258,77
1401289,18
1401303,25
1401309,85
1401353,33
1401399,18
1401416,20
1401431,23
1401434,19
1401435,43
1401492,16
1401493,42
1401523,33
1401533,31
1401535,49
1401537,33
1401542,37
1401560,23
1401589,17
1401599,51
1401652,34
1401654,20
1401667,85
1401674,31
1401744,2746
1401757,75
1401807,39
1401813,31
1401819,20
1401831,56
1401836,16
1401850,24
1401853,23
1401873,78
1401874,17
1401889,36
1401906,22
1401919,26
1401932,19
1401938,43
1402020,38
1402123,120
1402156,22
1402157,21
1402158,3394
1402177,79
1402182,41
1402217,25
1402241,87
1402261,23
1402279,40
1402283,75
1402284,51
1402357,35
1402362,18
1402369,23
1402401,31
1402428,139
1402429,41
1402461,40
1402542,34
1402543,78
1402675,29
1402696,28
1402751,3384
1402784,31
1402815,29
1402831,159
1402848,19
1402865,46
1402906,26
1402913,20
1402924,20
1402985,157
1403033,63
1403038,20
1403043,16
1403079,21
1403084,32
1403119,715
1403122,28
1403182,101
1403203,23
1403257,18
1403258,17
1403271,16
1403308,31
1403320,18
1403335,82
1403366,16
1403370,34
1403389,67
1403412,49
1403505,17
1403514,22
1403573,27
1403574,78
1403581,108
1403613,237
1403636,23
1403667,17
1403742,82
1403803,19
1403824,122
1403832,19
1403842,42
1403870,22
1403874,32
1403886,31
1403966,17
1404015,54
1404095,23
1404218,20
1404238,18
1404241,40
1404262,43
1404291,53
1404293,50
1404296,441
1404313,40
1404318,20
1404347,26
1404402,18
1404417,17
1404425,40
1404447,43
1404451,41
1404458,16
1404470,22
1404471,61
1404518,22
1404549,19
1404554,33
1404584,36
1404603,22
1404641,168
1404646,20
1404649,24
1404703,34
1404757,34
1404793,19
1404819,88
1404820,39
1404862,54
1404876,75
1404901,235
1404933,21
1404990,19
1405007,65
1405044,45
1405086,16
1405093,24
1405099,28
1405130,29
1405134,146
1405187,19
1405245,31
1405265,27
1405389,126
1405550,36
1405563,55
1405660,1274
1405764,20
1405778,23
1405797,16
1405848,21
1405900,26
1405941,28
1405946,17
1405948,20
1405990,29
1406010,16
1406014,44
1406093,35
1406103,19
1406106,65
1406168,21
1406176,219
1406183,60
1406224,20
1406226,39
1406227,16
1406228,16
1406229,863
1406251,50
1406309,18
1406338,44
1406351,19
1406371,41
1406429,21
1406538,61
1406580,19
1406599,18
1406609,33
1406615,40
1406658,70
1406674,325
1406743,30
1406771,23
1406807,28
1406865,18
1406903,16
1406942,19
1407044,21
1407057,23
1407058,38
1407135,88
1407146,85
1407197,16
1407198,16
1407210,60
1407215,29
1407313,31
1407380,16
1407382,17
1407394,414
1407436,29
1407478,21
1407488,45
1407508,87
1407515,25
1407544,47
1407556,18
1407610,37
1407687,210
1407715,104
1407804,28
1407808,20
1407813,18
1407855,26
1407867,31
1407868,149
1407889,93
1407894,23
1407963,33
1407969,24
1407998,21
1408071,35
1408112,466
1408135,58
1408174,23
1408190,19
1408200,25
1408289,95
1408293,26
1408313,115
1408335,24
1408443,62
1408610,17
1408649,27
1408658,37
1408669,38
1408691,51
1408699,24
1408732,75
1408759,152
1408809,19
1408957,18
1408972,17
1408989,22
1409011,18
1409032,578
1409139,35
1409172,67
1409189,88
1409193,18
1409220,28
1409228,114
1409273,24
1409302,29
1409394,17
1409475,218
1409485,30
1409561,111
1409617,38
1409656,60
1409657,24
1409686,66
1409699,76
1409721,1133
1409843,182
1409856,48
1409865,1797
1409872,26
1409878,17
1409953,30
1409955,16
1409995,20
1410036,18
1410046,20
1410047,21
1410059,21
1410071,23
1410100,69
1410123,22
1410129,224
1410134,28
1410195,28
1410207,132
1410212,37
1410230,77
1410253,16
1410275,197
1410284,38
1410292,28
1410309,30
1410380,108
1410439,164
1410457,26
1410504,18
1410513,31
1410527,16
1410573,17
1410575,19
1410591,57
1410597,24
1410664,51
1410665,68
1410698,35
1410721,67
1410821,30
1410901,35
1410959,79
1410960,48
1410989,17
1410991,72
1411006,62
1411037,19
1411240,21
1411250,17
1411306,16
1411336,23
1411368,75
1411438,50
1411445,45
1411476,18
1411546,46
1411560,86
1411611,24
1411614,134
1411629,29
1411678,28
1411714,34
1411772,16
1411815,116
1411863,38
1411867,73
1411898,102
1411899,18
1411911,26
1411927,209
1411965,18
1411973,50
1412003,36
1412018,31
1412050,139
1412122,16
1412165,23
1412166,16
1412195,45
1412227,56
1412241,45
1412279,126
1412299,24
1412308,19
1412328,28
1412337,17
1412347,164
1412359,21
1412361,97
1412365,17
1412424,182
1412431,29
1412463,414
1412491,30
1412584,396
1412587,16
1412612,17
1412613,143
1412664,29
1412687,37
1412694,21
1412728,234
1412748,39
1412750,57
1412801,61
1412831,212
1412898,35
1412936,24
1412971,255
1412974,26
1413004,53
1413011,237
1413058,44
1413143,30
1413157,25
1413248,22
1413306,28
1413309,31
1413315,32
1413333,27
1413334,34
1413486,95
1413558,1528
1413579,48
1413584,37
1413592,62
1413631,17
1413632,23
1413652,205
1413694,21
1413721,22
1413757,56
1413797,34
1413827,22
1413849,20
1413867,21
1413868,28
1413870,24
1413878,18
1413963,29
1413974,41
1414002,145
1414019,19
1414022,22
1414024,21
1414050,19
1414066,17
1414069,26
1414141,17
1414142,19
1414152,46
1414166,35
1414305,78
1414416,42
1414432,32
1414470,16
1414484,17
1414504,19
1414506,41
1414512,24
1414521,20
1414522,30
1414530,32
1414547,31
1414569,29
1414604,47
1414612,21
1414660,21
1414711,32
1414728,34
1414761,37
1414765,51
1414766,22
1414769,150
1414793,171
1414846,32
1414853,32
1415065,25
1415101,26
1415163,17
1415181,17
1415187,56
1415192,58
1415218,19
1415251,278
1415268,65
1415281,44
1415297,173
1415324,46
1415329,18
1415386,82
1415390,38
1415409,28
1415429,22
1415446,71
1415467,145
1415539,24
1415543,30
1415558,47
1415584,56
1415620,400
1415657,23
1415720,34
1415815,48
1415852,18
1415887,16
1415971,17
1415998,99
1416036,1126
1416084,20
1416139,28
1416163,17
1416187,38
1416213,42
1416224,468
1416363,61
1416442,18
1416459,33
1416472,34
1416480,18
1416495,19
1416541,29
1416546,31
1416639,19
1416643,80
1416717,18
1416719,59
1416721,141
1416727,21
1416728,54
1416741,23
1416761,22
1416796,24
1416844,34
1416865,19
1416866,23
1416909,50
1416941,407
1416975,21
1416977,22
1417065,64
1417182,33
1417241,28
1417276,17
1417279,23
1417280,47
1417408,29
1417444,73
1417479,20
1417546,219
1417559,36
1417583,26
1417588,265
1417595,67
1417636,27
1417687,19
1417728,89
1417794,45
1417851,53
1417859,17
1417912,27
1417936,25
1417984,38
1417998,35
1418003,668
1418011,40
1418117,44
1418125,1706
1418134,18
1418144,26
1418156,186
1418177,28
1418225,23
1418243,31
1418256,32
1418383,21
1418408,61
1418418,22
1418505,42
1418644,20
1418670,29
1418676,24
1418678,119
1418721,470
1418733,44
1418761,33
1418782,25
1418816,21
1418821,869
1418846,70
1418877,26
1418897,34
1418955,19
1418983,35
1419022,30
1419033,18
1419068,23
1419107,21
1419110,17
1419120,22
1419125,35
1419148,143
1419159,24
1419169,132
1419199,17
1419205,17
1419217,18
1419273,63
1419319,22
1419345,18
1419365,19
1419433,130
1419438,17
1419542,25
1419583,178
1419593,18
1419626,29
1419693,19
1419695,39
1419718,18
1419722,234
1419744,43
1419754,19
1419844,34
1419866,28
1419895,37
1419939,35
1419956,38
1419966,29
1419982,16
1419992,23
1420065,18
1420078,16
1420152,18
1420196,372
1420198,22
1420239,22
1420258,35
1420323,16
1420371,18
1420388,23
1420410,64
1420501,101
1420509,68
1420536,21
1420575,49
1420588,17
1420614,59
1420629,53
1420704,90
1420726,20
1420731,25
1420756,20
1420829,25
1420837,20
1420876,62
1420962,75
1420972,117
1420973,67
1420992,26
1421001,25
1421005,44
1421013,42
1421044,57
1421072,61
1421086,22
1421090,30
1421142,24
1421143,21
1421155,21
1421165,226
1421278,17
1421309,17
1421314,72
1421346,23
1421355,18
1421367,47
1421369,21
1421375,30
1421376,31
1421460,128
1421472,728
1421484,17
1421541,18
1421584,37
1421651,23
1421677,17
1421704,165
1421729,151
1421733,35
1421818,75
1421820,47
1421824,54
1421856,19
1421893,103
1421939,458
1421958,53
1421960,26
1421989,27
1421991,29
1422200,42
1422245,16
1422249,22
1422256,34
1422380,31
1422415,27
1422418,18
1422420,49
1422446,16
1422521,85
1422541,22
1422596,29
1422600,61
1422607,19
1422608,20
1422644,34
1422671,24
1422676,54
1422678,48
1422691,17
1422736,17
1422778,19
1422780,33
1422802,36
1422805,27
1422817,55
1422904,19
1422959,21
1423079,97
1423097,18
1423162,27
1423174,18
1423178,19
1423192,23
1423219,234
1423247,18
1423253,295
1423292,19
1423325,76
1423355,22
1423377,34
1423417,29
1423472,17
1423489,18
1423562,27
1423570,18
1423595,28
1423618,16
1423628,28
1423684,26
1423702,24
1423703,99
1423717,18
1423736,25
1423766,459
1423769,18
1423806,25
1423825,31
1423866,22
1423927,111
1423963,35
1424041,79
1424108,23
1424130,39
1424160,41
1424236,33
1424240,34
1424251,16
1424267,150
1424283,24
1424291,17
1424320,266
1424359,20
1424360,72
1424372,20
1424390,82
1424456,74
1424481,196
1424503,16
1424514,25
1424579,18
1424626,60
1424628,36
1424653,36
1424665,62
1424759,20
1424763,53
1424805,130
1424822,33
1424832,22
1424882,27
1424892,26
1424902,68
1424912,22
1424919,16
1424935,51
1425009,333
1425028,27
1425036,1394
1425041,31
1425043,49
1425053,34
1425095,26
1425160,22
1425162,36
1425177,60
1425189,22
1425196,16
1425211,49
1425233,26
1425278,57
1425299,16
1425300,120
1425302,34
1425311,18
1425375,45
1425430,38
1425448,20
1425582,74
1425584,98
1425639,20
1425652,30
1425705,18
1425733,57
1425766,43
1425772,22
1425822,53
1425834,27
1425847,21
1425858,22
1425870,40
1425896,37
1425912,26
1425916,23
1425928,17
1425930,18
1425944,41
1426025,40
1426037,18
1426039,30
1426083,20
1426085,85
1426124,30
1426180,20
1426197,17
1426206,234
1426214,24
1426289,80
1426337,78
1426388,16
1426431,31
1426510,81
1426535,24
1426616,135
1426650,213
1426659,28
1426696,32
1426795,137
1426803,26
1426824,256
1426830,24
1426833,25
1426836,16
1426837,58
1426838,207
1426907,21
1426965,31
1426970,65
1426990,52
1427001,16
1427015,95
1427021,23
1427046,40
1427083,18
1427093,41
1427134,24
1427199,16
1427220,16
1427226,150
1427258,46
1427273,52
1427321,30
1427326,26
1427339,58
1427450,71
1427509,17
1427547,21
1427577,24
1427586,29
1427597,19
1427608,80
1427613,18
1427643,65
1427667,47
1427687,158
1427722,48
1427753,18
1427775,193
1427807,23
1427848,17
1427858,17
1427868,18
1427880,18
1428050,72
1428060,18
1428125,23
1428192,29
1428222,24
1428238,18
1428260,26
1428297,17
1428323,20
1428413,34
1428432,118
1428464,20
1428531,22
1428555,20
1428570,40
1428600,247
1428614,35
1428615,20
1428631,26
1428666,33
1428690,26
1428759,44
1428764,20
1428767,1548
1428871,144
1428874,61
1428879,62
1428917,20
1428920,30
1428921,16
1429010,18
1429017,27
1429018,19
1429097,32
1429140,21
1429144,35
1429155,23
1429189,56
1429218,18
1429225,62
1429306,36
1429323,301
1429324,18
1429326,16
1429526,20
1429553,20
1429554,22
1429597,17
1429598,17
1429655,17
1429656,33
1429685,24
1429690,23
1429729,33
1429834,30
1429851,21
1429862,34
1429954,28
1429955,40
1429993,27
1430007,30
1430028,28
1430034,24
1430052,24
1430118,49
1430175,28
1430218,19
1430249,16
1430337,17
1430363,18
1430405,18
1430464,47
1430528,22
1430533,29
1430562,21
1430580,120
1430592,19
1430615,19
1430640,23
1430673,30
1430724,18
1430763,326
1430801,17
1430910,16
1430922,18
1430924,57
1430926,17
1430935,108
1431027,1054
1431042,154
1431058,246
1431128,18
1431152,99
1431195,93
1431215,538
1431243,32
1431325,31
1431338,19
1431358,82
1431359,16
1431379,34
1431435,25
1431439,26
1431449,22
1431463,20
1431487,21
1431546,18
1431566,47
1431579,35
1431621,18
1431700,29
1431724,201
1431762,48
1431774,26
1431787,68
1431817,178
1431825,20
1431917,20
1431919,31
1431931,16
1431935,282
1431963,75
1431993,34
1432014,145
1432179,39
1432186,384
1432205,82
1432223,16
1432315,52
1432334,19
1432371,24
1432449,84
1432469,40
1432518,37
1432523,74
1432534,133
1432557,83
1432565,16
1432597,27
1432603,46
1432658,48
1432694,37
1432708,19
1432728,20
1432738,17
1432761,19
1432829,22
1433044,105
1433058,157
1433076,33
1433093,131
1433142,17
1433147,36
1433163,29
1433252,24
1433272,22
1433274,63
1433276,90
1433311,17
1433313,19
1433337,32
1433416,74
1433417,50
1433420,23
1433422,16
1433472,21
1433527,22
1433541,80
1433543,45
1433556,17
1433558,17
1433582,27
1433593,73
1433625,21
1433644,229
1433651,20
1433657,22
1433689,19
1433736,35
1433786,70
1433796,44
1433844,44
1433855,52
1433864,110
1433945,37
1433955,360
1433981,28
1433996,16
1434001,54
1434006,16
1434007,44
1434008,242
1434035,25
1434131,25
1434136,18
1434140,70
1434191,18
1434199,18
1434200,26
1434217,28
1434228,41
1434304,24
1434306,20
1434311,19
1434377,17
1434388,23
1434404,38
1434440,17
1434457,36
1434469,27
1434503,1013
1434504,34
1434563,73
1434650,303
1434693,754
1434760,21
1434793,29
1434811,23
1434861,16
1434891,24
1434985,21
1435003,60
1435039,109
1435046,101
1435065,19
1435105,22
1435126,24
1435128,145
1435138,90
1435189,108
1435267,22
1435292,19
1435301,18
1435374,18
1435382,21
1435503,34
1435505,95
1435563,30
1435576,31
1435590,37
1435607,23
1435643,20
1435644,24
1435666,62
1435680,28
1435717,410
1435743,25
1435795,21
1435858,27
1435867,26
1435914,73
1435919,23
1435936,42
1436026,22
1436070,88
1436149,30
1436157,29
1436191,169
1436227,25
1436241,67
1436284,67
1436309,24
1436335,40
1436498,26
1436510,18
1436587,139
1436616,20
1436630,18
1436701,493
1436706,78
1436735,22
1436791,31
1436823,20
1436869,22
1436893,22
1436931,22
1436964,18
1437003,36
1437040,21
1437048,16
1437074,27
1437118,227
1437206,22
1437234,30
1437358,26
1437422,46
1437431,20
1437444,20
1437506,25
1437515,20
1437553,26
1437597,130
1437646,17
1437650,22
1437653,19
1437702,45
1437717,44
1437741,33
1437753,17
1437782,23
1437798,22
1437827,20
1437854,17
1437859,432
1437887,58
1437896,44
1437911,20
1437990,23
1437998,19
1438003,122
1438047,35
1438059,18
1438104,161
1438191,19
1438192,24
1438220,18
1438247,44
1438311,48
1438429,17
1438445,27
1438510,328
1438641,53
1438723,26
1438735,16
1438793,156
1438810,66
1438821,16
1438882,16
1438885,24
1438893,19
1438911,27
1438939,23
1438942,31
1439008,43
1439089,17
1439110,18
1439118,32
1439124,72
1439126,16
1439131,46
1439133,52
1439140,18
1439156,61
1439164,17
1439170,84
1439171,22
1439216,110
1439233,30
1439250,40
1439276,22
1439304,16
1439306,21
1439318,91
1439344,37
1439393,43
1439409,85
1439416,22
1439436,29
1439440,440
1439465,64
1439516,27
1439535,50
1439576,27
1439580,16
1439599,95
1439601,34
1439606,24
1439642,18
1439661,18
1439670,24
1439677,18
1439679,65
1439685,16
1439686,31
1439698,17
1439713,201
1439734,21
1439756,28
1439758,17
1439771,333
1439779,22
1439939,451
1439945,35
1439946,1056
1439980,266
1440061,38
1440127,48
1440171,29
1440192,152
1440205,56
1440213,21
1440232,16
1440233,18
1440237,26
1440279,18
1440365,20
1440372,16
1440375,26
1440379,247
1440421,53
1440439,57
1440524,155
1440605,32
1440697,29
1440741,46
1440758,98
1440786,72
1440791,27
1440796,17
1440812,50
1440842,20
1440937,30
1440952,27
1441018,23
1441032,17
1441066,17
1441082,21
1441101,201
1441143,17
1441157,29
1441173,133
1441251,20
1441300,23
1441323,42
1441562,56
1441568,22
1441587,22
1441595,239
1441616,61
1441620,45
1441653,122
1441657,26
1441682,51
1441705,19
1441716,29
1441771,17
1441813,18
1441834,33
1441848,17
1441850,114
1441867,44
1441908,54
1441909,16
1441992,26
1442005,28
1442014,25
1442120,108
1442154,25
1442333,36
1442346,141
1442384,212
1442396,47
1442457,26
1442497,25
1442519,56
1442537,154
1442558,42
1442569,41
1442588,35
1442617,24
1442618,719
1442685,51
1442721,19
1442729,38
1442746,19
1442794,37
1442796,18
1442827,20
1442866,28
1442899,16
1442975,20
1443006,44
1443045,16
1443046,28
1443133,33
1443178,48
1443185,17
1443322,36
1443335,20
1443385,22
1443405,19
1443431,19
1443489,21
1443529,237
1443583,16
1443605,57
1443607,17
1443618,113
1443719,25
1443727,18
1443742,24
1443797,18
1443803,27
1443908,23
1443916,17
1443975,58
1444007,16
1444082,176
1444090,32
1444110,67
1444119,31
1444212,20
1444280,32
1444287,26
1444324,17
1444347,20
1444397,39
1444463,19
1444530,55
1444543,205
1444560,16
1444584,33
1444618,26
1444621,23
1444641,141
1444667,38
1444737,22
1444739,16
1444762,90
1444766,120
1444801,16
1444807,21
1444888,29
1444889,22
1444917,34
1444919,17
1444921,50
1444953,39
1445011,16
1445012,28
1445027,20
1445115,142
1445146,23
1445182,19
1445183,23
1445206,100
1445218,24
1445288,16
1445331,19
1445351,20
1445410,72
1445438,136
1445445,49
1445474,19
1445486,32
1445492,17
1445505,49
1445582,20
1445617,29
1445622,369
1445663,182
1445671,18
1445675,29
1445704,81
1445725,26
1445744,27
1445767,31
1445826,53
1445861,97
1445921,18
1446064,36
1446096,18
1446181,19
1446226,30
1446227,42
1446293,70
1446311,16
1446319,246
1446348,25
1446369,32
1446412,43
1446413,395
1446419,42
1446443,49
1446447,20
1446506,54
1446533,17
1446589,19
1446593,21
1446615,382
1446657,48
1446689,17
1446705,17
1446719,54
1446734,18
1446758,58
1446780,22
1446797,17
1446846,18
1446857,17
1446858,17
1446861,18
1446862,26
1446896,78
1446900,133
1446917,60
1446960,24
1447025,23
1447050,30
1447062,63
1447079,58
1447098,34
1447118,99
1447125,79
1447145,29
1447146,18
1447178,17
1447226,23
1447302,95
1447323,33
1447324,253
1447385,27
1447392,301
1447457,57
1447475,39
1447480,24
1447504,17
1447567,18
1447594,34
1447596,2156
1447617,23
1447618,36
1447658,39
1447661,17
1447675,17
1447678,31
1447686,23
1447725,23
1447771,104
1447859,21
1447877,16
1447880,24
1447900,100
1447907,57
1447909,18
1447924,50
1447935,127
1448044,19
1448082,251
1448113,19
1448205,21
1448281,50
1448305,45
1448343,27
1448355,180
1448400,37
1448480,17
1448490,110
1448527,16
1448530,16
1448540,50
1448590,26
1448615,17
1448649,17
1448727,20
1448772,26
1448821,32
1448825,46
1448938,113
1448953,23
1448969,134
1449010,31
1449014,18
1449027,43
1449037,29
1449069,21
1449180,23
1449191,27
1449261,18
1449262,16
1449269,18
1449290,100
1449354,16
1449373,27
1449377,55
1449378,57
1449386,21
1449387,88
1449439,31
1449464,55
1449488,66
1449494,17
1449532,94
1449615,23
1449631,65
1449647,19
1449786,17
1449802,155
1449897,20
1449947,20
1449950,71
1449984,92
1450033,40
1450087,26
1450106,37
1450124,17
1450143,84
1450146,19
1450155,53
1450189,25
1450205,18
1450270,19
1450297,24
1450310,63
1450343,16
1450348,22
1450369,30
1450370,48
1450408,47
1450428,17
1450441,29
1450480,20
1450483,18
1450501,24
1450505,17
1450516,26
1450552,18
1450576,18
1450595,16
1450639,94
1450644,30
1450665,28
1450666,81
1450672,39
1450691,24
1450703,19
1450715,25
1450771,104
1450787,20
1450824,23
1450889,27
1450911,16
1450941,44
1451075,100
1451182,18
1451227,156
1451403,33
1451426,43
1451472,19
1451493,309
1451530,37
1451538,16
1451540,20
1451544,22
1451570,39
1451575,236
1451611,67
1451668,55
1451672,38
1451683,41
1451684,23
1451710,17
1451760,20
1451786,21
1451790,27
1451798,17
1451933,40
1452014,47
1452068,170
1452071,43
1452134,31
1452138,80
1452139,17
1452164,507
1452168,19
1452174,27
1452176,72
1452202,101
1452229,50
1452293,20
1452316,18
1452319,24
1452388,98
1452445,34
1452495,33
1452504,1711
1452529,44
1452533,65
1452581,27
1452588,85
1452600,21
1452621,40
1452643,16
1452688,21
1452714,20
1452722,24
1452736,128
1452787,26
1452790,16
1452792,159
1452794,47
1452861,205
1452888,22
1452980,16
1453037,19
1453044,210
1453053,29
1453063,17
1453085,21
1453087,22
1453096,25
1453119,22
1453152,168
1453200,46
1453236,21
1453264,20
1453313,83
1453315,44
1453376,26
1453406,17
1453446,23
1453467,22
1453476,70
1453498,19
1453506,104
1453511,24
1453519,21
1453524,63
1453527,24
1453535,49
1453565,63
1453566,903
1453571,23
1453581,17
1453621,16
1453644,17
1453663,24
1453687,49
1453739,18
1453757,31
1453773,22
1453784,16
1453802,43
1453807,17
1453839,37
1453851,24
1453903,36
1453927,170
1453954,18
1454024,25
1454045,192
1454069,22
1454072,64
1454085,20
1454125,39
1454157,17
1454164,20
1454175,158
1454181,16
1454203,21
1454220,74
1454252,67
1454266,55
1454267,460
1454286,17
1454290,23
1454318,53
1454367,33
1454368,25
1454388,16
1454409,363
1454448,20
1454452,20
1454479,19
1454554,41
1454592,36
1454626,395
1454654,18
1454823,134
1454843,19
1454869,20
1454896,38
1454899,22
1454982,27
1454988,18
1454989,44
1454994,27
1455021,72
1455033,18
1455105,22
1455120,34
1455127,33
1455136,25
1455155,28
1455174,19
1455189,67
1455241,524
1455248,28
1455271,93
1455275,21
1455356,31
1455363,16
1455371,20
1455438,34
1455442,19
1455451,17
1455506,36
1455535,66
1455541,178
1455547,48
1455561,23
1455618,27
1455625,355
1455730,16
1455762,20
1455823,24
1455827,22
1455846,48
1455857,41
1455894,21
1455944,125
1455998,24
1456079,37
1456099,18
1456166,43
1456169,57
1456171,16
1456197,17
1456278,40
1456285,71
1456348,690
1456404,17
1456464,37
1456508,18
1456524,16
1456548,17
1456614,26
1456639,277
1456680,25
1456691,22
1456804,37
1456809,16
1456824,51
1456852,20
1456870,17
1456905,19
1456908,230
1456979,19
1457055,167
1457057,28
1457064,16
1457071,722
1457117,40
1457203,29
1457274,17
1457293,23
1457297,71
1457298,64
1457303,76
1457310,18
1457400,26
1457405,72
1457447,314
1457453,23
1457468,19
1457473,21
1457486,20
1457621,21
1457625,28
1457638,63
1457657,24
1457668,18
1457722,29
1457759,34
1457760,24
1457778,35
1457787,19
1457792,67
1457822,41
1457930,32
1457942,57
1457960,65
1458039,34
1458065,73
1458094,19
1458154,18
1458157,48
1458175,31
1458196,17
1458218,3339
1458252,20
1458272,33
1458277,253
1458282,27
1458289,30
1458304,20
1458314,16
1458323,721
1458325,26
1458356,31
1458419,17
1458432,17
1458457,21
1458482,54
1458530,25
1458535,119
1458557,60
1458581,94
1458583,64
1458703,107
1458710,27
1458747,21
1458750,20
1458769,20
1458783,111
1458820,30
1458917,53
1458948,18
1458990,38
1459013,20
1459018,51
1459030,22
1459037,26
1459049,280
1459097,26
1459257,83
1459355,25
1459404,30
1459434,18
1459442,28
1459449,22
1459483,27
1459563,305
1459567,57
1459605,28
1459609,19
1459715,30
1459735,54
1459793,22
1459923,37
1460000,56
1460014,20
1460028,41
1460046,27
1460075,17
1460122,312
1460136,19
1460138,20
1460146,40
1460153,24
1460178,381
1460183,27
1460193,168
1460216,398
1460242,37
1460247,16
1460261,179
1460276,38
1460328,21
1460356,37
1460365,153
1460386,24
1460415,29
1460500,325
1460614,28
1460615,5816
1460753,30
1460783,33
1460806,19
1460824,17
1460834,35
1460841,46
1460843,28
1460875,17
1460912,41
1460921,168
1460922,151
1460932,39
1460950,26
1461013,28
1461024,71
1461052,22
1461077,34
1461099,53
1461164,42
1461195,18
1461209,59
1461272,57
1461275,20
1461312,18
1461340,24
1461389,30
1461406,22
1461504,22
1461514,52
1461520,18
1461528,23
1461574,16
1461666,17
1461725,35
1461727,29
1461778,18
1461811,147
1461849,26
1461863,21
1461868,45
1461876,34
1461906,337
1461930,36
1461931,24
1461950,16
1461980,17
1461995,66
1462041,65
1462063,46
1462151,37
1462168,25
1462183,72
1462246,18
1462305,46
1462309,20
1462414,20
1462425,135
1462461,29
1462487,28
1462496,50
1462522,199
1462572,30
1462660,138
1462664,18
1462667,21
1462673,28
1462675,23
1462676,28
1462679,222
1462694,20
1462709,18
1462717,16
1462734,17
1462737,25
1462797,110
1462831,77
1462860,67
1462881,28
1462911,30
1462916,48
1462929,128
1462930,67
1462931,34
1462997,19
1462998,43
1463051,37
1463062,21
1463077,64
1463204,72
1463225,17
1463274,30
1463302,50
1463349,78
1463373,19
1463377,24
1463445,290
1463478,27
1463561,64
1463571,95
1463579,28
1463627,17
1463641,24
1463682,21
1463686,42
1463754,244
1463774,1103
1463810,18
1463920,19
1463940,1105
1463974,31
1464004,63
1464073,22
1464083,20
1464084,18
1464122,79
1464126,106
1464192,28
1464216,396
1464273,24
1464297,24
1464308,31
1464309,34
1464332,35
1464340,32
1464380,22
1464413,18
1464418,16
1464433,27
1464439,33
1464494,40
1464527,28
1464592,17
1464599,27
1464678,16
1464735,83
1464771,19
1464773,36
1464786,40
1464802,118
1464827,49
1464838,59
1464880,90
1464925,59
1464979,107
1465022,40
1465031,123
1465034,17
1465115,192
1465128,22
1465203,23
1465284,72
1465313,32
1465350,83
1465361,77
1465364,51
1465384,109
1465393,42
1465398,16
1465433,24
1465464,22
1465468,58
1465480,20
1465535,32
1465551,17
1465602,29
1465624,84
1465637,21
1465642,34
1465671,47
1465698,33
1465699,17
1465743,51
1465782,16
1465814,24
1465848,19
1465883,965
1465885,17
1465886,39
1465929,16
1465934,405
1465962,43
1465993,24
1466011,87
1466035,18
1466083,16
1466117,46
1466119,27
1466139,50
1466275,1141
1466299,70
1466354,24
1466382,19
1466485,16
1466505,29
1466510,32
1466519,18
1466536,17
1466545,24
1466571,881
1466610,17
1466642,32
1466692,22
1466702,51
1466718,234
1466720,149
1466779,21
1466860,17
1466865,55
1466897,19
1466905,16
1466974,34
1467007,367
1467085,41
1467155,38
1467156,21
1467175,28
1467181,17
1467187,31
1467232,36
1467234,76
1467256,59
1467279,16
1467298,155
1467333,19
1467384,59
1467404,17
1467440,111
1467466,18
1467479,41
1467487,34
1467493,37
1467576,19
1467626,45
1467681,19
1467722,35
1467798,73
1467878,25
1467892,39
1467917,176
1467955,143
1468033,20
1468186,16
1468213,17
1468288,167
1468332,18
1468354,27
1468360,55
1468369,25
1468382,517
1468384,64
1468399,19
1468430,16
1468439,18
1468447,52
1468452,32
1468518,32
1468536,154
1468544,20
1468602,16
1468627,46
1468641,31
1468657,21
1468747,87
1468750,18
1468798,687
1468854,42
1468901,43
1468936,16
1468987,42
1468989,487
1468990,19
1468996,16
1469031,981
1469060,20
1469097,137
1469140,39
1469160,19
1469259,878
1469292,309
1469338,63
1469363,18
1469421,34
1469490,38
1469607,18
1469613,35
1469643,25
1469691,27
1469798,32
1469841,30
1469842,21
1469861,51
1469863,17
1469911,41
1469989,22
1469990,18
1470007,24
1470024,18
1470044,61
1470046,240
1470068,16
1470166,25
1470216,227
1470255,45
1470329,18
1470340,26
1470348,61
1470429,34
1470444,40
1470455,24
1470533,47
1470590,75
1470607,30
1470620,35
1470631,23
1470742,31
1470753,19
1470760,27
1470813,70
1470841,21
1470868,198
1470871,51
1470894,16
1470895,48
1471026,39
1471063,28
1471113,25
1471114,22
1471124,38
1471155,31
1471203,95
1471206,19
1471213,18
1471292,74
1471331,30
1471405,54
1471451,17
1471472,73
1471488,26
1471534,17
1471547,24
1471571,17
1471640,231
1471643,88
1471668,219
1471677,20
1471683,197
1471691,38
1471739,18
1471774,18
1471795,20
1471819,1392
1471827,23
1471837,49
1471878,27
1471882,21
1471902,20
1471905,425
1471963,112
1471964,25
1471984,34
1472016,53
1472034,23
1472043,36
1472047,17
1472054,44
1472087,33
1472091,34
1472108,29
1472147,90
1472179,27
1472188,34
1472198,18
1472380,17
1472388,39
1472390,153
1472441,16
1472531,89
1472574,281
1472597,21
1472656,17
1472663,16
1472712,16
1472719,115
1472825,17
1472838,19
1472843,17
1472862,49
1472867,59
1472868,22
1472869,32
1472905,161
1472922,25
1472929,182
1472940,16
1472952,21
1472967,17
1472985,21
1472992,125
1473000,51
1473027,17
1473049,21
1473058,18
1473078,35
1473158,55
1473181,16
1473241,25
1473278,35
1473279,20
1473316,19
1473372,34
1473384,17
1473421,119
1473428,197
1473449,20
1473472,70
1473554,182
1473581,19
1473621,51
1473648,27
1473660,88
1473661,41
1473737,17
1473810,38
1473856,25
1473876,37
1473882,49
1473911,21
1473933,54
1473938,72
1473941,684
1473954,18
1473958,245
1474087,283
1474154,36
1474197,40
1474287,16
1474308,21
1474322,23
1474335,37
1474349,22
1474359,17
1474454,17
1474466,32
1474529,17
1474535,40
1474648,23
1474659,17
1474806,200
1474852,29
1474878,2325
1474884,17
1474931,32
1474932,52
1474966,17
1474986,23
1474990,373
1474998,49
1475006,30
1475019,67
1475023,18
1475078,19
1475088,36
1475111,54
1475183,18
1475327,113
1475366,19
1475380,70
1475390,755
1475393,20
1475458,17
1475513,18
1475525,19
1475572,48
1475575,49
1475629,18
1475648,26
1475674,77
1475683,16
1475696,29
1475710,18
1475749,28
1475750,277
1475927,25
1475938,48
1475960,62
1475966,59
1476009,74
1476013,34
1476032,19
1476038,50
1476052,74
1476063,31
1476087,20
1476147,18
1476166,33
1476185,556
1476188,19
1476211,45
1476233,19
1476369,58
1476464,23
1476476,27
1476573,84
1476602,16
1476612,24
1476640,174
1476704,20
1476716,18
1476785,45
1476789,71
1476795,16
1476808,21
1476809,22
1476822,309
1476844,26
1476851,25
1476873,23
1476903,62
1476905,27
1476924,19
1476944,45
1476945,27
1476984,48
1476992,18
1477040,17
1477061,19
1477076,18
1477109,17
1477110,21
1477117,74
1477148,2089
1477274,74
1477283,86
1477288,40
1477362,35
1477405,162
1477449,21
1477503,189
1477513,18
1477543,19
1477565,16
1477580,18
1477617,18
1477625,89
1477656,487
1477663,185
1477703,17
1477784,26
1477841,17
1477852,21
1477880,22
1477886,22
1477955,20
1477993,45
1477995,24
1478021,152
1478026,21
1478034,38
1478084,33
1478105,42
1478149,21
1478157,34
1478163,342
1478215,175
1478229,31
1478245,24
1478255,17
1478282,17
1478283,18
1478341,159
1478392,22
1478395,18
1478424,78
1478459,16
1478486,20
1478489,23
1478527,25
1478535,32
1478594,18
1478622,41
1478687,33
1478760,37
1478779,23
1478784,18
1478862,17
1478879,16
1478908,41
1478941,192
1479018,17
1479053,20
1479067,33
1479080,18
1479084,27
1479246,38
1479251,37
1479252,128
1479262,44
1479289,25
1479311,31
1479338,21
1479372,98
1479378,23
1479430,29
1479461,18
1479463,32
1479494,514
1479529,21
1479531,17
1479537,113
1479566,26
1479612,16
1479639,21
1479718,156
1479736,47
1479740,18
1479773,19
1479804,102
1479863,139
1479878,23
1479884,30
1479960,23
1479967,16
1479970,17
1480039,33
1480067,96
1480139,24
1480239,78
1480265,27
1480284,30
1480394,29
1480451,24
1480486,28
1480488,25
1480505,50
1480530,77
1480546,17
1480549,16
1480553,48
1480560,23
1480565,36
1480583,23
1480607,17
1480692,30
1480723,63
1480796,19
1480823,18
1480873,25
1480902,17
1480903,74
1480995,84
1481026,32
1481032,32
1481109,55
1481158,33
1481183,20
1481186,17
1481190,17
1481240,59
1481252,21
1481298,17
1481350,54
1481353,128
1481375,57
1481379,74
1481396,35
1481410,173
1481428,196
1481449,31
1481454,38
1481455,25
1481470,18
1481485,75
1481554,21
1481559,56
1481560,23
1481610,91
1481625,23
1481688,16
1481751,18
1481779,24
1481850,22
1481911,34
1481913,20
1481947,47
1481953,17
1481985,20
1481998,31
1482003,248
1482023,32
1482061,24
1482088,27
1482146,108
1482178,18
1482183,19
1482185,280
1482197,18
1482203,17
1482207,18
1482256,19
1482279,24
1482311,16
1482345,44
1482356,25
1482380,20
1482472,36
1482524,21
1482561,79
1482571,16
1482630,31
1482686,17
1482711,107
1482728,31
1482731,24
1482763,20
1482766,61
1482768,92
1482805,20
1482819,29
1482847,54
1482854,17
1482863,44
1482893,1551
1482896,20
1482907,34
1482940,17
1483026,23
1483067,22
1483101,98
1483115,237
1483128,76
1483142,26
1483148,30
1483173,34
1483217,28
1483231,22
1483237,17
1483356,16
1483366,19
1483386,30
1483417,40
1483430,16
1483492,101
1483516,304
1483571,89
1483583,22
1483588,23
1483627,16
1483635,39
1483696,86
1483709,30
1483732,45
1483736,25
1483753,16
1483775,24
1483795,22
1483816,24
1483887,20
1484030,29
1484044,20
1484070,28
1484073,277
1484081,330
1484097,465
1484099,36
1484158,17
1484159,21
1484170,18
1484171,23
1484182,22
1484193,23
1484215,76
1484220,19
1484285,18
1484360,35
1484409,18
1484417,71
1484477,112
1484494,18
1484652,24
1484653,63
1484654,27
1484660,320
1484716,25
1484731,241
1484747,18
1484787,27
1484793,63
1484805,48
1484833,32
1484861,17
1484892,25
1484905,57
1484930,131
1484983,22
1485021,21
1485025,52
1485042,36
1485065,158
1485069,90
1485088,44
1485165,33
1485183,19
1485189,55
1485207,746
1485237,35
1485253,151
1485310,22
1485320,39
1485400,40
1485427,17
1485428,23
1485475,17
1485484,785
1485486,40
1485491,27
1485495,110
1485521,16
1485523,37
1485528,20
1485539,239
1485604,21
1485632,19
1485673,18
1485680,23
1485688,16
1485690,22
1485712,21
1485720,574
1485744,17
1485749,22
1485769,24
1485778,1264
1485781,2267
1485789,16
1485844,17
1485864,38
1485905,162
1485923,31
1486011,57
1486020,82
1486053,16
1486054,41
1486067,29
1486075,19
1486086,18
1486097,17
1486147,20
1486155,19
1486158,38
1486164,56
1486183,27
1486214,36
1486226,24
1486259,139
1486282,31
1486352,16
1486355,17
1486370,194
1486440,168
1486478,21
1486507,34
1486582,76
1486594,20
1486599,53
1486631,27
1486651,29
1486655,600
1486662,16
1486692,30
1486697,100
1486708,250
1486753,21
1486771,25
1486796,25
1486809,26
1486823,23
1486855,38
1486866,60
1486867,19
1486883,22
1486912,162
1486934,16
1487054,28
1487060,143
1487084,25
1487099,16
1487151,53
1487179,20
1487221,53
1487249,18
1487324,48
1487325,21
1487328,19
1487333,21
1487335,16
1487341,29
1487387,157
1487425,19
1487450,16
1487471,18
1487484,32
1487492,21
1487530,32
1487592,18
1487605,142
1487657,31
1487667,17
1487681,18
1487699,16
1487741,23
1487778,80
1487784,21
1487823,112
1487858,68
1487900,19
1487924,76
1487939,18
1487955,18
1487971,217
1487973,98
1487976,37
1487985,18
1488057,67
1488074,48
1488075,471
1488129,83
1488153,24
1488238,44
1488245,27
1488288,16
1488304,23
1488395,74
1488414,343
1488447,21
1488461,18
1488485,19
1488518,133
1488537,17
1488557,25
1488588,20
1488593,22
1488625,62
1488745,69
1488816,29
1488820,28
1488846,21
1488867,654
1488905,144
1488940,35
1488943,19
1488960,67
1488972,25
1488997,49
1489003,32
1489018,22
1489037,17
1489089,19
1489094,80
1489125,18
1489132,48
1489148,19
1489195,17
1489206,17
1489239,26
1489246,28
1489327,19
1489338,24
1489349,44
1489409,25
1489571,24
1489604,162
1489608,16
1489634,18
1489671,31
1489673,364
1489707,71
1489710,93
1489748,55
1489811,23
1489929,266
1489930,25
1489933,22
1489936,23
1489964,19
1489965,114
1489977,21
1490022,22
1490074,21
1490075,17
1490096,126
1490163,28
1490216,378
1490265,20
1490301,85
1490374,24
1490416,55
1490419,17
1490423,18
1490436,24
1490438,17
1490455,40
1490457,29
1490459,37
1490476,28
1490553,30
1490598,17
1490619,23
1490630,61
1490648,17
1490691,80
1490733,19
1490755,38
1490792,24
1490856,23
1490865,31
1490874,40
1490919,102
1490925,27
1490939,33
1490940,44
1490946,174
1491058,222
1491081,165
1491184,113
1491190,659
1491194,32
1491256,33
1491266,17
1491296,227
1491336,21
1491396,45
1491535,16
1491569,43
1491654,57
1491670,1569
1491677,18
1491716,20
1491720,17
1491814,83
1491821,188
1491829,23
1491840,17
1491861,16
1491875,129
1491879,37
1491975,34
1491984,39
1491996,462
1492019,446
1492048,366
1492052,54
1492219,75
1492220,64
1492297,30
1492312,39
1492321,41
1492356,35
1492370,23
1492416,70
1492531,49
1492538,48
1492541,18
1492847,33
1492933,79
1492941,16
1492949,23
1492966,34
1492977,39
1492992,39
1493018,18
1493028,25
1493075,21
1493124,291
1493153,19
1493190,19
1493214,43
1493215,22
1493222,24
1493224,69
1493276,82
1493285,16
1493299,20
1493329,73
1493338,69
1493362,115
1493383,39
1493414,19
1493436,17
1493455,24
1493517,17
1493532,37
1493535,20
1493603,26
1493677,22
1493773,45
1493788,52
1493843,34
1493847,27
1493858,18
1493908,21
1493914,19
1493935,31
1493982,18
1493997,55
1494059,37
1494116,22
1494151,49
1494208,125
1494262,61
1494268,17
1494325,4236
1494361,242
1494398,32
1494407,24
1494461,50
1494510,32
1494521,21
1494524,28
1494568,22
1494588,21
1494598,136
1494637,27
1494690,467
1494691,34
1494695,20
1494801,22
1494832,30
1494873,23
1494885,71
1494886,62
1494972,38
1495045,31
1495047,74
1495100,30
1495111,19
1495142,26
1495161,17
1495177,55
1495210,198
1495213,16
1495264,55
1495270,57
1495332,33
1495396,24
1495409,16
1495422,35
1495453,135
1495538,32
1495596,51
1495623,52
1495635,32
1495659,263
1495706,20
1495779,30
1495781,17
1495828,19
1495836,117
1495837,20
1495839,206
1495863,80
1495892,122
1495945,26
1495972,29
1495977,19
1495997,42
1496002,188
1496030,485
1496066,41
1496172,52
1496191,17
1496213,18
1496223,46
1496255,29
1496271,29
1496293,23
1496307,40
1496308,26
1496334,235
1496423,29
1496452,17
1496481,20
1496510,26
1496561,62
1496587,22
1496624,33
1496656,168
1496657,140
1496821,25
1496892,19
1496909,131
1496913,43
1496944,45
1496967,78
1497005,117
1497039,38
1497045,16
1497195,81
1497215,17
1497241,22
1497282,47
1497294,22
1497302,30
1497337,18
1497364,37
1497367,16
1497374,17
1497463,240
1497530,98
1497551,42
1497560,151
1497594,78
1497682,25
1497730,180
1497755,24
1497832,2613
1497841,84
1497851,21
1497857,28
1497902,31
1497911,65
1497917,35
1497919,19
1497929,19
1497967,112
1497991,98
1498104,18
1498105,27
1498161,50
1498176,20
1498197,30
1498211,23
1498220,18
1498254,51
1498264,16
1498283,19
1498285,17
1498294,27
1498296,91
1498326,347
1498334,52
1498346,19
1498376,40
1498413,25
1498479,45
1498492,28
1498499,17
1498530,40
1498539,24
1498554,18
1498592,73
1498611,352
1498648,27
1498658,18
1498693,17
1498701,21
1498729,46
1498743,24
1498772,20
1498799,21
1498807,29
1498840,17
1498894,18
1498897,23
1498908,54
1498993,19
1499104,24
1499108,43
1499112,31
1499143,152
1499177,21
1499243,33
1499264,361
1499311,28
1499361,17
1499379,49
1499401,19
1499412,30
1499413,22
1499422,19
1499425,17
1499437,903
1499528,46
1499543,16
1499563,20
1499569,25
1499592,24
1499593,39
1499604,36
1499605,17
1499623,43
1499639,18
1499645,70
1499657,18
1499685,28
1499701,44
1499790,16
1499803,25
1499822,36
1499867,131
1499875,19
1499876,16
1499896,1592
1499908,21
1499977,66
1500008,70
1500024,16
1500045,194
1500175,17
1500192,27
1500198,18
1500205,37
1500261,16
1500272,35
1500341,26
1500349,18
1500377,73
1500378,163
1500476,37
1500481,16
1500530,98
1500565,48
1500586,22
1500625,25
1500661,45
1500710,78
1500739,27
1500740,19
1500759,28
1500772,52
1500843,21
1500867,19
1500921,53
1500926,34
1500980,38
1500992,25
1501031,89
1501032,116
1501035,25
1501089,54
1501097,16
1501109,26
1501152,19
1501155,17
1501179,30
1501180,36
1501181,27
1501193,139
1501222,24
1501230,139
1501253,104
1501300,18
1501332,140
1501389,26
1501398,21
1501409,54
1501415,17
1501473,339
1501509,16
1501515,23
1501559,16
1501600,31
1501603,103
1501619,431
1501637,29
1501717,16
1501728,24
1501786,30
1501799,51
1501832,20
1501930,119
1501952,19
1501985,47
1501996,16
1502025,27
1502152,23
1502155,328
1502156,80
1502176,21
1502177,112
1502254,16
1502261,118
1502277,22
1502291,50
1502338,32
1502341,21
1502474,17
1502516,20
1502527,72
1502531,20
1502570,23
1502587,41
1502588,16
1502613,83
1502621,21
1502684,27
1502687,93
1502692,16
1502726,19
1502759,31
1502829,20
1502856,108
1502873,57
1502906,52
1502965,22
1503006,138
1503013,265
1503102,30
1503105,27
1503145,17
1503167,25
1503187,17
1503219,51
1503226,55
1503256,62
1503338,62
1503364,67
1503366,32
1503381,16
1503385,17
1503396,41
1503416,24
1503459,198
1503523,32
1503595,23
1503663,126
1503665,16
1503667,32
1503679,28
1503684,20
1503687,45
1503696,75
1503756,29
1503909,19
1504020,47
1504028,147
1504037,21
1504057,31
1504071,36
1504072,16
1504107,26
1504127,246
1504146,26
1504157,30
1504160,20
1504200,24
1504218,29
1504236,26
1504301,37
1504305,17
1504340,16
1504341,54
1504397,39
1504425,35
1504449,23
1504541,33
1504555,21
1504592,23
1504747,31
1504762,24
1504815,25
1504830,18
1504832,191
1504836,264
1504884,180
1504916,119
1504947,41
1504996,48
1505018,53
1505100,24
1505124,19
1505146,25
1505159,60
1505308,62
1505310,46
1505331,28
1505394,105
1505424,28
1505441,39
1505442,23
1505451,42
1505455,39
1505464,33
1505486,32
1505522,93
1505569,56
1505613,29
1505656,24
1505676,36
1505699,29
1505761,59
1505821,23
1505862,35
1505942,141
1505949,422
1506003,20
1506012,18
1506014,20
1506033,17
1506052,20
1506059,481
1506074,26
1506083,42
1506091,29
1506093,16
1506105,28
1506111,293
1506156,29
1506161,17
1506186,33
1506188,33
1506223,24
1506267,43
1506269,172
1506316,30
1506326,35
1506368,25
1506500,37
1506509,29
1506523,19
1506528,28
1506569,17
1506604,16
1506627,50
1506723,56
1506734,121
1506738,35
1506751,21
1506779,126
1506820,16
1506833,209
1506841,20
1506843,57
1506864,19
1506891,18
1506896,43
1506897,24
1506922,20
1506930,34
1506945,34
1506958,18
1507035,24
1507108,21
1507123,16
1507197,42
1507202,114
1507235,158
1507236,56
1507272,37
1507282,4169
1507295,46
1507347,53
1507362,25
1507417,16
1507440,123
1507481,18
1507485,35
1507512,72
1507517,48
1507521,19
1507545,22
1507547,60
1507565,21
1507584,29
1507625,45
1507643,18
1507722,20
1507747,17
1507770,21
1507771,25
1507784,17
1507800,53
1507871,20
1507969,126
1507971,37
1507983,1599
1508020,18
1508026,128
1508076,235
1508142,31
1508170,83
1508202,126
1508203,70
1508259,16
1508267,25
1508287,143
1508342,17
1508345,48
1508357,19
1508384,17
1508398,18
1508401,19
1508405,62
1508473,16
1508479,19
1508505,67
1508640,25
1508679,22
1508684,35
1508695,37
1508717,33
1508751,29
1508760,57
1508778,26
1508779,21
1508795,23
1508824,37
1508826,19
1508904,22
1508935,45
1508944,48
1508952,17
1509040,6488
1509147,22
1509207,56
1509224,27
1509225,83
1509258,170
1509259,18
1509276,17
1509307,362
1509324,60
1509420,77
1509433,104
1509476,72
1509503,67
1509565,20
1509570,104
1509582,30
1509656,34
1509664,31
1509695,121
1509742,17
1509759,425
1509819,21
1509823,23
1509850,45
1509893,61
1509908,44
1509988,26
1510015,315
1510023,50
1510117,16
1510142,26
1510147,81
1510167,23
1510199,45
1510236,47
1510241,25
1510277,25
1510291,294
1510317,18
1510372,17
1510389,30
1510399,47
1510415,48
1510511,17
1510529,36
1510543,183
1510546,26
1510547,20
1510550,73
1510587,32
1510621,17
1510642,40
1510648,43
1510661,16
1510678,20
1510684,55
1510695,26
1510735,81
1510821,24
1510851,28
1510871,23
1510904,21
1510905,62
1510933,27
1510960,63
1510964,17
1510977,19
1510982,16
1511007,122
1511009,28
1511019,17
1511056,25
1511105,40
1511166,18
1511192,18
1511228,137
1511245,28
1511288,111
1511396,1080
1511407,25
1511412,268
1511415,281
1511501,103
1511520,17
1511543,4771
1511557,124
1511566,24
1511577,26
1511581,63
1511602,27
1511615,25
1511623,21
1511628,67
1511630,18
1511634,132
1511644,21
1511646,21
1511673,23
1511757,24
1511786,29
1511824,58
1511849,33
1511890,16
1511928,20
1511932,28
1511956,37
1511965,24
1511977,18
1512046,42
1512068,17
1512108,38
1512125,37
1512151,3796
1512169,18
1512236,30
1512243,18
1512244,44
1512349,56
1512390,73
1512402,26
1512439,67
1512444,69
1512453,83
1512471,37
1512504,28
1512522,126
1512523,744
1512570,25
1512594,72
1512671,143
1512696,39
1512716,31
1512816,61
1512847,317
1512914,73
1512918,17
1512976,26
1512987,17
1513003,23
1513036,188
1513070,33
1513078,22
1513093,93
1513118,914
1513171,137
1513224,76
1513259,16
1513266,36
1513317,18
1513337,21
1513344,23
1513347,34
1513357,20
1513423,19
1513428,19
1513460,28
1513490,43
1513532,28
1513562,20
1513567,19
1513605,96
1513618,82
1513627,17
1513641,22
1513655,182
1513669,17
1513704,21
1513708,19
1513713,31
1513734,24
1513740,18
1513799,25
1513801,47
1513804,16
1513852,50
1513858,23
1513880,21
1513889,20
1513979,32
1513993,21
1514009,21
1514016,123
1514027,46
1514050,26
1514109,26
1514116,21
1514121,35
1514186,83
1514220,19
1514240,30
1514264,65
1514285,183
1514300,31
1514318,28
1514384,65
1514403,23
1514426,52
1514484,21
1514529,16
1514551,20
1514564,24
1514585,16
1514638,43
1514675,25
1514718,66
1514775,41
1514833,75
1514860,25
1514887,21
1514892,19
1514918,28
1514948,47
1515015,23
1515030,18
1515107,17
1515131,37
1515167,24
1515223,24
1515253,17
1515258,21
1515333,94
1515352,41
1515369,27
1515514,21
1515616,26
1515718,249
1515737,84
1515770,39
1515813,101
1515824,18
1515828,299
1515845,65
1515910,23
1515952,25
1516046,23
1516048,39
1516105,60
1516154,17
1516168,137
1516245,17
1516283,158
1516290,118
1516310,28
1516316,45
1516350,31
1516359,39
1516363,26
1516365,29
1516421,19
1516432,19
1516456,281
1516493,34
1516497,22
1516513,61
1516699,37
1516765,64
1516775,28
1516779,22
1516816,17
1516824,20
1516828,143
1516834,16
1516932,26
1516961,90
1516966,66
1516991,52
1517031,29
1517096,158
1517170,20
1517185,28
1517205,71
1517249,178
1517253,34
1517267,315
1517335,131
1517349,24
1517384,26
1517483,24
1517499,41
1517513,48
1517528,30
1517571,54
1517597,76
1517644,53
1517715,24
1517716,82
1517828,28
1517862,17
1517867,22
1517868,442
1517872,38
1517913,1355
1517917,32
1517967,43
1517968,20
1517974,27
1517997,16
1518011,31
1518016,19
1518046,17
1518056,27
1518057,20
1518082,18
1518102,16
1518120,25
1518156,63
1518165,19
1518172,111
1518215,31
1518338,24
1518345,27
1518364,17
1518368,21
1518369,47
1518409,69
1518422,26
1518451,17
1518518,2087
1518563,39
1518583,28
1518607,18
1518614,18
1518633,26
1518639,16
1518646,23
1518652,46
1518702,17
1518704,48
1518722,21
1518755,26
1518771,40
1518772,46
1518775,27
1518852,19
1518863,22
1518895,16
1518914,30
1518924,20
1518926,166
1518948,17
1518951,16
1518980,35
1519036,16
1519050,36
1519075,18
1519221,24
1519225,175
1519250,36
1519255,34
1519298,22
1519475,39
1519489,19
1519635,25
1519655,68
1519662,36
1519736,19
1519770,17
1519806,16
1519814,16
1519819,19
1519845,24
1519949,72
1519954,18
1520022,33
1520036,20
1520075,17
1520083,125
1520116,29
1520130,382
1520190,27
1520219,23
1520228,20
1520270,57
1520278,32
1520301,25
1520350,39
1520367,154
1520431,16
1520432,22
1520441,36
1520443,29
1520446,49
1520449,19
1520490,21
1520502,16
1520528,20
1520562,38
1520563,54
1520576,43
1520623,84
1520637,16
1520704,16
1520750,2622
1520774,43
1520888,31
1520893,64
1520894,59
1520954,545
1520959,19
1521002,205
1521019,38
1521025,16
1521036,57
1521046,94
1521061,247
1521093,204
1521111,65
1521120,62
1521130,37
1521137,18
1521156,22
1521188,34
1521206,2071
1521213,53
1521214,20
1521240,48
1521259,21
1521280,17
1521339,18
1521362,21
1521381,31
1521423,16
1521445,31
1521459,24
1521532,41
1521551,26
1521600,28
1521611,19
1521615,660
1521674,36
1521758,88
1521793,16
1521809,44
1521835,21
1521841,18
1521855,388
1521920,21
1521967,22
1521990,17
1521994,20
1522029,150
1522033,38
1522041,23
1522106,39
1522118,27
1522129,19
1522136,16
1522138,26
1522149,247
1522158,31
1522176,29
1522189,132
1522209,28
1522214,18
1522277,28
1522297,29
1522306,51
1522315,39
1522327,22
1522373,42
1522377,17
1522474,17
1522483,23
1522488,26
1522524,18
1522526,41
1522552,57
1522561,51
1522578,41
1522633,19
1522636,739
1522640,22
1522682,32
1522710,29
1522777,84
1522793,407
1522795,23
1522796,21
1522835,31
1522848,25
1522880,19
1523023,52
1523032,28
1523040,900
1523137,22
1523211,129
1523230,31
1523248,70
1523323,16
1523328,169
1523337,43
1523362,170
1523387,40
1523448,16
1523491,226
1523496,16
1523503,21
1523538,21
1523567,31
1523592,44
1523626,64
1523724,18
1523750,24
1523762,19
1523802,314
1523808,21
1523827,306
1523862,18
1523865,35
1523892,72
1523918,22
1523947,26
1524052,23
1524084,19
1524103,23
1524188,22
1524207,27
1524240,16
1524283,16
1524285,56
1524361,30
1524394,33
1524410,48
1524415,55
1524485,17
1524491,22
1524530,64
1524578,19
1524610,26
1524619,61
1524624,176
1524690,23
1524724,199
1524758,45
1524771,16
1524855,162
1524860,30
1524912,2109
1524920,20
1525066,32
1525120,240
1525127,26
1525137,28
1525170,20
1525176,19
1525181,17
1525208,18
1525210,39
1525222,32
1525255,115
1525281,43
1525294,18
1525300,20
1525330,20
1525365,23
1525379,20
1525408,22
1525430,16
1525473,32
1525484,22
1525494,18
1525529,35
1525534,24
1525540,22
1525541,140
1525562,36
1525580,19
1525665,196
1525695,38
1525737,101
1525741,18
1525782,24
1525880,76
1525944,17
1525956,431
1525959,57
1525994,16
1525995,17
1526001,16
1526008,22
1526092,18
1526133,69
1526155,16
1526222,52
1526237,64
1526243,17
1526280,165
1526282,22
1526284,19
1526286,20
1526298,17
1526308,162
1526383,16
1526481,56
1526548,72
1526556,20
1526583,41
1526595,17
1526656,404
1526697,68
1526709,16
1526764,21
1526851,27
1526932,17
1526984,145
1527012,33
1527043,29
1527045,154
1527054,31
1527158,27
1527171,100
1527178,84
1527180,58
1527196,18
1527203,172
1527238,18
1527255,17
1527323,16
1527372,16
1527376,197
1527407,22
1527427,32
1527429,20
1527441,21
1527561,20
1527593,482
1527599,21
1527610,17
1527635,71
1527669,39
1527719,59
1527745,19
1527822,30
1527855,41
1527907,16
1527938,27
1527946,24
1528041,55
1528168,20
1528179,47
1528205,285
1528217,30
1528264,34
1528285,55
1528301,40
1528362,25
1528407,25
1528453,17
1528486,28
1528497,20
1528514,22
1528521,24
1528532,328
1528568,21
1528633,22
1528642,17
1528684,53
1528716,20
1528774,17
1528775,45
1528798,20
1528799,23
1528835,91
1528852,96
1528866,52
1528873,18
1528895,30
1528896,37
1528900,27
1528914,19
1528956,18
1528969,20
1528978,33
1528994,81
1529015,32
1529085,50
1529144,16
1529147,21
1529154,18
1529194,23
1529221,30
1529226,70
1529252,17
1529263,113
1529274,26
1529320,25
1529330,19
1529347,161
1529362,24
1529386,31
1529406,69
1529440,17
1529449,16
1529457,28
1529466,25
1529493,48
1529495,49
1529509,17
1529525,25
1529580,52
1529583,23
1529645,142
1529657,19
1529673,39
1529693,22
1529705,16
1529747,32
1529760,17
1529782,19
1530078,16
1530101,23
1530169,208
1530181,35
1530200,53
1530201,80
1530218,20
1530227,22
1530255,27
1530270,23
1530329,152
1530345,34
1530347,40
1530368,32
1530369,204
1530401,82
1530417,132
1530437,24
1530442,34
1530492,20
1530500,27
1530502,26
1530570,18
1530592,29
1530595,19
1530657,25
1530696,84
1530734,107
1530737,20
1530777,44
1530799,20
1530826,23
1530840,74
1530880,42
1530913,34
1530968,44
1530972,84
1530981,20
1531013,18
1531020,44
1531022,18
1531042,17
1531045,81
1531106,27
1531137,141
1531148,19
1531167,50
1531223,24
1531249,25
1531257,16
1531346,56
1531361,22
1531375,673
1531379,24
1531440,145
1531528,94
1531529,20
1531655,17
1531670,73
1531684,4013
1531696,33
1531705,16
1531757,27
1531772,19
1531773,58
1531804,24
1531845,30
1531861,320
1531939,59
1532055,32
1532102,27
1532134,24
1532183,19
1532200,45
1532220,3538
1532221,37
1532237,33
1532257,56
1532287,22
1532299,34
1532304,23
1532332,41
1532342,17
1532470,22
1532502,84
1532527,24
1532578,18
1532586,20
1532642,18
1532659,75
1532668,21
1532754,230
1532987,513
1532997,26
1533035,50
1533041,16
1533047,19
1533107,73
1533108,87
1533110,40
1533124,17
1533187,17
1533247,40
1533310,16
1533336,27
1533354,17
1533384,25
1533398,25
1533421,19
1533445,496
1533566,26
1533590,16
1533605,74
1533666,230
1533677,193
1533713,39
1533732,204
1533780,27
1533785,28
1533789,70
1533798,25
1533951,18
1533972,31
1533973,19
1534005,37
1534082,31
1534086,44
1534106,151
1534160,26
1534171,21
1534213,16
1534259,21
1534539,32
1534633,234
1534654,38
1534697,29
1534715,19
1534728,56
1534729,167
1534785,18
1534794,19
1534802,35
1534803,50
1534805,34
1534806,46
1534825,40
1534924,23
1534962,17
1534965,34
1534968,373
1534999,1641
1535011,40
1535066,34
1535067,21
1535171,75
1535175,185
1535202,19
1535231,167
1535285,20
1535293,46
1535306,43
1535318,19
1535321,31
1535343,40
1535457,23
1535458,22
1535534,34
1535552,78
1535558,34
1535682,17
1535707,19
1535721,25
1535736,27
1535739,36
1535767,40
1535772,18
1535797,46
1535805,62
1535816,39
1535877,18
1535889,30
1535890,36
1535909,43
1535926,18
1535941,21
1536038,29
1536047,33
1536106,17
1536110,24
1536111,42
1536124,18
1536126,29
1536171,39
1536208,41
1536215,99
1536216,83
1536233,817
1536245,51
1536268,16
1536330,60
1536343,77
1536359,18
1536423,22
1536495,41
1536503,17
1536535,118
1536618,17
1536626,23
1536766,32
1536811,40
1536820,38
1536828,24
1536846,56
1536860,44
1536886,336
1536887,16
1536909,25
1536913,16
1536917,21
1536924,34
1536949,20
1536950,120
1536951,43
1537007,33
1537030,25
1537063,17
1537100,37
1537174,17
1537210,36
1537245,30
1537261,209
1537270,32
1537271,71
1537324,29
1537332,32
1537359,67
1537364,113
1537367,24
1537461,18
1537462,47
1537530,367
1537590,21
1537658,17
1537662,23
1537691,23
1537794,148
1537799,26
1537837,379
1537854,18
1537887,36
1537900,33
1537948,18
1537955,25
1538020,57
1538033,42
1538070,109
1538100,44
1538120,158
1538137,52
1538257,17
1538344,18
1538351,17
1538352,25
1538386,51
1538390,41
1538405,17
1538452,26
1538465,37
1538506,66
1538583,117
1538590,19
1538593,22
1538614,32
1538646,34
1538678,17
1538765,23
1538778,33
1538829,110
1538869,18
1538890,32
1538894,36
1538901,220
1538909,33
1538999,32
1539079,19
1539106,17
1539107,19
1539141,20
1539155,19
1539201,24
1539271,25
1539284,50
1539375,23
1539450,67
1539541,40
1539548,110
1539556,19
1539570,52
1539603,21
1539624,17
1539638,38
1539657,59
1539658,31
1539673,54
1539707,34
1539719,32
1539724,67
1539760,16
1539774,18
1539829,19
1539863,20
1539880,75
1539907,39
1539908,19
1539913,28
1540029,16
1540051,76
1540105,35
1540120,56
1540177,94
1540224,25
1540266,22
1540303,104
1540339,17
1540349,18
1540353,21
1540422,16
1540430,18
1540518,90
1540538,24
1540543,17
1540575,58
1540593,17
1540602,70
1540604,17
1540627,51
1540640,47
1540671,204
1540755,19
1540827,135
1540841,837
1540864,36
1540898,115
1540911,59
1540917,62
1540922,28
1540931,35
1540950,19
1541010,123
1541043,285
1541116,22
1541117,19
1541118,26
1541169,255
1541173,34
1541199,37
1541314,19
1541347,25
1541366,31
1541385,52
1541531,101
1541539,48
1541560,39
1541569,234
1541590,295
1541709,50
1541760,18
1541882,153
1541942,199
1541943,24
1542028,46
1542035,186
1542057,22
1542069,74
1542075,26
1542095,56
1542135,39
1542165,37
1542173,19
1542185,16
1542266,44
1542272,17
1542299,67
1542394,958
1542399,34
1542400,23
1542416,138
1542433,28
1542499,51
1542521,48
1542542,65
1542571,19
1542615,33
1542626,41
1542673,40
1542716,19
1542738,693
1542747,21
1542796,25
1542807,19
1542814,32
1542815,24
1542846,79
1542849,178
1542955,51
1543071,16
1543099,32
1543133,18
1543152,23
1543188,44
1543201,99
1543230,21
1543254,17
1543278,26
1543280,25
1543286,16
1543296,35
1543338,36
1543365,17
1543383,83
1543398,488
1543426,173
1543442,1028
1543472,48
1543509,124
1543516,118
1543530,17
1543539,38
1543540,17
1543552,28
1543615,16
1543618,18
1543645,19
1543699,182
1543705,76
1543735,27
1543754,26
1543764,91
1543777,48
1543801,69
1543811,23
1543822,16
1543834,16
1543867,80
1543879,17
1543880,25
1543887,301
1543896,18
1543944,23
1543957,19
1543979,387
1543994,26
1544035,16
1544046,22
1544122,24
1544207,70
1544219,18
1544233,17
1544331,20
1544387,39
1544406,42
1544407,19
1544416,18
1544425,16
1544441,23
1544455,28
1544457,31
1544496,20
1544538,51
1544545,25
1544560,16
1544580,17
1544602,93
1544641,57
1544647,22
1544682,37
1544721,32
1544763,20
1544816,140
1544844,113
1544848,120
1544856,16
1544893,20
1544977,25
1544999,18
1545008,34
1545019,32
1545074,25
1545092,33
1545095,24
1545104,29
1545138,120
1545158,36
1545176,144
1545180,39
1545184,19
1545193,246
1545246,21
1545318,31
1545387,47
1545412,29
1545421,24
1545430,67
1545447,59
1545449,23
1545467,33
1545489,38
1545505,19
1545540,42
1545614,18
1545626,24
1545700,19
1545738,24
1545741,130
1545831,45
1545838,28
1545851,37
1545910,16
1545915,39
1545916,49
1545936,20
1545943,154
1545948,222
1545996,33
1546055,206
1546093,20
1546145,121
1546169,22
1546174,16
1546201,16
1546218,23
1546230,25
1546231,27
1546299,61
1546326,59
1546357,23
1546358,156
1546398,21
1546409,69
1546424,89
1546444,17
1546489,18
1546490,17
1546508,27
1546690,22
1546791,17
1546806,38
1546820,571
1546828,76
1546856,150
1546884,46
1546956,16
1546961,111
1547018,131
1547055,17
1547060,31
1547077,49
1547097,20
1547111,58
1547134,25
1547147,96
1547198,17
1547199,19
1547212,21
1547226,17
1547249,22
1547273,18
1547285,19
1547327,22
1547348,90
1547355,25
1547404,49
1547465,21
1547466,84
1547469,17
1547520,16
1547603,18
1547648,67
1547701,22
1547745,19
1547805,30
1547820,51
1547825,1441
1547844,29
1547882,382
1547925,39
1547945,59
1547955,376
1547959,42
1547960,50
1547990,23
1548028,41
1548029,89
1548038,24
1548039,16
1548080,129
1548081,24
1548121,18
1548122,74
1548224,45
1548234,190
1548251,33
1548253,22
1548262,33
1548277,33
1548322,25
1548329,42
1548343,23
1548404,22
1548415,24
1548434,50
1548533,187
1548549,28
1548573,53
1548692,35
1548721,64
1548771,303
1548791,25
1548813,22
1548852,35
1548904,22
1548908,17
1549006,17
1549023,72
1549024,27
1549088,20
1549113,25
1549115,48
1549126,46
1549146,16
1549183,26
1549184,17
1549193,17
1549207,418
1549255,3655
1549266,143
1549285,45
1549290,17
1549300,25
1549324,296
1549342,17
1549355,111
1549377,1406
1549395,142
1549435,17
1549490,43
1549542,24
1549596,5811
1549615,89
1549635,21
1549648,28
1549681,77
1549742,19
1549761,402
1549766,20
1549783,39
1549790,45
1549791,55
1549792,163
1549902,114
1549933,40
1549934,50
1550004,24
1550057,77
1550111,30
1550124,80
1550128,100
1550146,48
1550171,16
1550175,55
1550192,266
1550197,25
1550213,221
1550220,30
1550257,48
1550272,17
1550478,24
1550487,66
1550495,22
1550536,16
1550553,305
1550582,33
1550615,54
1550742,17
1550777,24
1550891,40
1550926,116
1550943,16
1550946,17
1551018,68
1551021,23
1551073,19
1551081,2399
1551103,29
1551141,17
1551165,111
1551226,6760
1551227,173
1551330,39
1551339,21
1551349,230
1551392,19
1551447,68
1551493,18
1551692,24
1551753,18
1551780,19
1551785,17
1551833,114
1551870,159
1551897,94
1551944,71
1552034,17
1552054,24
1552064,21
1552071,212
1552081,40
1552159,27
1552162,42
1552210,24
1552281,107
1552313,26
1552314,16
1552378,42
1552449,48
1552456,17
1552576,29
1552708,293
1552731,70
1552740,53
1552745,21
1552768,42
1552771,21
1552775,19
1552786,102
1552796,30
1552933,62
1552947,17
1552966,521
1553043,35
1553099,49
1553165,585
1553204,17
1553215,29
1553222,82
1553254,26
1553271,19
1553321,16
1553322,19
1553334,28
1553355,64
1553360,16
1553363,17
1553372,34
1553396,16
1553407,18
1553432,26
1553450,26
1553457,20
1553473,173
1553518,16
1553542,32
1553561,360
1553578,34
1553726,37
1553761,21
1553791,18
1553794,31
1553805,17
1553870,127
1553871,28
1553900,37
1553952,24
1554016,248
1554023,53
1554069,66
1554076,96
1554112,57
1554168,66
1554190,31
1554314,51
1554358,1020
1554408,125
1554510,18
1554542,20
1554555,17
1554629,324
1554632,24
1554685,183
1554772,43
1554787,24
1554789,63
1554794,17
1554865,19
1554973,65
1554993,23
1555025,29
1555054,72
1555062,40
1555120,29
1555152,36
1555191,24
1555192,20
1555231,109
1555260,21
1555270,24
1555284,37
1555323,1567
1555325,23
1555367,26
1555384,22
1555410,42
1555435,16
1555436,27
1555438,16
1555486,213
1555498,41
1555521,16
1555522,67
1555550,21
1555666,30
1555711,55
1555759,39
1555767,22
1555792,19
1555836,24
1555839,37
1555845,24
1555846,57
1555905,22
1555958,72
1555971,43
1555978,29
1556003,23
1556010,32
1556046,56
1556052,16
1556098,18
1556107,43
1556108,621
1556159,29
1556187,25
1556208,23
1556243,19
1556249,17
1556273,26
1556317,28
1556335,44
1556339,17
1556379,28
1556407,31
1556427,52
1556428,19
1556462,124
1556492,39
1556500,50
1556511,86
1556519,21
1556531,143
1556533,20
1556577,64
1556606,33
1556619,210
1556668,83
1556701,19
1556752,56
1556765,18
1556767,40
1556782,23
1556835,35
1556836,21
1556848,41
1556880,35
1556917,32
1556943,97
1556945,17
1556962,21
1556975,16
1556977,30
1556982,36
1556986,19
1556990,39
1557013,21
1557090,17
1557141,22
1557151,35
1557228,160
1557310,23
1557314,31
1557394,51
1557396,38
1557459,95
1557466,40
1557471,42
1557540,47
1557565,113
1557647,16
1557705,132
1557710,27
1557715,19
1557752,26
1557754,17
1557775,59
1557792,1137
1557874,30
1557889,43
1557933,24
1557954,24
1557985,20
1557993,17
1558059,32
1558098,73
1558112,25
1558117,32
1558138,38
1558139,29
1558208,300
1558249,16
1558285,25
1558306,19
1558360,83
1558386,45
1558413,17
1558438,20
1558519,17
1558549,19
1558576,25
1558622,25
1558631,17
1558644,25
1558684,18
1558712,21
1558734,32
1558736,120
1558755,63
1558803,49
1558806,153
1558909,26
1558928,17
1558932,20
1558945,34
1558950,38
1558951,132
1558959,33
1559014,44
1559037,23
1559125,21
1559158,47
1559182,780
1559214,21
1559253,34
1559272,36
1559280,19
1559303,30
1559319,25
1559359,21
1559413,23
1559467,81
1559524,21
1559529,150
1559561,53
1559715,117
1559724,26
1559733,18
1559751,43
1559759,22
1559769,60
1559821,17
1559843,50
1559869,20
1559917,31
1559950,25
1559952,125
1559971,19
1560022,23
1560051,44
1560063,33
1560064,16
1560180,42
1560209,21
1560225,36
1560231,22
1560293,162
1560310,23
1560313,128
1560342,19
1560361,22
1560415,21
1560454,138
1560510,23
1560546,48
1560590,38
1560688,21
1560699,30
1560705,28
1560706,38
1560751,723
1560760,96
1560778,338
1560800,29
1560866,55
1560906,21
1560943,52
1560977,20
1561000,19
1561044,24
1561047,83
1561063,21
1561064,22
1561083,31
1561086,27
1561130,48
1561133,109
1561184,23
1561188,40
1561246,27
1561437,27
1561441,28
1561460,31
1561541,36
1561544,46
1561545,37
1561595,20
1561598,33
1561638,16
1561662,20
1561700,20
1561706,29
1561726,32
1561765,29
1561775,30
1561784,72
1561830,39
1561857,18
1561890,20
1561898,31
1561920,29
1561929,35
1561939,33
1561950,17
1561951,47
1561972,642
1561985,27
1561997,809
1562000,39
1562016,20
1562022,21
1562094,180
1562172,38
1562211,345
1562237,60
1562284,181
1562361,48
1562383,122
1562419,17
1562421,27
1562460,43
1562465,32
1562466,16
1562514,162
1562521,46
1562527,21
1562536,132
1562657,25
1562720,18
1562783,22
1562794,22
1562848,20
1562856,22
1562919,28
1562938,43
1562978,63
1562999,22
1563087,189
1563128,27
1563160,32
1563173,18
1563208,218
1563232,26
1563236,22
1563243,28
1563251,22
1563294,17
1563335,20
1563346,19
1563349,24
1563350,19
1563404,18
1563419,47
1563446,32
1563478,46
1563504,32
1563574,18
1563657,108
1563661,48
1563664,19
1563676,19
1563683,42
1563726,19
1563740,35
1563760,16
1563797,67
1563805,20
1563812,43
1563925,50
1563939,17
1563954,20
1563960,24
1563973,39
1563987,17
1563992,74
1564016,93
1564088,17
1564125,148
1564181,29
1564199,18
1564272,17
1564348,23
1564352,67
1564393,40
1564430,21
1564436,69
1564486,25
1564520,27
1564532,24
1564625,485
1564626,466
1564667,17
1564737,17
1564744,119
1564790,27
1564801,56
1564829,887
1564858,18
1564922,21
1564963,22
1564966,30
1565073,17
1565090,17
1565112,31
1565151,65
1565157,377
1565195,21
1565227,65
1565235,37
1565243,34
1565351,31
1565436,18
1565450,22
1565464,32
1565495,29
1565551,19
1565563,49
1565598,22
1565605,19
1565614,106
1565623,32
1565691,24
1565719,172
1565794,16
1565812,76
1565840,23
1565858,19
1565865,25
1565907,30
1565973,20
1565990,38
1566029,25
1566034,51
1566091,34
1566093,27
1566144,21
1566177,22
1566181,16
1566187,36
1566249,52
1566257,75
1566272,156
1566283,21
1566431,79
1566433,45
1566479,28
1566525,18
1566539,194
1566564,40
1566573,541
1566576,21
1566620,61
1566621,18
1566670,17
1566677,24
1566680,17
1566689,32
1566731,81
1566752,36
1566753,31
1566777,106
1566806,52
1566815,42
1566826,34
1566854,20
1566871,41
1566895,16
1566933,34
1566938,19
1566975,87
1567007,16
1567008,27
1567015,48
1567035,104
1567119,18
1567126,435
1567153,32
1567221,80
1567267,20
1567299,19
1567306,56
1567324,25
1567370,48
1567380,21
1567474,37
1567508,39
1567549,18
1567600,31
1567635,27
1567677,28
1567719,26
1567740,90
1567827,21
1567888,17
1567889,18
1567898,44
1567942,205
1567943,105
1567956,16
1567960,66
1567970,127
1567976,80
1568044,42
1568077,22
1568108,38
1568118,71
1568148,739
1568150,19
1568152,23
1568174,27
1568224,74
1568294,43
1568308,18
1568314,16
1568390,22
1568488,18
1568544,26
1568592,16
1568623,66
1568657,20
1568706,19
1568724,29
1568730,461
1568760,19
1568761,17
1568773,76
1568815,82
1568819,59
1568837,25
1568866,49
1568881,20
1568896,74
1568976,20
1568995,35
1569005,254
1569039,25
1569055,62
1569129,82
1569159,33
1569189,19
1569207,16
1569268,16
1569290,19
1569292,28
1569324,36
1569335,38
1569380,22
1569387,21
1569396,23
1569436,27
1569484,19
1569545,755
1569572,18
1569582,40
1569586,21
1569613,16
1569648,18
1569751,20
1569799,27
1569914,21
1569923,30
1569950,18
1569966,16
1570017,298
1570033,38
1570057,44
1570081,17
1570163,30
1570168,17
1570194,24
1570206,20
1570244,17
1570266,17
1570307,21
1570336,27
1570363,41
1570416,219
1570522,25
1570548,204
1570564,21
1570602,116
1570633,21
1570689,18
1570691,58
1570777,27
1570789,48
1570798,16
1570838,358
1570873,555
1570909,19
1570988,126
1570989,24
1570990,136
1571066,60
1571096,116
1571098,211
1571122,16
1571199,145
1571234,22
1571242,16
1571264,17
1571393,18
1571398,26
1571406,27
1571409,20
1571418,25
1571431,20
1571435,36
1571486,27
1571533,18
1571662,191
1571766,134
1571772,117
1571775,52
1571776,19
1571777,35
1571785,19
1571794,28
1571836,27
1571925,28
1571984,45
1572020,20
1572070,18
1572114,29
1572141,690
1572230,18
1572233,21
1572270,18
1572361,141
1572378,17
1572379,88
1572401,19
1572462,39
1572498,18
1572525,855
1572546,72
1572687,31
1572699,26
1572740,87
1572754,20
1572763,20
1572814,378
1572860,18
1572864,101
1572881,114
1572918,163
1572924,24
1572962,34
1572997,25
1573029,34
1573036,63
1573051,50
1573075,401
1573080,45
1573092,27
1573115,31
1573124,20
1573140,17
1573150,21
1573214,33
1573216,37
1573247,63
1573264,25
1573373,19
1573382,17
1573393,42
1573398,41
1573403,80
1573414,24
1573431,70
1573432,17
1573443,18
1573445,16
1573522,18
1573554,204
1573627,33
1573699,79
1573825,30
1573881,37
1573950,18
1574023,25
1574108,53
1574150,19
1574153,201
1574173,32
1574208,31
1574209,20
1574220,23
1574248,123
1574292,18
1574322,22
1574339,19
1574344,33
1574417,20
1574438,34
1574446,29
1574539,267
1574658,16
1574664,54
1574831,116
1574840,34
1574857,19
1574871,39
1574913,39
1574919,43
1574928,24
1574970,17
1575001,47
1575008,22
1575017,32
1575023,36
1575039,45
1575045,54
1575049,32
1575062,23
1575088,23
1575132,36
1575162,23
1575179,18
1575186,76
1575187,40
1575194,23
1575220,128
1575237,16
1575266,74
1575280,27
1575290,33
1575300,32
1575328,22
1575344,30
1575377,23
1575399,17
1575443,29
1575447,22
1575469,27
1575495,22
1575521,25
1575543,48
1575559,142
1575570,34
1575603,44
1575626,53
1575627,42
1575694,40
1575705,16
1575785,21
1575844,18
1575877,22
1575889,27
1575922,21
1575950,89
1575971,35
1576008,23
1576025,16
1576042,84
1576081,49
1576085,37
1576089,22
1576212,17
1576334,28
1576343,16
1576354,80
1576376,410
1576379,21
1576384,20
1576399,64
1576430,17
1576432,16
1576442,28
1576444,19
1576455,21
1576460,132
1576497,23
1576518,17
1576555,21
1576722,26
1576735,28
1576749,141
1576825,20
1576842,25
1576888,27
1576936,86
1576970,93
1576971,37
1576989,19
1576992,16
1577046,554
1577048,22
1577075,23
1577119,61
1577153,24
1577179,42
1577202,22
1577364,16
1577387,17
1577411,28
1577417,49
1577430,342
1577450,46
1577481,19
1577504,68
1577577,33
1577600,30
1577620,45
1577656,31
1577687,20
1577697,82
1577713,24
1577856,29
1577890,18
1577898,63
1577904,348
1577917,19
1577932,30
1577956,106
1578055,69
1578093,21
1578104,23
1578144,34
1578166,68
1578245,19
1578302,20
1578305,65
1578310,42
1578348,391
1578374,17
1578406,20
1578419,16
1578536,23
1578553,16
1578576,26
1578597,17
1578611,20
1578639,114
1578678,18
1578729,17
1578753,18
1578789,46
1578802,62
1578816,25
1578821,18
1578829,26
1578834,42
1578869,41
1578948,250
1578949,34
1578956,18
1578973,16
1579013,125
1579028,28
1579047,23
1579127,784
1579153,42
1579177,21
1579234,189
1579259,47
1579260,49
1579286,18
1579290,83
1579317,168
1579327,218
1579451,17
1579452,21
1579457,80
1579460,240
1579488,37
1579537,23
1579605,33
1579660,42
1579746,17
1579747,39
1579768,53
1579849,21
1579854,22
1579891,29
1579896,16
1579924,29
1579937,55
1579960,199
1579995,84
1580084,17
1580099,16
1580106,31
1580120,57
1580196,36
1580203,36
1580210,159
1580223,27
1580276,22
1580280,58
1580294,45
1580296,21
1580378,18
1580379,52
1580396,16
1580398,956
1580417,73
1580436,813
1580441,123
1580465,26
1580474,40
1580486,28
1580525,26
1580557,102
1580558,41
1580585,54
1580594,374
1580613,19
1580616,38
1580637,51
1580646,349
1580687,657
1580692,30
1580703,44
1580755,382
1580825,20
1580827,25
1580841,56
1580889,24
1581034,102
1581057,17
1581058,16
1581082,47
1581116,33
1581120,23
1581154,27
1581178,18
1581239,47
1581242,38
1581253,16
1581316,19
1581330,86
1581348,16
1581357,25
1581404,57
1581420,26
1581421,17
1581579,143
1581617,16
1581646,31
1581687,17
1581692,19
1581701,86
1581704,17
1581718,36
1581719,46
1581734,22
1581739,24
1581759,85
1581852,46
1581861,73
1581875,22
1581878,21
1581884,59
1581905,24
1582084,25
1582117,23
1582147,84
1582161,37
1582204,24
1582235,16
1582253,101
1582266,20
1582287,20
1582325,88
1582332,27
1582339,59
1582380,80
1582382,20
1582422,43
1582426,40
1582445,29
1582446,50
1582463,21
1582514,84
1582525,20
1582547,20
1582554,339
1582566,96
1582576,20
1582665,31
1582745,37
1582793,18
1582797,48
1582819,16
1582884,36
1582960,37
1582969,61
1582979,65
1582998,86
1583006,18
1583011,244
1583044,48
1583151,18
1583250,33
1583257,21
1583294,38
1583354,17
1583365,58
1583411,16
1583415,20
1583476,47
1583519,20
1583546,67
1583551,18
1583552,81
1583603,18
1583626,26
1583680,36
1583823,535
1583845,55
1583854,22
1583858,27
1583892,40
1583917,32
1583938,21
1583939,112
1583978,27
1584024,25
1584064,16
1584161,36
1584165,32
1584195,16
1584237,82
1584240,16
1584282,19
1584339,27
1584388,16
1584432,56
1584441,32
1584462,20
1584471,66
1584474,24
1584482,33
1584509,19
1584525,20
1584541,504
1584629,128
1584633,55
1584714,17
1584715,23
1584846,103
1584883,39
1584938,17
1584941,307
1584943,54
1584969,71
1584998,20
1585111,107
1585120,58
1585144,49
1585148,78
1585165,45
1585168,220
1585184,21
1585222,31
1585227,38
1585233,30
1585234,18
1585235,33
1585280,18
1585286,62
1585305,31
1585312,18
1585395,18
1585399,22
1585408,250
1585455,32
1585467,21
1585499,185
1585527,28
1585643,34
1585658,2768
1585707,118
1585711,36
1585752,17
1585764,44
1585844,16
1585918,27
1585931,69
1585935,25
1585943,24
1586086,30
1586116,20
1586128,17
1586178,18
1586209,296
1586298,19
1586333,20
1586406,35
1586460,24
1586476,441
1586522,20
1586525,18
1586548,104
1586564,29
1586565,32
1586570,73
1586588,408
1586652,18
1586709,18
1586735,35
1586762,525
1586776,54
1586833,41
1586879,917
1586887,16
1586908,38
1586919,28
1586929,18
1586972,20
1586988,24
1587042,42
1587052,20
1587167,27
1587199,18
1587271,36
1587322,36
1587334,34
1587336,18
1587363,21
1587376,27
1587379,19
1587424,134
1587467,17
1587494,60
1587497,22
1587535,30
1587554,18
1587556,224
1587630,19
1587631,19
1587636,205
1587650,23
1587652,102
1587673,32
1587678,51
1587679,16
1587687,30
1587688,27
1587696,24
1587701,27
1587705,27
1587739,27
1587846,305
1587898,69
1587938,631
1587977,24
1588021,22
1588040,641
1588059,50
1588081,18
1588107,36
1588167,16
1588188,20
1588219,16
1588220,29
1588244,21
1588334,306
1588358,35
1588371,41
1588443,19
1588456,18
1588473,27
1588509,19
1588576,22
1588618,19
1588620,34
1588658,77
1588693,53
1588699,92
1588776,36
1588876,18
1588880,35
1588931,33
1588943,19
1588959,106
1588976,26
1589033,56
1589064,19
1589067,37
1589068,35
1589089,56
1589093,19
1589167,29
1589195,30
1589203,30
1589248,23
1589268,34
1589273,32
1589275,37
1589289,19
1589292,163
1589415,27
1589433,155
1589483,36
1589522,31
1589548,21
1589602,66
1589620,68
1589625,20
1589644,17
1589677,29
1589730,16
1589737,18
1589777,348
1589810,81
1589846,22
1589853,19
1590003,16
1590018,39
1590066,19
1590137,26
1590163,19
1590185,114
1590188,26
1590190,21
1590230,23
1590286,99
1590334,19
1590373,18
1590397,25
1590401,35
1590458,20
1590459,19
1590501,29
1590512,49
1590513,49
1590618,98
1590620,19
1590621,16
1590627,19
1590633,11452
1590649,40
1590692,32
1590715,48
1590725,24
1590801,24
1590859,20
1590921,20
1590927,16
1590950,24
1591067,304
1591086,31
1591103,33
1591135,17
1591149,24
1591191,44
1591207,20
1591251,17
1591290,18
1591392,66
1591409,32
1591431,43
1591488,20
1591505,34
1591522,55
1591619,56
1591625,97
1591651,23
1591658,91
1591667,52
1591671,52
1591773,36
1591809,45
1591822,42
1591863,38
1591867,118
1591957,18
1591995,21
1592015,149
1592029,49
1592080,22
1592084,25
1592096,61
1592184,26
1592198,18
1592320,60
1592375,46
1592488,119
1592505,143
1592506,22
1592513,20
1592516,22
1592557,39
1592658,19
1592737,76
1592808,48
1592878,18
1592880,23
1592973,31
1592977,96
1593085,75
1593146,89
1593190,16
1593195,78
1593248,21
1593258,19
1593299,29
1593304,16
1593348,17
1593363,58
1593382,32
1593450,21
1593501,100
1593632,86
1593634,99
1593639,22
1593654,45
1593733,20
1593744,17
1593793,31
1593829,130
1593837,28
1593899,27
1593942,22
1593944,16
1594061,1646
1594087,19
1594108,27
1594130,33
1594153,40
1594191,17
1594228,17
1594239,21
1594251,35
1594268,384
1594402,1544
1594421,239
1594422,29
1594433,43
1594450,17
1594455,16
1594463,26
1594469,30
1594520,22
1594534,22
1594594,23
1594648,34
1594650,41
1594659,17
1594666,20
1594685,31
1594688,21
1594703,143
1594721,31
1594725,43
1594766,21
1594866,17
1594893,35
1594906,17
1594911,81
1594915,16
1594925,69
1594965,21
1594985,163
1595016,84
1595057,29
1595066,31
1595071,130
1595088,29
1595139,42
1595143,17
1595151,29
1595158,25
1595161,27
1595166,22
1595190,19
1595208,22
1595224,45
1595254,20
1595261,18
1595289,23
1595337,18
1595371,32
1595404,1801
1595458,62
1595475,19
1595510,139
1595531,78
1595538,225
1595552,18
1595567,17
1595583,526
1595597,31
1595696,43
1595701,23
1595704,19
1595804,48
1595875,25
1595888,31
1595925,102
1595943,31
1595949,46
1595975,35
1595982,30
1595994,65
1596000,17
1596089,32
1596126,26
1596150,24
1596154,22
1596162,47
1596165,29
1596183,18
1596197,29
1596272,20
1596277,67
1596342,33
1596344,16
1596401,24
1596444,116
1596447,73
1596479,30
1596486,21
1596490,30
1596518,167
1596596,63
1596600,20
1596724,94
1596768,35
1596782,623
1596799,29
1596810,16
1596867,16
1596878,29
1596998,18
1597125,26
1597174,17
1597214,18
1597320,25
1597321,44
1597360,28
1597418,18
1597491,21
1597538,43
1597621,40
1597633,22
1597661,60
1597669,117
1597732,117
1597782,73
1597789,1258
1597846,24
1597874,21
1597898,22
1597935,135
1597967,45
1597994,23
1598033,31
1598040,17
1598073,22
1598113,22
1598117,16
1598151,21
1598152,39
1598183,25
1598233,81
1598252,30
1598264,71
1598463,44
1598478,53
1598494,138
1598532,16
1598565,64
1598603,19
1598609,54
1598703,78
1598767,44
1598780,55
1598783,27
1598788,24
1598846,23
1598970,29
1598997,24
1599034,22
1599104,67
1599107,63
1599111,29
1599137,78
1599156,238
1599163,18
1599222,23
1599227,620
1599277,198
1599302,20
1599347,186
1599357,23
1599385,25
1599388,48
1599399,16
1599406,32
1599446,1068
1599493,53
1599502,28
1599533,25
1599546,99
1599560,297
1599641,122
1599642,36
1599664,18
1599744,27
1599780,38
1599788,25
1599825,48
1599843,30
1599852,76
1599860,70
1599897,36
1599902,24
1599925,202
1599993,27
1600002,24
1600032,19
1600045,31
1600053,23
1600140,22
1600169,25
1600179,48
1600197,24
1600202,56
1600206,28
1600208,29
1600232,19
1600245,43
1600323,16
1600338,96
1600347,24
1600372,17
1600403,18
1600441,57
1600474,26
1600505,19
1600519,103
1600522,27
1600547,24
1600561,17
1600598,23
1600621,132
1600643,18
1600658,19
1600707,41
1600719,2580
1600743,118
1600810,37
1600815,162
1600854,23
1600869,17
1601002,58
1601081,48
1601096,71
1601110,17
1601128,22
1601159,184
1601177,20
1601205,57
1601238,200
1601346,18
1601374,21
1601429,27
1601470,18
1601481,23
1601491,39
1601538,16
1601544,147
1601556,32
1601557,34
1601590,18
1601595,208
1601611,63
1601615,91
1601650,38
1601654,54
1601728,47
1601754,74
1601755,77
1601760,40
1601769,139
1601785,33
1601809,90
1601842,17
1601854,29
1601880,17
1601941,26
1601943,32
1601995,28
1602002,18
1602037,17
1602072,38
1602082,53
1602128,341
1602139,65
1602154,20
1602165,105
1602277,200
1602299,56
1602312,36
1602329,34
1602358,20
1602372,2750
1602382,19
1602386,59
1602392,32
1602421,437
1602429,66
1602465,39
1602474,21
1602499,39
1602503,16
1602606,27
1602607,56
1602620,47
1602748,42
1602851,80
1602937,156
1602938,71
1602976,19
1602978,18
1603062,130
1603090,17
1603139,27
1603173,18
1603185,40
1603196,36
1603301,46
1603312,21
1603330,71
1603383,94
1603414,18
1603426,18
1603450,123
1603469,44
1603492,45
1603515,21
1603622,44
1603648,22
1603653,27
1603692,59
1603718,32
1603729,19
1603805,21
1603819,23
1603828,17
1603881,18
1603882,138
1603959,51
1604083,44
1604140,18
1604165,18
1604218,57
1604219,32
1604222,1369
1604257,29
1604332,35
1604347,33
1604401,22
1604410,31
1604424,29
1604431,47
1604466,23
1604471,20
1604490,99
1604513,20
1604525,30
1604545,37
1604571,20
1604585,17
1604587,20
1604612,42
1604660,27
1604664,17
1604683,393
1604695,53
1604726,17
1604789,68
1604821,29
1604870,27
1604875,17
1604891,17
1604916,99
1604961,16
1604985,76
1604998,16
1605006,73
1605016,61
1605043,206
1605048,18
1605066,33
1605098,37
1605099,18
1605161,20
1605196,19
1605223,93
1605247,31
1605304,16
1605357,27
1605377,77
1605429,31
1605435,33
1605487,18
1605557,36
1605572,29
1605582,62
1605614,17
1605646,39
1605665,36
1605737,19
1605747,17
1605779,88
1605780,18
1605787,98
1605798,29
1605803,254
1605814,56
1605845,18
1605883,146
1605954,21
1605963,89
1605971,40
1606068,17
1606104,128
1606120,44
1606162,90
1606168,51
1606196,17
1606203,16
1606218,142
1606259,62
1606280,35
1606358,30
1606407,24
1606420,22
1606463,18
1606515,20
1606527,18
1606535,22
1606588,44
1606675,32
1606695,25
1606708,16
1606719,19
1606736,22
1606769,18
1606770,18
1606789,150
1606836,79
1606846,49
1606847,29
1606854,139
1606860,16
1606961,370
1606987,23
1606994,17
1607065,25
1607070,25
1607082,81
1607093,18
1607122,59
1607132,16
1607133,363
1607227,20
1607247,24
1607267,20
1607278,16
1607281,45
1607356,35
1607368,99
1607379,28
1607391,28
1607396,16
1607408,21
1607462,259
1607500,48
1607555,137
1607569,64
1607600,17
1607665,20
1607774,69
1607803,2531
1607820,32
1607830,4558
1607833,36
1607846,16
1607858,22
1607876,18
1607904,27
1607921,18
1607960,48
1607977,43
1608106,44
1608179,39
1608196,22
1608288,26
1608311,53
1608317,28
1608385,369
1608387,16
1608444,27
1608445,72
1608457,18
1608499,31
1608511,28
1608518,31
1608527,51
1608552,74
1608553,96
1608564,19
1608587,17
1608628,25
1608669,26
1608716,36
1608728,33
1608733,32
1608793,25
1608858,17
1608866,17
1608875,33
1608882,16
1608919,54
1608986,60
1609071,21
1609087,114
1609089,19
1609133,36
1609145,27
1609170,22
1609181,193
1609195,49
1609210,18
1609239,23
1609242,17
1609267,106
1609326,38
1609340,91
1609418,20
1609458,497
1609493,61
1609503,38
1609507,37
1609663,72
1609698,16
1609728,126
1609744,18
1609804,21
1609807,370
1609866,73
1609914,28
1609925,62
1609963,28
1609978,17
1610146,34
1610164,77
1610214,229
1610236,36
1610257,105
1610285,26
1610336,17
1610422,16
1610429,25
1610477,17
1610520,17
1610587,90
1610607,19
1610631,37
1610651,1510
1610715,111
1610792,68
1610895,130
1610940,17
1610941,27
1610963,59
1610973,19
1610975,120
1610985,23
1610998,43
1611023,28
1611024,23
1611039,19
1611086,39
1611182,25
1611194,16
1611252,25
1611362,30
1611363,26
1611381,18
1611402,21
1611411,16
1611432,103
1611440,21
1611444,18
1611455,17
1611463,112
1611517,27
1611524,5678
1611582,19
1611633,22
1611719,29
1611799,61
1611905,19
1611921,20
1611953,67
1611963,32
1611965,53
1611970,49
1611986,67
1612127,19
1612128,18
1612145,42
1612176,174
1612212,20
1612222,36
1612244,16
1612290,25
1612316,31
1612322,29
1612361,18
1612373,23
1612374,80
1612375,37
1612380,43
1612386,27
1612389,25
1612396,16
1612414,36
1612448,33
1612455,29
1612470,128
1612487,23
1612502,19
1612613,20
1612618,22
1612619,45
1612692,22
1612726,18
1612847,27
1612879,31
1612881,19
1612929,24
1612932,27
1612963,79
1613017,21
1613045,16
1613116,72
1613174,16
1613192,20
1613210,21
1613233,23
1613252,52
1613309,29
1613352,25
1613369,19
1613376,36
1613383,17
1613436,28
1613441,32
1613465,23
1613477,23
1613506,38
1613512,18
1613544,16
1613586,17
1613604,49
1613677,34
1613690,17
1613696,219
1613726,19
1613864,40
1613888,26
1613896,59
1613897,31
1613938,31
1614022,27
1614036,24
1614084,141
1614124,79
1614185,118
1614203,46
1614318,42
1614328,43
1614340,25
1614371,28
1614393,33
1614467,53
1614497,34
1614507,32
1614516,44
1614526,47
1614536,111
1614606,153
1614698,16
1614705,19
1614721,45
1614736,104
1614940,27
1614955,22
1615031,80
1615045,19
1615064,23
1615109,52
1615124,25
1615160,25
1615189,91
1615203,57
1615221,22
1615346,18
1615364,194
1615367,53
1615372,87
1615388,20
1615449,47
1615470,18
1615555,23
1615588,37
1615629,53
1615658,65
1615659,28
1615687,43
1615755,38
1615852,58
1615853,42
1615854,23
1615857,22
1615915,23
1616005,22
1616016,32
1616029,17
1616049,143
1616050,28
1616068,21
1616091,24
1616130,28
1616138,1377
1616139,24
1616154,82
1616203,16
1616318,49
1616358,30
1616470,31
1616471,44
1616473,17
1616491,214
1616508,16
1616528,50
1616539,18
1616614,17
1616710,20
1616793,17
1616861,24
1616890,16
1616901,45
1616948,368
1616965,34
1617027,20
1617048,16
1617124,17
1617143,21
1617164,50
1617168,50
1617218,16
1617294,30
1617324,38
1617332,53
1617334,21
1617341,23
1617396,16
1617402,187
1617403,132
1617434,21
1617448,37
1617457,55
1617514,59
1617656,16
1617712,16
1617713,67
1617753,450
1617757,25
1617762,61
1617870,17
1617872,29
1617946,28
1617968,24
1617993,48
1618027,17
1618038,447
1618065,88
1618172,17
1618226,23
1618227,34
1618243,43
1618252,35
1618272,24
1618280,40
1618310,51
1618351,18
1618403,19
1618539,24
1618573,41
1618584,47
1618600,23
1618611,34
1618620,23
1618626,17
1618633,49
1618728,21
1618730,18
1618751,165
1618793,25
1618821,63
1618876,111
1618881,3790
1618898,33
1618901,25
1618969,3329
1618990,28
1619046,22
1619102,79
1619155,51
1619220,78
1619235,30
1619324,182
1619347,42
1619357,26
1619429,21
1619433,67
1619453,36
1619560,18
1619588,256
1619606,100
1619622,48
1619651,16
1619786,24
1619895,57
1619903,22
1619908,73
1619926,49
1619980,17
1619983,48
1620019,37
1620035,52
1620148,16
1620182,18
1620202,34
1620208,46
1620227,68
1620252,18
1620263,28
1620338,16
1620459,124
1620460,17
1620493,80
1620537,21
1620559,23
1620569,49
1620727,30
1620797,79
1620809,28
1620812,81
1620872,20
1620902,18
1620922,21
1620987,102
1620994,19
1621020,18
1621029,201
1621060,23
1621131,18
1621137,71
1621155,39
1621175,17
1621182,22
1621235,145
1621245,66
1621296,136
1621308,39
1621371,35
1621389,27
1621407,19
1621456,68
1621475,489
1621515,21
1621520,29
1621536,46
1621544,97
1621582,18
1621592,24
1621694,36
1621700,30
1621701,17
1621705,16
1621746,49
1621750,36
1621787,19
1621812,28
1621836,57
1621837,40
1621843,21
1621885,29
1621900,841
1621907,35
1621910,45
1621926,25
1621935,53
1621968,1704
1622002,155
1622067,21
1622089,115
1622101,72
1622167,17
1622195,24
1622205,207
1622227,23
1622251,40
1622254,20
1622266,96
1622273,23
1622322,27
1622342,27
1622357,270
1622391,23
1622464,16
1622509,33
1622533,34
1622578,32
1622644,45
1622651,364
1622669,22
1622674,53
1622684,45
1622703,75
1622718,18
1622720,20
1622739,21
1622815,24
1622901,79
1622902,18
1622910,56
1622922,25
1622958,30
1623008,22
1623014,24
1623018,21
1623039,497
1623092,34
1623098,59
1623143,19
1623182,26
1623228,39
1623238,24
1623240,27
1623256,20
1623274,74
1623344,22
1623354,34
1623367,30
1623390,95
1623444,38
1623501,25
1623513,27
1623613,47
1623615,116
1623620,76
1623634,49
1623643,17
1623663,17
1623677,20
1623683,19
1623711,18
1623727,24
1623728,93
1623802,80
1623803,34
1623882,23
1623901,25
1623911,44
1623915,17
1623939,20
1623940,21
1623966,35
1624008,24
1624065,37
1624078,269
1624079,38
1624091,16
1624094,22
1624096,72
1624109,47
1624110,18
1624125,59
1624128,69
1624142,18
1624164,29
1624203,19
1624226,126
1624250,143
1624269,189
1624271,19
1624277,20
1624319,31
1624320,20
1624322,31
1624327,19
1624331,37
1624336,20
1624429,16
1624430,56
1624445,38
1624480,54
1624507,32
1624514,71
1624581,19
1624612,56
1624617,32
1624655,21
1624660,71
1624744,20
1624749,27
1624799,29
1624833,74
1624854,25
1624870,35
1624930,41
1624932,49
1624979,16
1624980,42
1625006,35
1625007,36
1625019,42
1625022,18
1625129,34
1625204,30
1625222,80
1625226,51
1625251,19
1625253,18
1625263,32
1625296,40
1625317,33
1625344,38
1625368,22
1625412,170
1625426,20
1625479,18
1625505,19
1625581,47
1625596,232
1625696,19
1625723,43
1625724,33
1625742,23
1625783,17
1625817,44
1625827,294
1625887,72
1625903,102
1625913,23
1625925,72
1625938,23
1625955,23
1625972,17
1625984,31
1625991,25
1626002,27
1626005,20
1626069,60
1626071,29
1626129,55
1626143,31
1626155,17
1626289,16
1626290,16
1626292,17
1626385,1292
1626399,51
1626434,17
1626449,19
1626454,116
1626487,20
1626498,18
1626533,17
1626540,17
1626671,22
1626688,21
1626753,16
1626762,35
1626793,55
1626795,18
1626845,19
1626896,61
1626935,40
1626937,77
1626945,20
1626965,18
1626970,16
1627027,273
1627028,16
1627073,16
1627102,47
1627138,18
1627172,29
1627174,23
1627220,72
1627236,27
1627305,29
1627306,44
1627326,18
1627346,26
1627354,18
1627358,826
1627399,25
1627401,43
1627428,19
1627440,33
1627459,46
1627497,48
1627543,42
1627585,47
1627586,305
1627587,29
1627627,21
1627644,44
1627648,16
1627676,102
1627737,37
1627745,80
1627804,74
1627805,21
1627821,23
1627863,20
1627898,20
1627901,31
1627913,341
1627932,43
1627933,28
1627956,21
1627961,36
1627990,977
1627993,32
1628036,20
1628091,19
1628129,20
1628136,78
1628146,61
1628147,146
1628168,82
1628197,33
1628202,29
1628221,23
1628252,44
1628265,28
1628307,2903
1628347,27
1628376,22
1628391,26
1628408,25
1628415,58
1628451,17
1628475,34
1628490,18
1628524,22
1628538,18
1628551,50
1628595,16
1628613,19
1628616,45
1628673,27
1628683,167
1628725,21
1628810,274
1628820,139
1628828,81
1628841,20
1628904,49
1628921,26
1628951,23
1628980,23
1629057,64
1629063,47
1629073,25
1629076,32
1629084,21
1629160,36
1629161,80
1629187,47
1629194,29
1629206,20
1629238,24
1629239,18
1629265,23
1629271,111
1629352,24
1629414,29
1629487,49
1629488,22
1629495,22
1629524,19
1629539,45
1629545,18
1629547,17
1629552,19
1629646,28
1629686,21
1629701,28
1629742,146
1629755,22
1629767,87
1629785,16
1629787,35
1629800,35
1629847,173
1629916,19
1630094,24
1630106,17
1630121,3467
1630200,50
1630221,18
1630222,20
1630227,17
1630246,51
1630276,27
1630295,32
1630309,217
1630310,48
1630319,17
1630321,16
1630333,29
1630351,21
1630415,21
1630422,40
1630423,51
1630475,18
1630510,26
1630525,67
1630538,22
1630617,24
1630620,91
1630677,67
1630681,19
1630696,48
1630730,131
1630751,38
1630810,53
1630829,26
1630840,19
1630847,24
1630876,23
1630877,28
1630880,47
1630887,30
1630893,21
1630894,270
1630953,77
1631065,22
1631066,32
1631178,171
1631187,18
1631213,46
1631222,24
1631225,25
1631250,25
1631266,20
1631273,27
1631297,33
1631357,91
1631365,51
1631398,73
1631410,2863
1631528,533
1631539,201
1631551,32
1631556,48
1631565,24
1631581,44
1631608,1009
1631634,28
1631636,19
1631644,21
1631646,57
1631690,41
1631715,40
1631725,53
1631762,36
1631810,16
1631884,17
1631888,23
1631978,16
1631981,21
1632000,114
1632050,18
1632067,203
1632107,50
1632111,125
1632121,45
1632143,17
1632192,126
1632210,27
1632257,265
1632288,18
1632308,37
1632329,19
1632377,39
1632385,336
1632426,33
1632466,65
1632468,17
1632547,46
1632572,34
1632645,16
1632655,28
1632672,174
1632700,46
1632701,74
1632724,28
1632728,20
1632752,20
1632773,25
1632787,53
1632804,20
1632821,45
1632850,17
1632868,30
1632885,31
1632886,16
1632939,53
1632941,102
1633009,18
1633028,24
1633040,18
1633049,21
1633091,18
1633104,27
1633133,31
1633175,16
1633193,133
1633200,37
1633229,59
1633273,19
1633291,17
1633315,30
1633316,19
1633333,23
1633411,21
1633424,16
1633426,58
1633446,395
1633534,83
1633540,19
1633541,39
1633543,59
1633578,16
1633617,39
1633618,157
1633621,16
1633627,16
1633639,78
1633649,916
1633654,1502
1633684,21
1633762,23
1633763,33
1633805,26
1633852,19
1633929,23
1633932,22
1633947,560
1633980,168
1633993,19
1634038,24
1634056,85
1634065,26
1634075,16
1634106,18
1634107,304
1634141,88
1634163,26
1634170,32
1634190,57
1634280,18
1634292,118
1634343,113
1634347,64
1634376,60
1634378,25
1634408,28
1634424,67
1634532,31
1634579,42
1634581,280
1634584,24
1634632,131
1634650,18
1634668,30
1634773,36
1634803,19
1634817,23
1634865,24
1634895,42
1634972,28
1634980,17
1635009,115
1635045,20
1635057,18
1635070,165
1635098,50
1635102,52
1635111,20
1635138,29
1635156,20
1635184,78
1635188,22
1635232,38
1635291,33
1635319,43
1635393,16
1635397,50
1635408,23
1635503,32
1635511,16
1635545,22
1635708,20
1635739,28
1635763,39
1635778,65
1635814,17
1635834,17
1635845,51
1635914,17
1635931,20
1636014,188
1636015,23
1636035,40
1636050,321
1636125,21
1636173,21
1636179,23
1636195,119
1636215,192
1636217,209
1636258,22
1636276,173
1636315,34
1636369,19
1636370,83
1636377,17
1636420,21
1636435,22
1636438,33
1636445,42
1636505,18
1636509,21
1636564,19
1636567,40
1636583,23
1636600,21
1636615,31
1636627,620
1636679,16
1636704,24
1636728,29
1636862,22
1636872,62
1636877,19
1636904,25
1636908,26
1636914,21
1636946,21
1636961,27
1636965,19
1636967,58
1637084,19
1637157,151
1637177,31
1637226,94
1637284,28
1637342,20
1637343,45
1637380,16
1637393,17
1637406,21
1637442,33
1637465,16
1637482,64
1637489,25
1637510,53
1637521,32
1637553,43
1637569,25
1637659,692
1637674,18
1637701,25
1637716,26
1637723,16
1637830,20
1637858,58
1637869,26
1637896,197
1637945,23
1637994,25
1638009,54
1638015,25
1638050,201
1638085,133
1638086,24
1638116,27
1638117,314
1638123,16
1638187,272
1638196,19
1638251,66
1638257,16
1638289,94
1638320,16
1638332,16
1638334,24
1638356,30
1638378,22
1638384,54
1638470,17
1638582,58
1638586,19
1638597,25
1638656,319
1638752,33
1638759,65
1638777,31
1638793,29
1638800,36
1638841,103
1638871,94
1638900,120
1638913,91
1638921,45
1638961,19
1638973,20
1639027,24
1639036,20
1639054,16
1639060,28
1639067,21
1639177,34
1639223,40
1639263,16
1639304,19
1639345,19
1639353,84
1639386,29
1639439,27
1639490,48
1639505,39
1639539,83
1639546,17
1639611,31
1639651,22
1639674,19
1639690,38
1639711,54
1639753,32
1639806,23
1639822,16
1639835,38
1639912,19
1639931,29
1640035,36
1640114,64
1640236,19
1640238,19
1640239,27
1640304,19
1640395,31
1640449,43
1640474,16
1640524,24
1640570,21
1640593,37
1640648,176
1640649,34
1640650,23
1640656,834
1640678,19
1640710,27
1640718,931
1640770,96
1640795,20
1640814,99
1640860,38
1640976,82
1640987,100
1641039,39
1641045,18
1641047,134
1641065,19
1641109,321
1641137,64
1641140,17
1641160,17
1641199,73
1641239,19
1641250,116
1641261,29
1641282,63
1641303,20
1641370,51
1641485,36
1641541,42
1641545,26
1641547,32
1641603,53
1641630,19
1641633,33
1641656,54
1641667,113
1641679,39
1641683,34
1641786,21
1641793,28
1641834,19
1641895,17
1641915,17
1641927,328
1641936,16
1641968,16
1641989,18
1642009,49
1642011,21
1642058,27
1642073,38
1642091,42
1642178,21
1642205,60
1642236,40
1642243,40
1642266,24
1642282,34
1642286,23
1642291,17
1642328,37
1642329,20
1642362,26
1642403,223
1642439,22
1642446,24
1642486,26
1642492,23
1642561,44
1642580,19
1642604,18
1642607,211
1642608,17
1642619,176
1642690,42
1642694,17
1642707,18
1642743,17
1642768,30
1642829,26
1642835,20
1642854,27
1642928,27
1642933,45
1642961,19
1642973,74
1643025,99
1643212,21
1643237,47
1643239,20
1643240,311
1643253,31
1643255,20
1643281,19
1643399,22
1643400,50
1643403,41
1643457,36
1643508,19
1643532,25
1643539,16
1643546,28
1643687,18
1643689,185
1643715,26
1643755,34
1643767,33
1643785,173
1643800,62
1643810,27
1643822,224
1643852,21
1643872,17
1643883,22
1643907,26
1643909,93
1643912,20
1643946,41
1643948,19
1643956,32
1643964,21
1644010,29
1644027,310
1644035,20
1644043,51
1644051,18
1644094,56
1644190,25
1644214,26
1644236,23
1644270,41
1644351,16
1644375,30
1644376,19
1644378,21
1644388,26
1644409,198
1644413,25
1644458,21
1644474,69
1644479,18
1644555,191
1644583,824
1644591,54
1644655,28
1644670,98
1644703,17
1644716,41
1644719,899
1644773,31
1644787,20
1644789,99
1644841,28
1644848,49
1644874,51
1644908,80
1644952,50
1644959,38
1644967,17
1644976,61
1644980,33
1645000,27
1645044,30
1645247,24
1645320,24
1645341,25
1645377,20
1645394,16
1645403,18
1645467,37
1645468,44
1645472,22
1645502,51
1645512,250
1645515,38
1645545,29
1645554,17
1645571,18
1645605,61
1645625,17
1645634,23
1645658,19
1645673,16
1645866,74
1645870,25
1645907,131
1645942,19
1645956,22
1646007,22
1646013,18
1646033,72
1646091,22
1646097,105
1646142,19
1646168,227
1646187,91
1646199,61
1646333,22
1646341,22
1646349,18
1646376,16
1646486,20
1646492,24
1646499,34
1646515,39
1646557,27
1646568,75
1646599,26
1646607,22
1646707,18
1646712,22
1646804,57
1646866,18
1646879,42
1646906,69
1647064,17
1647138,52
1647244,91
1647291,16
1647299,45
1647433,37
1647452,34
1647455,424
1647456,40
1647458,19
1647463,49
1647464,61
1647528,17
1647531,24
1647575,175
1647634,16
1647637,177
1647646,22
1647701,84
1647725,34
1647746,51
1647747,17
1647764,51
1647782,42
1647801,185
1647845,157
1647871,25
1647897,23
1647920,27
1647944,16
1647953,23
1647964,41
1647981,24
1648012,51
1648044,31
1648045,35
1648080,34
1648084,324
1648109,126
1648165,25
1648169,18
1648170,21
1648173,22
1648212,16
1648249,40
1648271,49
1648339,144
1648379,20
1648418,141
1648426,20
1648436,38
1648453,18
1648485,42
1648524,18
1648538,67
1648562,49
1648584,27
1648590,37
1648604,19
1648631,35
1648660,35
1648683,64
1648719,74
1648726,23
1648728,30
1648747,25
1648749,24
1648757,81
1648804,782
1648831,66
1648882,92
1648901,17
1648927,16
1648989,18
1649034,22
1649124,25
1649129,19
1649131,40
1649152,26
1649156,19
1649195,41
1649216,40
1649238,235
1649239,23
1649240,16
1649259,117
1649260,17
1649271,38
1649309,16
1649365,606
1649437,144
1649489,17
1649581,21
1649621,17
1649651,24
1649666,55
1649728,84
1649757,24
1649765,16
1649771,59
1649786,17
1649806,23
1649814,120
1649847,42
1649901,114
1649965,50
1649988,41
1650027,60
1650049,20
1650071,62
1650081,31
1650125,48
1650144,30
1650176,19
1650184,20
1650186,27
1650238,23
1650302,17
1650375,19
1650429,2241
1650441,118
1650442,75
1650481,21
1650482,24
1650523,71
1650592,16
1650595,31
1650601,25
1650671,50
1650696,17
1650754,21
1650846,19
1650858,237
1650859,271
1650905,42
1650932,126
1650939,57
1650946,64
1651109,1039
1651131,62
1651290,29
1651372,58
1651424,18
1651505,1857
1651536,81
1651598,89
1651643,198
1651711,32
1651749,21
1651752,16
1651767,45
1651775,17
1651776,22
1651785,16
1651788,47
1651789,306
1651800,24
1651808,17
1651831,118
1651874,31
1651875,23
1651876,17
1651927,32
1651980,85
1651983,1322
1652034,29
1652041,18
1652101,47
1652113,18
1652114,16
1652123,17
1652142,321
1652158,54
1652205,24
1652208,25
1652235,28
1652348,26
1652376,50
1652415,26
1652443,41
1652490,21
1652508,188
1652547,65
1652577,21
1652610,24
1652659,29
1652725,42
1652746,17
1652753,21
1652785,56
1652787,16
1652880,29
1652952,21
1652991,31
1653035,19
1653047,20
1653052,61
1653053,37
1653058,30
1653117,32
1653122,20
1653192,42
1653243,19
1653259,18
1653395,31
1653409,19
1653418,23
1653427,88
1653500,18
1653501,33
1653579,17
1653601,48
1653617,47
1653618,37
1653654,142
1653678,21
1653743,34
1653744,20
1653763,152
1653784,48
1653846,20
1653847,49
1653916,399
1653949,17
1653986,43
1654031,23
1654102,25
1654200,32
1654201,37
1654250,187
1654303,16
1654310,166
1654335,17
1654371,25
1654380,24
1654395,17
1654399,66
1654406,21
1654452,118
1654454,19
1654495,23
1654497,17
1654532,17
1654544,21
1654568,36
1654625,211
1654627,60
1654644,28
1654681,19
1654774,193
1654801,20
1654811,39
1654837,27
1654845,40
1655024,48
1655057,31
1655090,19
1655099,68
1655150,37
1655178,25
1655199,18
1655223,458
1655305,20
1655377,24
1655433,18
1655460,127
1655476,21
1655586,79
1655610,23
1655623,181
1655630,18
1655658,21
1655786,288
1655807,17
1655841,27
1655847,65
1655859,17
1655866,42
1655879,85
1655958,47
1655959,42
1656013,51
1656092,19
1656104,53
1656132,43
1656148,46
1656157,26
1656166,19
1656220,22
1656349,136
1656353,72
1656414,113
1656460,62
1656464,17
1656522,22
1656527,47
1656528,16
1656601,188
1656619,18
1656649,28
1656662,21
1656674,42
1656689,151
1656743,22
1656747,36
1656779,121
1656784,26
1656823,74
1656887,16
1656890,23
1656911,58
1656944,204
1656967,147
1656983,25
1656992,23
1657023,16
1657103,29
1657108,26
1657138,35
1657216,545
1657218,154
1657237,21
1657242,144
1657351,88
1657356,143
1657381,89
1657391,41
1657407,23
1657415,18
1657419,19
1657422,22
1657439,18
1657555,39
1657576,66
1657639,28
1657666,20
1657791,132
1657792,20
1657863,17
1657880,25
1657881,55
1657891,73
1657902,22
1657910,21
1657953,121
1657995,24
1657999,136
1658043,1173
1658100,40
1658143,17
1658191,20
1658219,20
1658294,33
1658363,137
1658390,229
1658408,57
1658419,157
1658471,56
1658526,40
1658539,16
1658566,18
1658567,17
1658577,32
1658598,29
1658612,27
1658652,17
1658655,44
1658688,41
1658705,19
1658731,21
1658753,39
1658758,29
1658813,27
1658821,99
1658865,34
1658875,60
1658902,21
1658944,38
1658957,40
1658966,58
1658968,25
1658969,107
1658975,21
1658978,54
1659074,47
1659131,65
1659180,36
1659204,18
1659222,20
1659233,24
1659234,421
1659289,26
1659295,40
1659353,21
1659385,27
1659425,20
1659461,238
1659470,151
1659554,19
1659574,95
1659628,32
1659659,18
1659728,35
1659757,16
1659770,68
1659801,78
1659858,18
1659905,71
1659962,20
1659975,53
1659979,21
1660004,17
1660009,31
1660013,56
1660018,18
1660088,20
1660098,1149
1660109,42
1660120,20
1660216,78
1660342,18
1660384,56
1660416,18
1660424,18
1660515,61
1660671,40
1660673,17
1660680,36
1660696,100
1660736,17
1660742,18
1660781,20
1660850,18
1660861,23
1660920,22
1661017,46
1661096,20
1661140,72
1661174,27
1661191,18
1661342,23
1661344,19
1661355,202
1661364,48
1661368,213
1661376,61
1661398,38
1661418,175
1661456,18
1661483,24
1661487,72
1661539,19
1661545,117
1661564,46
1661583,16
1661606,43
1661647,2912
1661651,73
1661674,19
1661734,26
1661760,46
1661793,69
1661809,32
1661811,32
1661860,18
1661892,527
1661923,71
1661943,19
1661958,29
1662022,24
1662035,75
1662047,20
1662048,59
1662049,36
1662063,57
1662075,23
1662098,21
1662116,17
1662154,28
1662170,18
1662172,137
1662175,118
1662230,26
1662249,19
1662316,19
1662357,26
1662390,17
1662402,119
1662438,146
1662475,46
1662507,30
1662541,17
1662583,1083
1662677,23
1662688,185
1662715,99
1662722,548
1662746,24
1662780,19
1662805,34
1662856,26
1662880,17
1662894,97
1662939,18
1662979,90
1663065,19
1663082,357
1663083,19
1663092,77
1663100,51
1663147,34
1663218,20
1663228,41
1663236,71
1663240,27
1663317,25
1663337,23
1663360,22
1663377,39
1663472,18
1663582,74
1663637,25
1663653,26
1663712,19
1663721,23
1663731,28
1663787,20
1663825,36
1663835,17
1663898,54
1663914,16
1663915,20
1663995,25
1664000,30
1664022,16
1664082,18
1664102,17
1664111,18
1664142,21
1664177,25
1664191,83
1664202,25
1664208,30
1664225,23
1664285,21
1664303,39
1664310,17
1664327,42
1664339,712
1664381,27
1664396,18
1664427,25
1664431,82
1664432,19
1664437,18
1664446,244
1664455,27
1664571,17
1664589,22
1664637,34
1664742,26
1664762,17
1664853,84
1664873,35
1664953,18
1664995,24
1665000,44
1665012,17
1665080,1326
1665084,22
1665085,18
1665087,16
1665207,29
1665246,3208
1665253,18
1665271,52
1665275,79
1665285,48
1665297,24
1665361,61
1665410,25
1665462,18
1665499,21
1665503,38
1665508,16
1665515,25
1665540,48
1665558,18
1665565,121
1665572,39
1665592,25
1665630,52
1665632,91
1665737,98
1665763,26
1665810,48
1665815,18
1665818,24
1665874,64
1665983,25
1666003,21
1666019,23
1666030,85
1666106,20
1666182,116
1666210,49
1666211,18
1666213,18
1666228,40
1666267,20
1666281,485
1666323,21
1666333,109
1666343,21
1666413,182
1666422,40
1666526,21
1666619,29
1666649,24
1666712,17
1666727,20
1666743,91
1666767,19
1666768,22
1666785,17
1666821,20
1666837,27
1666868,32
1666875,87
1666888,19
1666932,29
1667179,48
1667201,245
1667222,22
1667230,20
1667257,18
1667304,17
1667352,26
1667354,97
1667362,25
1667369,42
1667428,24
1667455,120
1667466,26
1667486,16
1667498,115
1667506,73
1667655,39
1667681,18
1667704,20
1667717,21
1667719,132
1667730,68
1667732,30
1667780,50
1667791,26
1667909,54
1667957,819
1667961,22
1667965,47
1667986,63
1667993,27
1668071,18
1668100,35
1668143,75
1668178,25
1668194,27
1668214,64
1668227,35
1668316,38
1668341,22
1668350,19
1668354,453
1668393,47
1668396,20
1668414,34
1668478,23
1668485,25
1668512,22
1668574,23
1668600,28
1668670,50
1668718,54
1668719,30
1668724,37
1668799,17
1668821,18
1668845,28
1668862,363
1668948,20
1669028,63
1669042,59
1669121,17
1669198,71
1669232,34
1669290,61
1669331,20
1669392,137
1669416,32
1669472,45
1669478,466
1669492,16
1669495,91
1669526,31
1669540,77
1669560,17
1669567,29
1669581,29
1669607,24
1669629,21
1669639,13962
1669726,17
1669736,43
1669782,34
1669806,24
1669859,49
1669893,42
1669919,1013
1670055,84
1670087,28
1670119,27
1670126,22
1670132,25
1670145,67
1670146,20
1670260,17
1670277,22
1670282,66
1670302,31
1670374,118
1670401,153
1670418,23
1670490,19
1670521,17
1670606,19
1670660,17
1670698,22
1670721,21
1670749,36
1670760,19
1670800,80
1670826,19
1670870,22
1670968,63
1671083,88
1671089,725
1671096,40
1671140,43
1671156,17
1671226,18
1671328,16
1671365,24
1671375,35
1671376,17
1671392,44
1671414,47
1671441,37
1671442,20
1671492,25
1671527,17
1671534,77
1671572,18
1671582,28
1671601,17
1671629,29
1671831,72
1671847,66
1671874,20
1671896,149
1671913,67
1671935,18
1671960,20
1672008,19
1672022,19
1672024,24
1672037,18
1672059,62
1672104,42
1672120,17
1672141,91
1672162,117
1672195,72
1672199,63
1672258,33
1672287,23
1672289,19
1672400,528
1672416,59
1672419,19
1672445,40
1672478,84
1672492,19
1672534,103
1672586,18
1672591,117
1672641,248
1672651,24
1672657,315
1672715,24
1672721,25
1672755,28
1672773,463
1672776,21
1672799,46
1672833,66
1672868,25
1672881,27
1672891,128
1672965,61
1672969,22
1673006,37
1673010,510
1673015,462
1673044,36
1673058,41
1673102,221
1673163,60
1673172,16
1673204,79
1673276,175
1673297,34
1673328,18
1673356,30
1673391,122
1673398,59
1673470,126
1673475,403
1673489,20
1673574,26
1673582,69
1673680,90
1673702,31
1673723,17
1673760,17
1673774,983
1673822,18
1673839,40
1673844,19
1673885,17
1673917,16
1673992,68
1674014,25
1674022,19
1674046,66
1674095,20
1674144,26
1674152,19
1674182,33
1674269,174
1674278,31
1674313,18
1674319,17
1674347,30
1674349,22
1674390,55
1674465,16
1674471,17
1674472,18
1674504,78
1674535,16
1674561,16
1674575,38
1674591,17
1674622,26
1674639,62
1674641,19
1674667,20
1674756,254
1674825,29
1674845,26
1674863,113
1674907,21
1674953,19
1675007,68
1675010,73
1675047,16
1675056,84
1675097,21
1675137,19
1675142,20
1675232,26
1675298,80
1675300,17
1675365,50
1675402,71
1675403,17
1675405,26
1675420,45
1675425,25
1675535,25
1675604,51
1675615,21
1675622,21
1675639,180
1675646,96
1675649,33
1675712,90
1675724,134
1675753,23
1675765,27
1675788,56
1675793,42
1675837,23
1675844,49
1675855,20
1675857,53
1675875,18
1675904,19
1675915,34
1675924,27
1675934,88
1675936,65
1676025,39
1676039,92
1676076,38
1676086,29
1676186,181
1676194,27
1676293,20
1676333,186
1676336,364
1676344,65
1676357,78
1676361,17
1676470,25
1676538,22
1676567,19
1676633,24
1676657,46
1676691,41
1676719,20
1676745,51
1676762,28
1676764,74
1676769,111
1676806,20
1676814,35
1676844,53
1676859,20
1676881,22
1676946,219
1676952,39
1677028,18
1677030,31
1677034,28
1677070,20
1677106,37
1677177,17
1677187,340
1677197,31
1677233,20
1677241,110
1677250,34
1677286,30
1677296,109
1677305,27
1677312,25
1677356,18
1677483,41
1677562,38
1677695,202
1677703,18
1677757,34
1677881,24
1678041,49
1678137,43
1678139,21
1678214,25
1678296,18
1678314,22
1678336,17
1678381,36
1678390,22
1678425,77
1678440,21
1678447,16
1678448,92
1678498,21
1678560,44
1678577,295
1678629,24
1678666,16
1678692,26
1678719,66
1678800,67
1678810,18
1678826,185
1678851,26
1678885,23
1678903,42
1678954,36
1678967,16
1679012,67
1679021,33
1679022,19
1679036,65
1679073,30
1679078,27
1679089,242
1679134,72
1679146,22
1679235,20
1679298,24
1679299,26
1679327,33
1679343,41
1679355,63
1679370,73
1679375,35
1679403,42
1679480,17
1679482,20
1679498,18
1679503,24
1679511,106
1679622,24
1679688,34
1679709,49
1679717,27
1679738,22
1679741,17
1679757,29
1679783,19
1679816,20
1679824,48
1679910,45
1679954,33
1679963,18
1680005,25
1680029,80
1680055,35
1680068,34
1680110,30
1680219,18
1680320,24
1680347,69
1680399,406
1680402,16
1680437,19
1680442,18
1680523,19
1680576,1289
1680641,69
1680652,85
1680666,17
1680711,38
1680725,17
1680728,23
1680747,42
1680748,23
1680749,54
1680753,16
1680754,33
1680764,36
1680770,21
1680787,40
1680856,17
1680902,61
1680962,23
1680986,16
1681035,29
1681062,20
1681079,17
1681087,24
1681104,33
1681125,16
1681134,36
1681323,55
1681334,75
1681369,27
1681408,130
1681429,21
1681484,30
1681486,30
1681509,1697
1681528,24
1681563,19
1681570,28
1681580,51
1681608,17
1681639,41
1681642,124
1681656,78
1681682,101
1681722,48
1681728,50
1681734,45
1681741,36
1681748,22
1681779,39
1681802,23
1681834,47
1681840,167
1681905,65
1681924,40
1682052,34
1682058,19
1682063,62
1682064,84
1682092,19
1682176,32
1682177,30
1682228,21
1682295,19
1682324,16
1682375,77
1682419,81
1682458,81
1682459,31
1682469,35
1682504,42
1682521,74
1682525,21
1682527,215
1682549,455
1682658,18
1682823,33
1682899,56
1682918,111
1682922,37
1682948,24
1682956,16
1682967,17
1682984,27
1683048,38
1683059,25
1683087,67
1683158,17
1683169,92
1683183,17
1683226,21
1683304,34
1683455,28
1683508,68
1683520,37
1683546,19
1683576,16
1683603,16
1683636,16
1683658,33
1683671,64
1683682,42
1683803,38
1683809,130
1683838,337
1683842,362
1683843,141
1683895,33
1683934,57
1683970,22
1684023,60
1684029,21
1684036,46
1684045,51
1684076,23
1684147,43
1684212,31
1684217,23
1684240,30
1684323,99
1684456,26
1684461,20
1684469,35
1684534,17
1684538,19
1684622,29
1684656,25
1684668,18
1684673,33
1684674,39
1684698,106
1684701,17
1684710,26
1684731,77
1684829,17
1684859,100
1684931,21
1684941,175
1684948,28
1684959,54
1684992,58
1684993,18
1684996,18
1685067,59
1685073,19
1685093,52
1685269,38
1685385,27
1685386,46
1685391,34
1685411,40
1685432,16
1685479,23
1685491,21
1685510,51
1685602,72
1685611,16
1685626,24
1685641,28
1685721,44
1685750,48
1685795,19
1685880,17
1685882,149
1685922,30
1685925,20
1685926,271
1685933,35
1685950,73
1685971,127
1686051,17
1686070,230
1686113,36
1686121,281
1686144,96
1686202,23
1686204,142
1686213,80
1686264,17
1686372,20
1686400,31
1686417,28
1686451,49
1686496,25
1686508,27
1686529,16
1686564,16
1686588,25
1686599,26
1686602,99
1686611,35
1686632,188
1686641,190
1686659,42
1686667,16
1686702,19511
1686731,34
1686763,19
1686769,19
1686786,29
1686850,19
1686859,29
1686872,55
1686873,57
1686875,17
1686942,27
1686944,41
1686947,137
1686981,24
1686982,54
1687017,17
1687030,132
1687038,33
1687040,25
1687045,28
1687171,94
1687284,224
1687340,30
1687399,20
1687469,21
1687482,25
1687530,31
1687540,224
1687578,40
1687667,22
1687676,42
1687679,22
1687720,18
1687727,21
1687755,75
1687767,21
1687768,1044
1687785,138
1687809,26
1687811,51
1687867,21
1687883,162
1687891,23
1687923,24
1687993,22
1688049,37
1688076,23
1688097,82
1688155,19
1688161,139
1688171,27
1688183,18
1688188,18
1688192,21
1688208,29
1688233,16
1688246,27
1688268,16
1688281,31
1688285,184
1688301,55
1688311,19
1688386,19
1688420,22
1688532,88
1688582,89
1688639,33
1688664,52
1688714,138
1688743,21
1688744,18
1688746,17
1688764,23
1688807,40
1688809,25
1688974,17
1689013,31
1689065,21
1689086,19
1689097,218
1689145,29
1689167,21
1689170,21
1689226,20
1689393,34
1689415,252
1689436,63
1689438,120
1689452,32
1689466,30
1689486,35
1689541,87
1689623,38
1689626,17
1689632,25
1689649,23
1689695,1450
1689710,167
1689729,26
1689734,23
1689745,39
1689788,20
1689809,10105
1689835,16
1689869,34
1689995,21
1690034,27
1690059,57
1690108,55
1690112,19
1690124,16
1690128,20
1690131,30
1690177,77
1690207,33
1690214,74
1690229,28
1690292,21
1690323,34
1690332,20
1690374,1496
1690381,23
1690401,22
1690403,24
1690461,18
1690482,54
1690494,362
1690517,76
1690518,22
1690539,83
1690550,178
1690560,44
1690602,18
1690672,19
1690712,50
1690726,21
1690773,56
1690831,76
1690856,356
1690875,30
1690887,41
1690926,56
1690963,16
1690999,161
1691043,67
1691054,21
1691064,58
1691100,19
1691105,19
1691200,29
1691210,18
1691301,63
1691363,20
1691364,20
1691368,31
1691375,22
1691376,64
1691379,47
1691441,42
1691451,21
1691487,49
1691509,38
1691512,120
1691530,83
1691541,82
1691542,36
1691583,197
1691592,35
1691607,48
1691638,18
1691652,19
1691692,16
1691741,32
1691831,51
1691896,44
1691909,246
1691921,82
1691930,29
1691974,19
1691988,20
1691994,24
1692015,28
1692040,265
1692052,17
1692068,269
1692073,394
1692090,24
1692140,17
1692202,16
1692226,22
1692260,37
1692314,37
1692342,63
1692358,28
1692393,23
1692419,36
1692433,20
1692509,47
1692518,39
1692587,18
1692593,18
1692621,40
1692625,16
1692684,26
1692702,18
1692756,45
1692824,45
1692849,21
1692853,47
1692902,148
1692904,34
1692949,31
1692957,17
1692977,18
1692983,133
1693000,30
1693013,59
1693114,148
1693133,54
1693164,17
1693186,40
1693193,116
1693218,204
1693342,30
1693393,27
1693402,56
1693426,28
1693500,16
1693555,29
1693561,22
1693562,1269
1693664,33
1693669,52
1693724,31
1693781,18
1693798,51
1693810,17
1693851,19
1693852,18
1693855,118
1693890,57
1693899,24
1693912,572
1693916,31
1693949,24
1693965,18
1693983,24
1694022,23
1694027,20
1694072,20
1694115,36
1694134,26
1694135,16
1694183,31
1694188,36
1694224,23
1694231,124
1694232,44
1694255,236
1694285,19
1694359,16
1694372,32
1694382,221
1694408,42
1694416,109
1694442,298
1694464,16
1694468,66
1694494,24
1694496,21
1694538,57
1694579,19
1694604,44
1694621,33
1694634,18
1694643,24
1694719,30
1694720,49
1694727,22
1694728,522
1694730,17
1694745,38
1694810,48
1694813,30
1694816,45
1694826,51
1694828,42
1694834,19
1694930,22
1694997,22
1695011,63
1695079,19
1695113,72
1695154,33
1695158,19
1695167,16
1695207,26
1695222,59
1695225,25
1695476,31
1695480,139
1695492,17
1695500,235
1695504,99
1695505,40
1695605,134
1695634,90
1695635,86
1695637,29
1695642,22
1695647,47
1695678,27
1695692,20
1695697,30
1695715,1022
1695759,25
1695796,55
1695810,36
1695853,19
1695858,21
1695979,29
1695997,72
1696043,23
1696044,80
1696053,47
1696102,22
1696107,27
1696113,61
1696150,20
1696153,61
1696192,42
1696296,363
1696304,31
1696319,63
1696327,36
1696328,17
1696352,171
1696385,55
1696431,34
1696446,17
1696465,78
1696469,145
1696475,29
1696480,36
1696511,23
1696547,27
1696622,125
1696658,17
1696661,47
1696667,45
1696690,40
1696699,17
1696753,17
1696778,131
1696811,62
1696812,17
1696815,21
1696855,116
1696862,19
1696874,3401
1696884,121
1696993,18
1697014,23
1697020,17
1697041,30
1697043,22
1697099,53
1697110,36
1697133,63
1697144,43
1697152,50
1697165,17
1697200,39
1697212,20
1697235,41
1697250,32
1697321,99
1697360,56
1697372,61
1697393,16
1697395,20
1697398,96
1697422,18
1697430,22
1697466,25
1697495,21
1697522,18
1697559,19
1697577,22
1697627,148
1697629,214
1697650,94
1697692,57
1697695,22
1697697,21
1697756,23
1697837,16
1697841,81
1697851,25
1697853,228
1697860,70
1697891,47
1697938,17
1697956,34
1697993,90
1698092,27
1698096,690
1698227,18
1698233,32
1698260,22
1698356,73
1698387,23
1698398,41
1698428,25
1698467,25
1698488,18
1698494,28
1698519,27
1698549,117
1698572,55
1698580,29
1698670,70
1698672,22
1698709,128
1698756,19
1698782,22
1698834,22
1698863,49
1698927,80
1698959,21
1699049,19
1699084,41
1699104,77
1699158,24
1699162,82
1699228,16
1699256,23
1699312,75
1699332,26
1699376,24
1699448,30
1699459,43
1699466,24
1699484,16
1699519,42
1699537,27
1699542,29
1699573,48
1699595,27
1699624,371
1699641,18
1699656,4399
1699658,638
1699676,30
1699678,49
1699693,142
1699696,35
1699791,28
1699792,24
1699878,40
1699895,21
1699944,21
1699986,27
1699994,46
1700019,260
1700053,17
1700092,23
1700110,44
1700115,64
1700124,37
1700138,59
1700154,18
1700192,16
1700195,49
1700375,20
1700384,17
1700390,17
1700406,17
1700410,85
1700414,23
1700430,206
1700488,98
1700494,46
1700499,138
1700502,19
1700512,21
1700551,19
1700574,154
1700609,20
1700741,108
1700759,46
1700776,21
1700814,32
1700839,52
1700857,18
1700886,40
1700895,18
1700911,74
1700915,56
1700926,51
1701010,32
1701013,20
1701018,28
1701038,25
1701043,60
1701084,22
1701137,27
1701162,17
1701373,22
1701439,40
1701447,139
1701449,17
1701466,79
1701517,22
1701532,53
1701540,58
1701600,19
1701609,30
1701615,82
1701617,17
1701626,21
1701657,238
1701684,25
1701736,23
1701768,21
1701792,33
1701797,31
1701800,37
1701801,30
1701802,19
1701899,39
1701902,18
1701920,19
1702021,477
1702077,26
1702101,30
1702121,19
1702223,113
1702226,27
1702227,21
1702239,24
1702277,22
1702323,28
1702327,143
1702329,18
1702388,41
1702460,213
1702485,20
1702509,23
1702510,44
1702517,22
1702525,36
1702540,16
1702670,56
1702696,165
1702708,27
1702721,32
1702828,16
1702875,24
1702889,20
1702917,55
1702922,54
1702969,16
1702978,55
1703024,55
1703051,43
1703142,35
1703245,29
1703309,44
1703330,95
1703394,17
1703453,27
1703469,37
1703470,37
1703475,60
1703491,222
1703541,127
1703607,17
1703655,82
1703663,17
1703664,18
1703688,18
1703761,594
1703874,44
1703900,21
1703928,28
1703933,18
1704043,34
1704052,41
1704083,18
1704085,21
1704101,62
1704109,58
1704112,615
1704135,19
1704150,25
1704192,29
1704210,24
1704219,22
1704228,19
1704261,17
1704269,105
1704271,25
1704357,229
1704404,24
1704419,38
1704440,28
1704494,67
1704520,24
1704547,801
1704565,50
1704572,33
1704583,22
1704614,26
1704649,127
1704670,19
1704683,20
1704691,40
1704696,23
1704699,26
1704813,70
1704832,55
1704850,37
1704866,51
1704868,41
1704949,48
1705083,30
1705088,29
1705103,17
1705125,17
1705169,68
1705215,64
1705324,18
1705325,19
1705366,51
1705397,124
1705410,43
1705446,20
1705448,26
1705492,16
1705514,37
1705545,23
1705594,144
1705618,18
1705667,60
1705668,32
1705718,94
1705749,21
1705813,44
1705816,331
1705878,26
1705907,22
1705948,56
1705967,37
1706008,192
1706067,28
1706148,36
1706173,21
1706372,75
1706573,57
1706601,19
1706610,50
1706611,220
1706648,16
1706705,18
1706706,25
1706832,48
1706860,57
1706906,180
1706910,43
1706929,91
1706950,24
1706971,24
1706993,19
1707050,59
1707058,32
1707115,149
1707132,46
1707150,46
1707152,30
1707194,254
1707276,36
1707314,159
1707329,22
1707348,21
1707351,26
1707376,19
1707421,21
1707447,53
1707483,21
1707515,51
1707532,24
1707648,26
1707650,34
1707681,18
1707683,16
1707715,18
1707732,19
1707795,38
1707840,17
1707938,21
1708030,1361
1708038,63
1708081,19
1708124,45
1708125,19
1708140,21
1708161,35
1708165,17
1708180,40
1708245,19
1708251,16
1708306,23
1708382,29
1708398,21
1708435,28
1708442,21
1708450,16
1708453,32
1708473,26
1708492,119
1708527,24
1708567,18
1708569,117
1708598,23
1708628,72
1708655,63
1708669,23
1708677,69
1708678,107
1708689,45
1708690,19
1708708,201
1708716,17
1708731,39
1708755,49
1708767,22
1708787,19
1708808,40
1708828,68
1708834,26
1708999,25
1709032,20
1709036,17
1709064,30
1709075,39
1709079,18
1709195,90
1709197,35
1709210,162
1709239,16
1709305,163
1709314,188
1709357,65
1709372,28
1709392,27
1709422,33
1709442,19
1709456,59
1709491,16
1709500,20
1709511,40
1709516,66
1709539,21
1709551,207
1709552,26
1709568,104
1709594,150
1709609,17
1709640,51
1709661,22
1709683,28
1709709,18
1709726,19
1709819,168
1709829,17
1709858,40
1709867,20
1709931,18
1709966,41
1709975,22
1710019,52
1710020,477
1710030,19
1710045,154
1710094,16
1710108,21
1710225,91
1710238,44
1710260,22
1710279,33
1710301,18
1710302,63
1710342,265
1710352,27
1710393,49
1710394,28
1710448,41
1710481,24
1710504,19
1710514,57
1710549,98
1710558,21
1710604,184
1710607,17
1710608,38
1710611,31
1710640,28
1710642,26
1710657,23
1710663,23
1710693,23
1710711,29
1710770,22
1710798,21
1710801,17
1710816,59
1710968,89
1710987,16
1710995,22
1710998,22
1711041,1580
1711050,22
1711058,24
1711207,39
1711208,26
1711229,34
1711279,26
1711286,20
1711304,22
1711309,28
1711456,36
1711509,21
1711535,83
1711542,46
1711548,20
1711569,17
1711623,142
1711683,59
1711734,120
1711762,31
1711778,53
1711781,52
1711821,17
1711824,77
1711847,33
1711871,36
1711877,82
1711911,24
1711950,70
1711951,18
1711973,77
1712014,108
1712036,20
1712096,118
1712150,16
1712235,20
1712242,45
1712276,20
1712283,19
1712293,19
1712399,489
1712421,25
1712454,46
1712465,47
1712466,22
1712470,34
1712495,42
1712575,17
1712612,38
1712655,19
1712678,26
1712714,984
1712727,101
1712738,70
1712754,46
1712765,40
1712796,18
1712835,61
1712883,49
1712894,63
1712945,20
1712947,17
1713039,21
1713133,80
1713165,22
1713177,22
1713255,52
1713256,19
1713273,18
1713298,26
1713316,20
1713320,30
1713327,100
1713372,20
1713373,203
1713404,18
1713423,20
1713425,20
1713442,65
1713446,17
1713465,17
1713487,1401
1713520,17
1713534,20
1713551,16
1713562,17
1713573,81
1713575,27
1713585,33
1713620,38
1713694,17
1713727,22
1713787,82
1713789,21
1713891,16
1713900,30
1713911,142
1714020,19
1714027,29
1714041,18
1714059,26
1714075,21
1714138,17
1714177,21
1714294,90
1714324,45
1714340,22
1714349,49
1714362,85
1714400,636
1714482,862
1714528,26
1714542,19
1714584,46
1714672,18
1714721,53
1714813,28
1714907,26
1714911,17
1714927,54
1714962,61
1714966,16
1714967,43
1714988,396
1715007,33
1715059,59
1715070,30
1715139,16
1715147,17
1715201,16
1715212,17
1715247,21
1715365,30
1715366,40
1715381,24
1715401,17
1715412,18
1715433,57
1715453,18
1715505,16
1715589,48
1715641,124
1715708,42
1715718,18
1715720,34
1715772,17
1715777,377
1715786,16
1715791,25
1715813,18
1715816,20
1715821,54
1715847,41
1715870,71
1715893,22
1715955,35
1715963,27
1716030,27
1716033,45
1716056,22
1716124,44
1716165,27
1716216,58
1716240,19
1716273,524
1716295,135
1716322,44
1716333,41
1716334,26
1716417,16
1716429,28
1716455,36
1716459,16
1716481,21
1716485,19
1716500,27
1716513,64
1716529,149
1716535,52
1716536,28
1716574,17
1716676,16
1716677,37
1716680,37
1716719,185
1716727,75
1716742,18
1716770,26
1716806,19
1716823,20
1716838,67
1716849,62
1716938,26
1716957,20
1716964,30
1716971,66
1717000,64
1717004,170
1717057,26
1717150,49
1717201,33
1717227,93
1717239,29
1717315,40
1717422,22
1717520,34
1717585,16
1717599,16
1717622,75
1717640,17
1717670,16
1717791,64
1717833,18
1717853,22
1717957,31
1717995,45
1718009,43
1718113,17
1718124,23
1718148,19
1718199,21
1718210,563
1718245,25
1718253,16
1718308,37
1718317,31
1718375,18
1718380,304
1718463,20
1718482,20
1718497,16
1718499,32
1718501,1795
1718505,17
1718515,39
1718521,34
1718558,80
1718560,17
1718580,53
1718584,46
1718600,91
1718638,175
1718657,38
1718664,122
1718705,24
1718739,32
1718747,18
1718760,19
1718791,20
1718805,83
1718846,27
1718885,136
1718888,16
1718961,47
1719085,32
1719110,22
1719174,67
1719177,198
1719194,49
1719195,126
1719213,16
1719264,98
1719275,16
1719297,110
1719329,158
1719342,26
1719359,20
1719371,26
1719455,53
1719519,1697
1719538,39
1719552,38
1719568,56
1719592,18
1719605,29
1719698,34
1719706,93
1719717,20
1719724,33
1719725,35
1719739,37
1719823,77
1719873,23
1719876,48
1719921,28
1719984,883
1720003,28
1720011,18
1720027,53
1720092,124
1720207,52
1720221,16
1720224,92
1720262,27
1720276,82
1720277,19
1720291,19
1720298,20
1720303,41
1720309,22
1720316,18
1720333,22
1720385,23
1720386,35
1720392,34
1720447,208
1720475,51
1720481,78
1720484,193
1720533,25
1720556,49
1720642,26
1720673,58
1720675,92
1720682,17
1720708,17
1720758,546
1720790,85
1720882,17
1720883,38
1720918,18
1720923,110
1720966,19
1720994,26
1721000,23
1721001,29
1721004,29
1721018,53
1721033,19
1721049,21
1721057,25
1721067,24
1721117,28464
1721136,29
1721143,51
1721176,21
1721183,26
1721227,17
1721241,24
1721258,63
1721304,72
1721305,41
1721369,20
1721408,20
1721416,130
1721434,69
1721499,28
1721512,16
1721624,348
1721649,29
1721650,46
1721658,22
1721721,21
1721814,42
1721819,22
1721835,79
1721836,61
1721849,17
1721862,97
1721874,57
1721929,128
1721960,21
1721969,31
1721996,427
1722039,234
1722044,28
1722053,21
1722117,24
1722216,49
1722239,24
1722316,40
1722400,148
1722402,16
1722490,38
1722562,52
1722609,23
1722660,21
1722728,76
1722765,19
1722846,30
1722889,106
1722922,20
1722962,21
1722965,21
1722970,18
1723001,16
1723003,17
1723014,17
1723122,22
1723138,25
1723161,31
1723172,38
1723194,72
1723215,66
1723241,148
1723280,17
1723359,90
1723362,34
1723366,18
1723367,31
1723427,33
1723428,19
1723447,17
1723499,21
1723513,20
1723564,30
1723580,23
1723607,296
1723654,77
1723662,16
1723669,421
1723685,20
1723687,31
1723689,19
1723720,26
1723738,25
1723782,129
1723817,44
1723819,77
1723999,53
1724026,21
1724033,285
1724065,17
1724066,19
1724144,42
1724195,58
1724198,18
1724212,309
1724218,105
1724221,89
1724238,391
1724246,30
1724335,34
1724358,38
1724399,18
1724437,29
1724628,78
1724665,45
1724698,27
1724766,70
1724800,153
1724808,65
1724841,21
1724843,20
1724884,293
1724934,20
1724937,69
1724945,19
1724970,20
1724995,17
1725007,16
1725123,65
1725129,23
1725172,182
1725199,17
1725201,17
1725209,20
1725265,98
1725296,34
1725312,23
1725326,25
1725327,16
1725328,17
1725331,22
1725333,17
1725366,21
1725408,22
1725411,31
1725414,37
1725421,21
1725427,25
1725457,24
1725465,41
1725475,25
1725484,35
1725498,25
1725500,38
1725538,24
1725561,132
1725594,28
1725608,45
1725616,23
1725630,363
1725665,21
1725731,17
1725790,21
1725794,17
1725842,16
1725902,19
1725936,138
1725937,36
1725963,21
1725965,18
1725989,63
1726003,27
1726022,19
1726051,33
1726052,31
1726088,31
1726092,88
1726123,20
1726157,41
1726160,20
1726161,22
1726234,18
1726253,21
1726267,207
1726274,23
1726282,61
1726283,20
1726284,18
1726318,21
1726350,60
1726395,23
1726489,31
1726560,80
1726564,22
1726601,36
1726639,43
1726677,184
1726719,30
1726734,38
1726748,2208
1726749,65
1726852,18
1726865,19
1726879,1065
1726906,97
1727004,233
1727005,18
1727012,16
1727015,16
1727117,29
1727216,173
1727229,17
1727276,27
1727349,18
1727357,31
1727367,31
1727375,141
1727398,25
1727399,67
1727440,39
1727450,25
1727452,42
1727467,23
1727474,16
1727483,74
1727511,93
1727514,35
1727534,33
1727577,92
1727590,70
1727626,38
1727668,19
1727682,17
1727734,20
1727745,307
1727747,26
1727759,43
1727792,20
1727800,19
1727940,54
1727948,62
1727960,20
1727969,30
1728034,23
1728062,20
1728078,638
1728079,19
1728090,22
1728104,55
1728184,25
1728190,27
1728236,23
1728297,20
1728340,32
1728360,34
1728427,16
1728442,25
1728466,223
1728486,29
1728574,37
1728595,45
1728602,17
1728608,578
1728612,18
1728628,38
1728645,22
1728668,18
1728692,23
1728694,32
1728705,129
1728721,16
1728731,38
1728769,18
1728775,23
1728776,16
1728790,17
1728840,40
1728858,69
1728949,25
1728970,113
1728976,19
1729063,18
1729065,22
1729084,208
1729125,21
1729179,148
1729181,27
1729212,25
1729217,242
1729261,120
1729275,32
1729288,59
1729296,18
1729318,19
1729361,39
1729505,17
1729509,17
1729525,275
1729545,31
1729546,27
1729570,123
1729629,91
1729634,25
1729734,40
1729777,111
1729826,17
1729835,295
1729883,140
1729908,35
1729913,23
1729982,21
1729996,31
1730004,137
1730023,28
1730155,23
1730189,100
1730262,26
1730269,19
1730287,81
1730294,18
1730391,3169
1730397,29
1730412,21
1730425,820
1730434,28
1730438,32
1730488,72
1730491,194
1730551,39
1730586,17
1730612,27
1730629,19
1730642,26
1730684,27
1730699,41
1730702,23
1730708,19
1730711,21
1730766,18
1730797,70
1730799,20
1730810,130
1730833,165
1730845,30
1730909,19
1730944,42
1730976,42
1730979,22
1731074,64
1731078,17
1731079,40
1731092,24
1731108,598
1731119,86
1731211,219
1731301,23
1731363,22
1731392,63
1731431,41
1731486,133
1731572,22
1731583,48
1731589,24
1731600,21
1731616,19
1731649,20
1731665,17
1731674,128
1731678,30
1731705,18
1731708,36
1731736,87
1731867,18
1731878,26
1731971,40
1731991,49
1732003,59
1732005,24
1732036,20
1732082,22
1732102,89
1732116,18
1732119,100
1732128,55
1732139,58
1732170,17
1732204,20
1732238,106
1732253,26
1732260,50
1732294,26
1732312,39
1732337,18
1732349,20
1732395,38
1732414,21
1732422,33
1732434,19
1732436,71
1732476,28
1732494,384
1732510,22
1732572,22
1732594,906
1732641,87
1732845,59
1732891,20
1732940,34
1732959,108
1732960,1742
1732985,22
1732994,64
1733000,36
1733044,105
1733057,2416
1733091,41
1733112,68
1733155,58
1733172,43
1733213,59
1733218,68
1733390,24
1733406,442
1733430,20
1733434,16
1733712,33
1733741,36
1733746,25
1733770,35
1733802,19
1733877,28
1733910,16
1733944,118
1733945,19
1733950,105
1733959,65
1734000,43
1734006,25
1734064,45
1734116,87
1734123,30
1734139,885
1734172,60
1734196,155
1734284,18
1734288,22
1734325,54
1734344,26
1734367,18
1734388,221
1734490,21
1734506,23
1734567,22
1734617,30
1734641,21
1734659,17
1734675,26
1734689,25
1734694,18
1734778,20
1734782,24
1734793,166
1734811,19
1734815,18
1734832,43
1734906,24
1734957,563
1734972,19
1735055,25
1735085,101
1735139,27
1735183,26
1735205,49
1735235,21
1735292,2822
1735368,71
1735381,27
1735475,23
1735521,22
1735573,18
1735595,17
1735611,46
1735637,59
1735700,16
1735746,84
1735787,29
1735795,26
1735813,43
1735967,19
1735983,16
1736002,24
1736060,27
1736061,19
1736168,119
1736218,16
1736269,49
1736282,25
1736318,2205
1736328,31
1736329,34
1736349,58
1736441,21
1736456,74
1736468,50
1736479,72
1736487,65
1736501,30
1736527,16
1736538,28
1736544,17
1736553,43
1736556,43
1736572,26
1736577,93
1736614,20
1736626,213
1736644,19
1736712,24
1736718,50
1736720,48
1736728,47
1736737,24
1736849,32
1736853,67
1736895,16
1737017,35
1737035,24
1737074,156
1737091,18
1737166,40
1737172,26
1737176,19
1737193,29
1737215,19
1737228,45
1737231,80
1737276,101
1737286,25
1737290,19
1737343,30
1737405,94
1737442,17
1737497,32
1737516,17
1737567,70
1737610,49
1737626,46
1737639,55
1737652,27
1737699,229
1737731,24
1737755,30
1737759,680
1737776,44
1737778,56
1737793,19
1737821,52
1737825,78
1737843,141
1737845,22
1737864,52
1737912,20
1737919,19
1737932,18
1737982,25
1738041,91
1738085,1114
1738120,33
1738184,45
1738229,46
1738231,16
1738252,16
1738276,17
1738465,17
1738546,20
1738568,33
1738644,482
1738688,19
1738807,30
1738846,39
1738861,23
1738906,22
1738927,20
1738935,49
1738991,142
1739001,46
1739025,21
1739029,25
1739060,21
1739108,17
1739123,25
1739182,24
1739268,23
1739271,23
1739318,37
1739319,255
1739322,28
1739382,25
1739405,16
1739426,20
1739466,42
1739483,108
1739536,35
1739556,304
1739571,40
1739578,33
1739597,58
1739610,41
1739621,22
1739731,69
1739734,39
1739782,31
1739840,242
1739852,45
1739902,45
1739999,27
1740018,99
1740023,46
1740058,29
1740158,17
1740177,20
1740194,29
1740213,16
1740286,55
1740322,18
1740355,24
1740394,70
1740401,19
1740445,18
1740466,30
1740486,18
1740492,86
1740505,134
1740542,28
1740555,171
1740560,66
1740564,20
1740588,16
1740598,31
1740604,68
1740617,29
1740648,23
1740680,56
1740731,34
1740848,18
1740865,31
1740869,110
1740871,31
1740901,316
1740933,20
1741054,55
1741089,16
1741203,2059
1741215,16
1741251,25
1741259,24
1741272,19
1741346,83
1741350,16
1741355,36
1741372,17
1741430,32
1741444,29
1741448,30
1741462,64
1741520,45
1741586,56
1741588,17
1741608,330
1741626,16
1741761,23
1741775,45
1741794,102
1741887,22
1741892,32
1741899,27
1741903,27
1741906,18
1741931,25
1741993,23
1742018,24
1742052,624
1742064,68
1742157,22
1742195,16
1742234,71
1742237,17
1742260,31
1742289,1166
1742330,39
1742362,17
1742369,20
1742406,21
1742471,44
1742507,18
1742511,37
1742520,28
1742549,47
1742619,22
1742696,27
1742708,18
1742748,16
1742751,17
1742757,19
1742765,73
1742768,25
1742847,29
1742888,49
1742889,39
1742893,113
1742895,54
1742915,97
1742924,22
1742931,40
1742935,18
1742947,20
1742951,18
1742959,17
1742960,27
1742963,22
1742981,29
1742990,20
1742993,20
1743048,65
1743063,30
1743122,16
1743177,49
1743193,31
1743206,31
1743217,30
1743219,115
1743235,216
1743243,24
1743328,22
1743352,31
1743372,23
1743373,27
1743377,25
1743395,17
1743409,38
1743418,17
1743423,32
1743478,18
1743498,17
1743502,38
1743521,35
1743551,40
1743630,89
1743633,17
1743656,46
1743659,25
1743668,29
1743681,16
1743695,31
1743696,17
1743697,27
1743711,16
1743733,20
1743776,220
1743794,81
1743934,16
1743936,25
1743965,65
1744051,53
1744076,23
1744084,39
1744116,24
1744265,20
1744277,70
1744293,16
1744352,22
1744391,26
1744395,82
1744401,655
1744418,17
1744462,16
1744581,37
1744593,52
1744617,18
1744820,92
1744835,19
1744848,33
1744863,25
1744864,23
1744898,32
1744926,24
1744931,25
1744943,20
1744966,32
1744993,22
1745018,19
1745030,140
1745041,40
1745065,17
1745067,752
1745100,16
1745135,221
1745158,77
1745228,41
1745243,142
1745257,18
1745273,65
1745333,260
1745350,56
1745374,17
1745410,42
1745423,54
1745426,256
1745512,54
1745517,36
1745574,80
1745589,84
1745621,44
1745641,22
1745643,33
1745711,24
1745854,28
1745878,16
1745907,73
1745914,19
1745915,18
1745954,27
1745955,21
1745983,30
1745989,75
1746028,17
1746050,18
1746145,61
1746148,23
1746161,60
1746168,20
1746201,25
1746213,20
1746214,22
1746226,41
1746314,31
1746360,205
1746361,90
1746404,20
1746473,29
1746547,39
1746551,145
1746563,26
1746597,18
1746602,38
1746630,36
1746639,16
1746674,24
1746682,19
1746713,60
1746899,440
1747013,27
1747034,17
1747174,1102
1747246,17
1747249,17
1747265,16
1747316,17
1747345,40
1747418,133
1747468,39
1747475,24
1747627,133
1747639,31
1747657,24
1747670,35
1747688,21
1747703,19
1747728,47
1747808,57
1747842,23
1747843,24
1747881,28
1747908,242
1747945,71
1748009,85
1748148,22
1748164,64
1748205,70
1748229,18
1748319,61
1748345,52
1748351,192
1748366,16
1748381,34
1748386,26
1748398,22
1748415,16
1748431,16
1748440,79
1748494,28
1748541,29
1748546,18
1748596,24
1748603,33
1748616,21
1748635,40
1748693,29
1748907,47
1748946,37
1748988,23
1748989,41
1749005,19
1749048,30
1749090,214
1749164,26
1749186,26
1749206,79
1749234,26
1749250,23
1749408,18
1749477,85
1749491,17
1749503,17
1749507,35
1749524,28
1749559,200
1749575,17
1749665,18
1749687,32
1749707,280
1749709,19
1749750,24
1749756,35
1749883,101
1749893,45
1749918,27
1749928,21
1749949,31
1750007,37
1750020,33
1750153,55
1750278,23
1750293,270
1750381,16
1750382,20
1750384,199
1750390,24
1750450,53
1750499,335
1750514,32
1750532,21
1750558,35
1750583,49
1750606,17
1750611,39
1750694,21
1750700,18
1750703,18
1750705,19
1750736,27
1750738,28
1750768,17
1750837,1341
1750842,20
1750885,20
1750909,78
1750925,788
1751057,36
1751064,45
1751065,148
1751098,25
1751113,131
1751170,30
1751191,40
1751192,51
1751198,63
1751201,18
1751232,22
1751262,17
1751292,106
1751306,73
1751331,19
1751389,34
1751394,17
1751420,25
1751423,22965
1751463,23
1751474,17
1751488,20
1751510,20
1751640,35
1751662,178
1751693,28
1751700,17
1751725,36
1751813,20
1751861,17
1751992,16
1751998,43
1751999,24
1752081,65
1752138,34
1752200,18
1752218,157
1752273,21
1752300,30
1752304,463
1752310,20
1752373,26
1752387,18
1752415,44
1752463,26
1752469,143
1752511,17
1752520,30
1752594,493
1752596,44
1752612,186
1752629,16
1752646,27
1752667,940
1752683,69
1752699,25
1752726,33
1752832,164
1752854,24
1752879,61
1752932,22
1752934,24
1752941,31
1752943,26
1752960,35
1752986,36
1753026,17
1753174,23
1753195,38
1753199,280
1753200,168
1753232,58
1753283,25
1753386,27
1753396,21
1753422,53
1753425,26
1753486,19
1753499,30
1753533,16
1753549,17
1753565,18
1753568,24
1753584,19
1753607,20
1753616,21
1753618,138
1753633,20
1753652,680
1753671,54
1753677,52
1753826,16
1753839,34
1753851,16
1753867,18
1753887,18
1753995,38
1754006,18
1754016,43
1754029,19
1754054,62
1754060,199
1754121,54
1754122,67
1754147,28
1754189,20
1754271,27
1754339,23
1754359,96
1754458,20
1754483,61
1754583,25
1754588,39
1754667,27
1754689,1905
1754762,48
1754775,26
1754778,120
1754783,24
1754808,22
1754824,16
1754868,84
1754920,19
1754984,56
1755124,18
1755148,81
1755160,52
1755167,17
1755189,58
1755210,39
1755246,22
1755250,23
1755266,272
1755289,23
1755342,22
1755354,36
1755370,150
1755373,33
1755402,22
1755501,92
1755531,18
1755548,36
1755556,29
1755579,213
1755608,16
1755618,25
1755619,40
1755657,24
1755664,34
1755668,314
1755671,35
1755674,26
1755715,63
1755734,18
1755820,34
1755839,86
1755873,25
1755897,23
1755921,50
1755969,25
1755971,23
1756003,22
1756028,27
1756113,27
1756123,116
1756125,144
1756158,40
1756168,56
1756197,20
1756208,25
1756228,21
1756358,16
1756374,504
1756377,48
1756458,21
1756506,19
1756526,121
1756542,73
1756577,17
1756582,21
1756594,26
1756751,22
1756801,18
1756878,21
1756884,62
1756923,18
1756931,18
1756945,29
1756991,409
1756992,16
1757009,21
1757016,29
1757024,33
1757037,60
1757056,21
1757145,57
1757221,79
1757251,65
1757296,27
1757347,18
1757521,18
1757528,17
1757562,37
1757578,470
1757593,69
1757649,35
1757666,28
1757685,165
1757695,17
1757715,26
1757763,566
1757773,36
1757780,23
1757798,40
1757904,16
1757913,19
1757960,19
1757962,216
1757964,455
1758000,22
1758020,52
1758045,300
1758161,56
1758166,19
1758211,16
1758225,18
1758233,63
1758266,184
1758273,76
1758302,75
1758310,47
1758361,34
1758375,48
1758399,19
1758461,21
1758489,31
1758494,35
1758515,44
1758521,33
1758601,26
1758667,45
1758704,22
1758726,20
1758736,23
1758752,35
1758769,18
1758775,51
1758786,32
1758834,85
1758996,17
1759007,17
1759021,16
1759022,39
1759030,110
1759034,83
1759047,21
1759083,18
1759091,20
1759112,18
1759127,80
1759157,125
1759159,24
1759166,34
1759167,845
1759169,48
1759170,22
1759181,19
1759214,46
1759257,18
1759261,31
1759277,75
1759323,22
1759349,25
1759403,62
1759405,26
1759406,33
1759432,19
1759514,60
1759582,17
1759595,22
1759611,1606
1759659,233
1759744,21
1759749,20
1759835,29
1759839,19
1759897,55
1759932,57
1760033,21
1760076,68
1760082,25
1760123,19
1760138,27
1760142,83
1760164,28
1760187,38
1760201,19
1760234,17
1760255,21
1760307,44
1760329,19
1760342,80
1760352,70
1760379,17
1760383,69
1760395,43
1760429,23
1760449,16
1760461,39
1760476,42
1760477,19
1760498,91
1760500,40
1760507,67
1760518,16
1760532,21
1760623,19
1760666,33
1760699,42
1760700,60
1760792,63
1760891,20
1760935,80
1760980,42
1760987,28
1760990,244
1761022,17
1761034,39
1761053,60
1761080,16
1761136,21
1761149,21
1761158,24
1761191,20
1761231,36
1761323,21
1761352,26
1761359,21
1761361,33
1761385,32
1761424,20
1761495,23
1761501,28
1761554,52
1761558,16
1761595,29
1761605,31
1761628,35
1761735,38
1761744,17
1761765,26
1761844,34
1761871,18
1761872,42
1761970,24
1762016,18
1762020,19
1762023,20
1762116,18
1762119,51
1762128,22
1762173,83
1762205,18
1762247,40
1762264,28
1762307,47
1762325,35
1762329,38
1762353,26
1762469,103
1762493,193
1762507,76
1762571,23
1762584,97
1762690,19
1762741,18
1762763,23
1762809,76
1762825,19
1762834,32
1762853,27
1762933,38
1762935,36
1762936,28
1762942,43
1762948,17
1762991,22
1763002,21
1763035,128
1763056,53
1763061,22
1763062,35
1763206,4978
1763211,20
1763212,122
1763218,42
1763280,19
1763281,20
1763312,69
1763361,35
1763377,31
1763387,26
1763407,68
1763419,16
1763493,18
1763494,18
1763732,33
1763839,59
1763843,21
1763855,212
1763856,19
1763876,24
1763885,39
1763904,19
1763910,47
1763917,17
1763938,17
1763966,19
1764014,70
1764042,473
1764054,16
1764063,54
1764122,16
1764131,207
1764136,42
1764224,84
1764243,18
1764248,17
1764252,66
1764265,35
1764268,19
1764276,27
1764282,20
1764335,341
1764344,28
1764372,47
1764380,108
1764387,28
1764494,161
1764515,31
1764533,38
1764539,41
1764556,18
1764589,24
1764690,17
1764723,90
1764726,65
1764740,19
1764800,107
1764806,81
1764811,25
1764827,248
1764841,32
1764846,34
1764853,16
1764939,24
1765055,19
1765056,22
1765068,53
1765122,44
1765147,25
1765154,42
1765157,30
1765170,19
1765206,16
1765207,31
1765245,44
1765262,40
1765282,185
1765284,31
1765286,56
1765291,199
1765318,21
1765335,19
1765341,21
1765347,39
1765381,28
1765384,32
1765393,97
1765445,95
1765464,89
1765465,21
1765556,739
1765590,726
1765642,112
1765643,22
1765662,17
1765677,60
1765697,23
1765758,47
1765778,24
1765788,85
1765807,68
1765846,80
1765906,16
1765934,45
1765935,27
1765937,91
1766025,136
1766035,23
1766039,22
1766085,25
1766119,16
1766130,22
1766156,36
1766165,30
1766179,19
1766180,17
1766186,278
1766239,50
1766280,22
1766284,296
1766404,25
1766406,116
1766440,27
1766446,16
1766452,19
1766492,31
1766541,17
1766635,280
1766713,34
1766726,29
1766765,22
1766771,587
1766784,104
1766802,25
1766894,16
1766912,27
1766947,22
1766954,16
1766963,18
1766994,135
1767046,31
1767047,19
1767108,65
1767145,103
1767177,65
1767182,30
1767184,50
1767221,20
1767233,21
1767298,17
1767309,17
1767341,18
1767342,47
1767366,16
1767443,36
1767531,19
1767617,27
1767668,116
1767726,17
1767738,26
1767774,24
1767777,18
1767848,20
1767871,807
1767886,44
1767897,60
1767903,26
1767924,441
1767975,17
1767991,27
1768068,18
1768091,24
1768100,36
1768112,45
1768146,24
1768177,51
1768198,81
1768206,26
1768216,19
1768224,28
1768228,189
1768238,1901
1768266,19
1768295,247
1768316,123
1768318,28
1768415,28
1768424,40
1768456,43
1768468,32
1768485,31
1768517,17
1768524,19
1768567,60
1768577,17
1768582,17
1768634,16
1768648,18
1768700,20
1768740,35
1768772,47
1768816,22
1768881,29
1768953,20
1769025,311
1769043,28
1769045,37
1769052,24
1769118,126
1769129,25
1769197,55
1769199,19
1769281,17
1769321,51
1769323,33
1769480,18
1769533,22
1769542,18
1769543,16
1769544,20
1769548,23
1769578,33
1769644,19
1769666,129
1769723,19
1769743,23
1769744,23
1769843,27
1769850,26
1769851,17
1769878,30
1769979,65
1769994,26
1770018,189
1770038,32
1770070,28
1770075,42
1770097,30
1770103,18
1770116,82
1770129,58
1770141,20
1770193,18
1770194,110
1770199,36
1770221,23
1770273,31
1770286,20
1770336,23
1770342,63
1770360,30
1770412,35
1770450,40
1770463,252
1770506,453
1770521,80
1770552,140
1770564,26
1770565,136
1770579,22
1770607,128
1770648,20
1770713,27
1770882,55
1770967,20
1771021,45
1771035,73
1771056,97
1771073,21
1771147,738
1771148,17
1771160,40
1771189,51
1771193,35
1771206,22
1771322,20
1771327,21
1771387,16
1771394,87
1771403,93
1771409,51
1771485,25
1771531,35
1771538,34
1771544,24
1771565,84
1771591,220
1771627,111
1771637,18
1771648,152
1771716,22
1771758,81
1771771,69
1771786,118
1771844,58
1771856,52
1771859,22
1771915,207
1771933,29
1772049,17
1772056,22
1772094,32
1772109,267
1772178,837
1772195,19
1772223,30
1772255,62
1772262,21
1772274,30
1772284,122
1772293,27
1772296,43
1772351,853
1772358,19
1772367,36
1772419,73
1772463,57
1772470,28
1772512,19
1772543,17
1772564,25
1772584,41
1772632,64
1772647,212
1772675,44
1772688,31
1772717,19
1772755,200
1772763,53
1772810,18
1772840,16
1772873,26
1772925,64
1772933,20
1773100,22
1773153,16
1773167,34
1773169,23
1773176,178
1773196,45
1773212,70
1773220,18
1773235,24
1773246,74
1773267,24
1773326,17
1773364,35
1773375,623
1773434,18
1773444,26
1773453,16
1773457,162
1773490,53
1773512,26
1773518,61
1773543,20
1773594,24
1773681,22
1773708,17
1773772,17
1773795,30
1773799,35
1773872,16
1773937,39
1773940,18
1773941,106
1773961,41
1773977,18
1773999,34
1774005,130
1774082,36
1774130,46
1774133,29
1774186,29
1774187,16
1774196,38
1774236,26
1774244,82
1774278,19
1774333,22
1774377,41
1774378,23
1774473,71
1774486,62
1774515,32
1774617,26
1774624,33
1774664,21
1774673,43
1774683,21
1774698,18
1774718,18
1774760,412
1774776,18
1774839,22
1774840,23
1774895,34
1774905,31
1775002,20
1775006,366
1775118,34
1775124,106
1775198,21
1775199,44
1775226,30
1775251,20
1775262,18
1775289,21
1775299,27
1775315,26
1775325,47
1775327,25
1775335,42
1775336,25
1775374,30
1775432,19
1775519,18
1775526,62
1775574,82
1775622,19
1775652,20
1775683,38
1775716,22
1775728,17
1775730,18
1775757,17
1775796,22
1775817,26
1775822,32
1775839,16
1775856,22
1775875,110
1775891,39
1775903,137
1775912,105
1775925,17
1776109,258
1776131,19
1776134,17
1776141,36
1776158,27
1776195,22
1776214,26
1776270,34
1776301,56
1776327,16
1776501,69
1776579,18
1776585,26
1776588,17
1776589,17
1776639,46
1776657,19
1776666,38
1776708,17
1776745,28
1776746,24
1776779,21
1776780,17
1776821,128
1776835,17
1776883,31
1776911,40
1776922,18
1776987,17
1777006,20
1777037,142
1777038,26
1777092,41
1777164,27
1777220,183
1777233,45
1777293,17
1777296,19
1777347,119
1777377,36
1777383,18
1777444,31
1777489,23
1777505,70
1777508,18
1777517,20
1777530,34
1777550,1283
1777568,16
1777625,31
1777627,23
1777688,53
1777691,48
1777744,21
1777745,20
1777748,21
1777760,50
1777763,97
1777801,24
1777827,18
1777846,70
1777889,21
1777891,27
1777952,33
1777956,34
1778020,29
1778036,27
1778053,25
1778142,60
1778320,48
1778404,41
1778486,18
1778502,40
1778511,39
1778537,25
1778580,95
1778617,137
1778623,17
1778645,59
1778682,18
1778716,57
1778763,29
1778808,151
1778811,17
1778819,16
1778828,239
1778837,16
1778844,52
1778858,110
1778886,25
1778895,253
1778933,17
1779004,26
1779016,156
1779026,46
1779064,19
1779130,22
1779199,58
1779235,50
1779243,24
1779271,43
1779274,28
1779302,793
1779334,22
1779337,43
1779339,109
1779344,42
1779354,91
1779402,98
1779440,16
1779441,28
1779463,81
1779518,28
1779524,65
1779527,17
1779535,17
1779544,19
1779565,61
1779615,58
1779648,27
1779664,29
1779665,39
1779682,20
1779716,30
1779723,16
1779768,114
1779795,45
1779811,16
1779812,95
1779828,16
1779875,17
1779900,16
1779911,20
1779954,21
1779955,28
1779956,48
1779977,17
1779980,19
1780027,21
1780129,48
1780145,23
1780262,20
1780309,25
1780319,29
1780355,16
1780397,26
1780402,25
1780440,41
1780482,52
1780489,18
1780490,19
1780544,19
1780610,20
1780617,83
1780637,159
1780670,226
1780672,45
1780681,22
1780707,57
1780708,20
1780782,35
1780792,24
1780804,37
1780829,107
1780849,22
1780857,32
1780915,31
1780929,18
1780946,19
1780960,18
1780976,19
1780978,196
1780995,107
1781036,30
1781073,317
1781074,46
1781076,52
1781097,25
1781148,17
1781153,34
1781165,24
1781178,18
1781182,23
1781252,35
1781256,47
1781263,40
1781322,20
1781323,19
1781384,224
1781410,33
1781479,62
1781496,168
1781520,25
1781534,25
1781652,20
1781655,16
1781666,73
1781711,1101
1781824,90
1781862,28
1781966,16
1782049,187
1782050,494
1782121,46
1782131,1425
1782132,22
1782167,16
1782260,26
1782382,20
1782399,23
1782402,90
1782415,2914
1782460,16
1782542,51
1782653,18
1782692,1326
1782706,98
1782722,50
1782774,18
1782797,24
1782810,22
1782839,19
1782843,101
1782847,20
1782881,76
1782932,20
1782965,17
1782999,56
1783040,115
1783064,42
1783065,81
1783078,129
1783083,17
1783187,21
1783210,22
1783213,52
1783221,205
1783248,17
1783251,18
1783288,26
1783374,16
1783384,17
1783417,17
1783486,28
1783537,46
1783604,18
1783613,24
1783632,23
1783693,20
1783695,23
1783737,43
1783744,20
1783745,96
1783770,465
1783868,23
1783889,49
1783919,18
1783954,21
1783973,67
1784026,22
1784109,21
1784127,16
1784206,219
1784242,35
1784250,51
1784267,27
1784268,147
1784276,17
1784335,43
1784347,80
1784374,38
1784414,21
1784442,29
1784504,88
1784522,47
1784563,22
1784620,23
1784646,23
1784672,26
1784694,19
1784785,18
1784835,19
1784912,17
1784959,21
1784971,21
1784982,26
1784984,101
1784989,148
1785032,729
1785044,26
1785073,36
1785128,61
1785154,16
1785158,18
1785162,132
1785177,42
1785233,23
1785258,31
1785287,49
1785327,19
1785431,18
1785434,22
1785435,23
1785459,68
1785473,46
1785476,17
1785481,19
1785515,16
1785546,22
1785646,44
1785664,28
1785693,116
1785717,20
1785727,341
1785743,24
1785804,263
1785810,17
1785859,157
1785867,24
1785891,29
1785900,22
1785907,34
1785922,98
1785943,21
1785963,20
1786007,19
1786045,22
1786153,16
1786159,29
1786174,19
1786193,61
1786209,52
1786226,18
1786228,33
1786263,39
1786318,56
1786403,39
1786439,23
1786462,155
1786556,31
1786568,18
1786587,22
1786604,48
1786605,19
1786628,17
1786635,32
1786671,41
1786696,63
1786728,4639
1786765,20
1786772,16
1786783,49
1786814,16
1786821,20
1786850,16
1786851,24
1786861,110
1786863,18
1786891,35
1786912,36
1786936,16
1786958,23
1786968,41
1786998,23
1787005,16
1787026,17
1787048,82
1787058,91
1787160,21
1787167,17
1787254,28
1787264,62
1787334,40
1787440,23
1787447,24
1787451,20
1787577,17
1787586,24
1787644,28
1787659,27
1787661,21
1787667,46
1787670,383
1787690,18
1787774,16
1787779,653
1787785,17
1787811,215
1787886,17
1787901,23
1787927,18
1787938,41
1787966,17
1787975,60
1787989,76
1788017,20
1788071,29
1788078,38
1788097,51
1788101,22
1788129,21
1788217,20
1788229,52
1788244,22
1788290,18
1788319,30
1788395,25
1788399,22
1788434,93
1788437,44
1788483,20
1788501,53
1788502,21
1788559,104
1788576,17
1788591,18
1788616,34
1788618,153
1788638,26
1788641,17
1788644,21
1788657,22
1788701,70
1788759,28
1788811,22
1788821,21
1788826,27
1788848,21
1788862,42
1788884,41
1788893,35
1788904,63
1788918,27
1788997,17
1789010,39
1789047,25
1789058,53
1789059,16
1789061,45
1789095,81
1789107,1375
1789133,32
1789152,282
1789173,44
1789192,26
1789212,121
1789233,357
1789255,41
1789282,17
1789334,844
1789406,48
1789431,35
1789432,166
1789489,82
1789561,28
1789563,23
1789577,32
1789644,118
1789797,62
1789820,19
1789869,40
1789884,22
1789908,47
1789912,44
1789941,18
1790018,18
1790146,22
1790214,67
1790237,83
1790308,18
1790331,35
1790335,41
1790365,59
1790375,24
1790387,19
1790418,41
1790441,80
1790442,1316
1790443,26
1790448,113
1790466,17
1790474,19
1790484,91
1790485,26
1790515,25
1790521,29
1790525,18
1790567,74
1790599,614
1790612,16
1790676,59
1790684,41
1790700,39
1790701,27
1790706,25
1790716,82
1790731,26
1790736,20
1790767,28
1790802,21
1790844,59
1790851,42
1790858,41
1790963,20
1791015,111
1791062,16
1791098,89
1791204,36
1791209,17
1791225,98
1791321,36
1791348,318
1791369,600
1791396,78
1791420,25
1791421,461
1791498,25
1791508,22
1791609,29
1791682,30
1791700,17
1791711,36
1791716,697
1791803,17
1791828,73
1791913,19
1791980,17
1792044,51
1792058,74
1792060,546
1792092,3064
1792103,63
1792117,70
1792169,32
1792210,37
1792217,125
1792251,20
1792291,60
1792310,27
1792331,16
1792369,380
1792373,41
1792438,88
1792496,31
1792500,21
1792505,36
1792514,28
1792561,29
1792577,20
1792578,22
1792618,113
1792622,102
1792640,26
1792649,96
1792669,437
1792717,26
1792860,33
1792866,31
1792882,21
1792888,55
1792987,52
1792992,25
1793001,66
1793042,18
1793080,39
1793082,155
1793101,22
1793137,24
1793150,50
1793253,38
1793285,19
1793383,563
1793405,25
1793508,26
1793518,53
1793542,39
1793562,37
1793565,33
1793595,23
1793649,18
1793707,24
1793717,28
1793719,19
1793762,26
1793791,38
1793800,485
1793804,32
1793826,34
1793891,21
1793892,22
1793991,436
1793992,22
1794025,19
1794054,17
1794103,49
1794152,24
1794181,24
1794228,69
1794258,69
1794263,98
1794287,19
1794468,17
1794475,16
1794490,31
1794507,92
1794538,38
1794681,21
1794685,16
1794690,48
1794740,68
1794781,17
1794798,103
1794803,1134
1794849,29
1794875,19
1794890,24
1794905,28
1794940,39
1794962,21
1794964,24
1794970,20
1794984,42
1794987,22
1795016,63
1795041,33
1795043,20
1795060,17
1795065,81
1795124,75
1795162,19
1795197,88
1795231,16
1795238,20
1795310,18
1795313,21
1795374,16
1795375,133
1795376,18
1795382,17
1795398,18
1795457,18
1795461,29
1795462,173
1795474,24
1795498,85
1795525,33
1795527,25
1795531,18
1795569,17
1795619,16
1795653,50
1795717,31
1795817,21
1795841,19
1795854,31
1795947,28
1795961,25
1795962,828
1796014,41
1796049,91
1796054,22
1796116,34
1796149,122
1796165,30
1796169,20
1796184,18
1796209,20
1796212,34
1796215,21
1796247,25
1796317,61
1796324,16
1796333,20
1796335,42
1796366,20
1796428,41
1796545,875
1796641,148
1796690,48
1796721,190
1796758,94
1796761,24
1796824,18
1796862,34
1796927,28
1796963,17
1797048,106
1797052,70
1797060,38
1797083,19
1797138,40
1797151,62
1797186,17
1797196,591
1797334,124
1797358,21
1797388,18
1797390,95
1797393,39
1797479,24
1797577,25
1797592,725
1797599,44
1797616,161
1797638,21
1797722,49
1797765,111
1797780,19
1797799,18
1797903,72
1797905,21
1797960,19
1797973,55
1797980,255
1798004,24
1798051,29
1798056,88
1798064,43
1798067,29
1798157,24
1798165,44
1798197,22
1798202,16
1798353,267
1798365,62
1798503,72
1798521,70
1798530,49
1798534,33
1798627,16
1798653,20
1798671,37
1798699,28
1798777,67
1798803,31
1798823,98
1798829,43
1798906,33
1798925,22
1798960,21
1799006,18
1799020,22
1799021,23
1799065,20
1799066,24
1799068,21
1799071,856
1799078,23
1799093,44
1799096,19
1799099,47
1799104,23
1799133,19
1799146,58
1799163,20
1799207,18
1799232,150
1799314,24
1799348,46
1799355,24
1799371,59
1799430,140
1799551,20
1799557,25
1799560,31
1799578,27
1799614,18
1799617,21
1799630,87
1799673,22
1799696,25
1799697,32
1799713,21
1799736,26
1799764,73
1799773,40
1799804,44
1799811,23
1799831,158
1799853,18
1800005,18
1800011,25
1800024,51
1800042,56
1800047,276
1800076,39
1800081,25
1800107,23
1800140,37
1800141,44
1800143,24
1800173,109
1800178,78
1800202,100
1800262,238
1800282,62
1800329,25
1800366,33
1800372,19
1800411,26
1800435,102
1800499,67
1800500,476
1800508,24
1800607,62
1800611,34
1800626,17
1800669,23
1800682,17
1800717,23
1800746,42
1800781,27
1800809,104
1800822,106
1800851,24
1800868,18
1800881,25
1800905,30
1800929,20
1800934,36
1801016,52
1801086,48
1801130,79
1801179,31
1801197,24
1801244,17
1801250,23
1801255,96
1801439,32
1801451,50
1801474,31
1801476,34
1801481,39
1801506,36
1801535,20
1801543,99
1801570,17
1801589,103
1801613,167
1801623,30
1801628,18
1801639,19
1801686,122
1801698,17
1801710,25
1801724,1395
1801816,18
1801824,87
1801879,21
1801913,18
1801955,33
1801963,45
1802024,21
1802034,47
1802047,70
1802053,21
1802077,75
1802101,37
1802139,41
1802206,21
1802242,144
1802249,18
1802269,21
1802329,56
1802373,22
1802381,30
1802383,67
1802415,203
1802461,28
1802514,452
1802522,20
1802548,232
1802561,57
1802581,28
1802610,19
1802620,18
1802622,34
1802643,50
1802735,25
1802744,19
1802746,26
1802759,21
1802857,82
1802906,34
1802914,24
1802956,44
1802978,17
1802996,77
1803020,27
1803128,36
1803156,73
1803170,91
1803205,77
1803305,35
1803310,197
1803337,18
1803339,27
1803347,73
1803372,20
1803419,458
1803454,442
1803480,22
1803518,29
1803569,19
1803812,35
1803823,35
1803824,18
1803831,30
1803839,35
1803880,34
1803926,23
1803963,17
1803964,19
1803984,49
1804008,18
1804011,16
1804026,50
1804037,334
1804043,28
1804064,55
1804073,90
1804078,22
1804126,17
1804157,16
1804174,33
1804180,196
1804225,19
1804228,28
1804250,91
1804300,23
1804369,23
1804392,22
1804398,25
1804476,41
1804566,29
1804568,27
1804604,25
1804605,16
1804662,21
1804729,26
1804731,188
1804735,49
1804750,54
1804759,57
1804770,43
1804779,16
1804782,41
1804808,33
1804819,106
1804880,33
1804940,21
1804946,34
1804952,60
1804996,28
1805005,25
1805066,21
1805073,32
1805109,21
1805146,144
1805147,83
1805148,233
1805153,114
1805154,26
1805168,47
1805188,324
1805202,35
1805230,47
1805240,136
1805258,2643
1805259,101
1805266,40
1805296,319
1805298,38
1805303,24
1805316,43
1805391,17
1805399,179
1805415,22
1805433,16
1805439,24
1805447,32
1805452,28
1805535,18
1805539,196
1805619,42
1805664,44
1805690,32
1805725,152
1805726,21
1805836,183
1805838,321
1805847,57
1805855,49
1805912,129
1805979,98
1805996,31
1805997,30
1806026,21
1806037,23
1806059,116
1806072,20
1806082,26
1806140,56
1806141,23
1806144,16
1806153,27
1806163,16
1806165,18
1806202,206
1806228,18
1806348,36
1806421,24
1806441,29
1806445,18
1806520,21
1806539,93
1806543,25
1806600,33
1806713,48
1806828,40
1806855,16
1806895,49
1806911,27
1806926,49
1806953,40
1806986,17
1807035,21
1807036,32
1807074,41
1807083,18
1807087,17
1807154,17
1807178,16
1807194,22
1807223,19
1807236,19
1807262,29
1807277,16
1807280,16
1807292,22
1807357,36
1807364,29
1807374,87
1807381,37
1807415,106
1807418,28
1807433,18
1807442,23
1807480,17
1807484,28
1807528,18
1807537,16
1807559,31
1807587,31
1807637,73
1807674,33
1807701,64
1807729,24
1807746,32
1807798,23
1807845,51
1807862,8802
1807888,138
1807917,23
1807973,47
1807974,16
1807975,36
1807977,29
1808003,16
1808014,45
1808023,72
1808060,41
1808080,22
1808102,26
1808130,43
1808135,71
1808171,94
1808231,49
1808264,38
1808354,56
1808368,20
1808381,23
1808470,23
1808476,20
1808477,68
1808487,35
1808513,17
1808597,25
1808652,27
1808728,175
1808732,26
1808781,84
1808817,28
1808861,33
1808880,44
1808893,16
1808935,59
1808963,34
1808984,26
1809063,22
1809096,21
1809125,125
1809159,19
1809226,110
1809236,18
1809247,19
1809302,22
1809442,83
1809494,19
1809530,36
1809555,20
1809581,24
1809598,30
1809640,74
1809681,43
1809744,941
1809748,7661
1809781,20
1809845,19
1809870,18
1809905,17
1809926,278
1809962,95
1810019,19
1810074,19
1810126,188
1810175,25
1810179,38
1810181,20
1810197,20
1810222,22
1810232,31
1810236,61
1810300,34
1810361,80
1810392,80
1810427,23
1810460,18
1810468,77
1810476,16
1810506,168
1810532,18
1810565,26
1810568,19
1810591,25
1810616,6503
1810657,66
1810661,53
1810735,37
1810749,76
1810798,32
1810842,16
1810883,51
1810914,19
1810923,21
1810949,46
1810952,57
1810963,27
1810967,23
1811006,29
1811014,20
1811071,36
1811101,36
1811122,28
1811133,38
1811273,22
1811285,55
1811320,19
1811355,53
1811514,196
1811524,16
1811560,18
1811561,31
1811579,1358
1811592,18
1811601,17
1811613,41
1811625,18
1811629,24
1811633,242
1811709,92
1811769,16
1811787,69
1811826,19
1811849,19
1811852,45
1811857,17
1811873,28
1811938,112
1811953,40
1811992,81
1811995,22
1812014,64
1812035,23
1812040,18
1812088,22
1812099,22
1812104,68
1812137,59
1812146,17
1812168,718
1812193,25
1812213,42
1812241,30
1812242,53
1812278,24
1812308,19
1812322,47
1812431,23
1812450,96
1812529,705
1812612,18
1812665,224
1812698,81
1812702,33
1812706,20
1812710,36
1812832,16
1812918,17
1813008,58
1813082,18
1813094,21
1813148,52
1813181,243
1813230,157
1813240,22
1813250,38
1813322,17
1813333,19
1813381,17
1813390,154
1813415,52
1813438,52
1813439,18
1813449,18
1813471,440
1813577,60
1813589,59
1813643,99
1813649,20
1813667,19
1813706,878
1813726,22
1813739,30
1813846,28
1813890,57
1813909,2214
1813949,28
1813960,42
1814011,48
1814049,24
1814088,61
1814092,34
1814100,50
1814149,22
1814181,24
1814182,26
1814193,47
1814220,30
1814271,186
1814323,37
1814326,22
1814337,18
1814362,22
1814397,19
1814432,42
1814435,42
1814449,18
1814486,17
1814537,19
1814573,118
1814581,36
1814582,16
1814591,16
1814603,21
1814653,102
1814680,36
1814686,25
1814701,36
1814762,17
1814826,41
1814841,16
1814852,51
1814854,25
1814877,16
1814986,25
1815018,28
1815046,79
1815055,30
1815092,20
1815105,29
1815170,17
1815196,37
1815236,25
1815267,87
1815283,40
1815288,18
1815365,48
1815372,652
1815447,17
1815470,26
1815474,43
1815554,25
1815604,17
1815605,24
1815612,16
1815630,39
1815648,28
1815656,127
1815670,21
1815678,17
1815718,266
1815725,31
1815787,16
1815886,17
1815914,19
1815942,27
1815985,53
1816007,17
1816052,92
1816069,20
1816097,20
1816142,36
1816211,24
1816271,19
1816273,17
1816275,28
1816278,16
1816280,210
1816330,91
1816387,78
1816422,35
1816496,91
1816512,23
1816589,1085
1816620,48
1816627,20
1816650,23
1816674,25
1816813,16
1816846,42
1816852,23
1816869,31
1816873,19
1816923,16
1816944,17
1816961,19
1816978,21
1816998,19
1817019,72
1817020,37
1817026,94
1817105,36
1817146,22
1817206,27
1817227,16
1817230,19
1817231,23
1817245,28
1817309,16
1817321,17
1817335,41
1817337,163
1817349,31
1817403,16
1817422,22
1817429,173
1817459,19
1817483,22
1817500,123
1817661,24
1817668,76
1817715,19
1817737,108
1817790,40
1817817,2601
1817819,30
1817886,22
1817937,77
1817970,19
1817976,58
1817983,19
1817986,19
1818044,19
1818064,34
1818094,64
1818106,34
1818137,20
1818149,19
1818200,37
1818221,34
1818223,17
1818318,16
1818321,33
1818327,19
1818335,22
1818351,48
1818352,97
1818354,32
1818362,31
1818378,36
1818483,20
1818617,36
1818635,207
1818648,33
1818658,67
1818659,23
1818674,18
1818689,48
1818724,23
1818730,24
1818807,17
1818850,21
1818855,42
1818865,26
1818875,17
1818878,35
1818904,18
1818978,17
1819069,17
1819110,31
1819126,19
1819207,98
1819368,19
1819388,42
1819389,17
1819421,18
1819431,47
1819468,19
1819485,39
1819515,29
1819525,152
1819534,63
1819579,25
1819675,16
1819726,20
1819745,42
1819789,43
1819807,24
1819818,30
1819836,1574
1819873,80
1819904,19
1819947,18
1819979,167
1820046,33
1820086,37
1820099,80
1820115,27
1820136,30
1820147,18
1820217,41
1820260,26
1820272,16
1820278,50
1820285,80
1820314,35
1820339,241
1820367,66
1820434,163
1820443,18
1820450,128
1820464,106
1820465,18
1820496,18
1820521,38
1820576,51
1820581,90
1820587,18
1820596,23
1820625,18
1820632,81
1820653,44
1820667,41
1820691,21
1820701,113
1820702,29
1820727,173
1820739,581
1820798,17
1820856,75
1820861,67
1820902,25
1820952,18
1821009,59
1821024,88
1821071,26
1821072,19
1821090,26
1821124,33
1821169,32
1821195,372
1821310,19
1821317,123
1821319,22
1821331,34
1821339,79
1821363,21
1821430,29
1821444,45
1821449,25
1821470,16
1821472,22
1821478,242
1821509,39
1821573,16
1821577,145
1821582,38
1821631,25
1821632,47
1821654,20
1821696,22
1821724,17
1821741,30
1821770,18
1821831,34
1821917,34
1821919,22
1821933,51
1821960,33
1821964,21
1821969,18
1821984,18
1822042,24
1822052,24
1822066,25
1822101,27
1822122,145
1822128,34
1822130,20
1822218,28
1822245,48
1822255,49
1822266,283
1822271,91
1822307,115
1822338,127
1822344,39
1822350,21
1822366,186
1822399,69
1822420,34
1822526,53
1822588,27
1822626,24
1822637,37
1822648,25
1822665,28
1822666,41
1822686,18
1822701,31
1822720,39
1822741,48
1822755,46
1822899,30
1822908,2747
1822966,190
1822990,27
1822992,17
1823036,86
1823040,27
1823044,28
1823122,18
1823153,97
1823162,24
1823182,17
1823220,17
1823271,63
1823288,104
1823353,125
1823356,276
1823403,36
1823411,22
1823437,284
1823438,21
1823450,34
1823464,29
1823515,16
1823533,17
1823560,90
1823575,16
1823625,18
1823628,18
1823667,21
1823673,39
1823693,25
1823748,61
1823799,30
1823803,22
1823820,36
1823824,34
1823851,16
1823852,18
1823909,77
1823952,25
1823959,92
1823985,37
1824000,18
1824037,20
1824052,20
1824095,16
1824096,919
1824117,20
1824132,25
1824151,37
1824156,24
1824181,87
1824188,40
1824211,173
1824254,16
1824308,17
1824311,18
1824319,18
1824347,27
1824348,19
1824365,62
1824386,25
1824420,21
1824470,32
1824489,25
1824553,59
1824584,24
1824589,45
1824602,29
1824637,19
1824640,38
1824649,27
1824706,49
1824725,19
1824777,816
1824811,18
1824812,37
1824843,29
1824850,21
1824870,17
1824892,44
1824920,19
1824940,17
1824977,59
1825074,22
1825076,46
1825107,21
1825109,31
1825111,49
1825127,16
1825131,96
1825169,18
1825174,192
1825190,115
1825193,21
1825260,44
1825286,18
1825312,16
1825324,89
1825364,44
1825406,17
1825411,22
1825473,105
1825477,21
1825491,21
1825581,18
1825587,21
1825592,67
1825611,26
1825639,40
1825720,27
1825745,92
1825757,44
1825775,19
1825778,19
1825903,20
1825984,990
1825993,25
1825994,19
1825997,90
1826008,22
1826105,44
1826116,27
1826119,17
1826122,20
1826127,35
1826136,1569
1826153,27
1826243,16
1826308,78
1826326,25
1826342,38
1826376,57
1826392,20
1826393,28
1826406,230
1826417,23
1826432,21
1826489,89
1826515,171
1826516,536
1826539,24
1826541,36
1826563,29
1826583,58
1826597,157
1826606,19
1826634,66
1826668,16
1826669,16
1826718,28
1826794,114
1826809,140
1826813,145
1826816,25
1826862,36
1826883,18
1826895,30
1826985,96
1827079,1761
1827100,18
1827107,94
1827113,45
1827124,30
1827136,28
1827150,23
1827204,59
1827213,78
1827300,18
1827321,18
1827394,63
1827412,17
1827573,48
1827590,22
1827605,35
1827769,131
1827771,25
1827823,19
1828046,18
1828047,38
1828079,27
1828098,22
1828132,46
1828136,29
1828140,23
1828182,50
1828206,27
1828279,18
1828302,22
1828319,75
1828335,18
1828441,23
1828470,33
1828485,20
1828489,59
1828509,47
1828535,38
1828638,84
1828711,17
1828792,28
1828826,16
1828893,26
1828894,25
1828898,199
1828918,28
1828986,122
1829001,19
1829035,23
1829069,19
1829092,21
1829121,23
1829194,23
1829220,27
1829252,1094
1829298,22
1829302,20
1829309,27
1829310,81
1829369,20
1829399,26
1829400,47
1829444,34
1829463,28
1829507,16
1829508,761
1829525,79
1829530,27
1829538,23
1829540,17
1829597,19
1829632,17
1829672,44
1829673,16
1829680,116
1829694,16
1829704,17
1829714,24
1829753,17
1829804,19
1829819,25
1829827,22
1829896,37
1829945,40
1829956,39
1830004,34
1830010,98
1830052,20
1830068,20
1830129,25
1830155,41
1830170,17
1830172,27
1830186,54
1830210,35
1830269,304
1830275,18
1830276,36
1830293,4205
1830350,19
1830381,16
1830428,33
1830475,31
1830478,21
1830504,38
1830557,44
1830565,20
1830590,35
1830608,57
1830627,49
1830638,35
1830657,20
1830700,26
1830778,818
1830811,35
1830830,53
1830874,18
1830885,28
1830926,17
1830932,23
1830958,19
1830991,21
1831005,22
1831098,16
1831110,82
1831150,198
1831269,28
1831344,21
1831367,22
1831381,29
1831390,686
1831421,17
1831426,322
1831451,17
1831500,18
1831515,129
1831550,18
1831567,27
1831637,16
1831641,56
1831664,17
1831666,192
1831670,107
1831673,21
1831706,31
1831761,24
1831762,25
1831844,17
1831849,161
1831911,17
1832007,116
1832029,19
1832044,77
1832045,58
1832050,284
1832072,24
1832116,23
1832117,27
1832118,28
1832160,19
1832202,384
1832224,24
1832259,70
1832261,49
1832263,19
1832264,18
1832295,26
1832296,20
1832421,20
1832424,32
1832453,91
1832466,32
1832483,16
1832486,17
1832504,65
1832522,77
1832526,29
1832602,34
1832614,27
1832660,44
1832680,50
1832711,27
1832721,23
1832735,32
1832801,31
1832839,35
1832840,28
1832844,32
1832845,16
1832868,34
1833078,29
1833093,19
1833132,1191
1833186,490
1833187,32
1833225,102
1833259,256
1833350,17
1833361,17
1833439,195
1833463,17
1833485,24
1833534,92
1833694,50
1833748,28
1833759,20
1833762,96
1833769,36
1833833,25
1833865,40
1833872,31
1833891,36
1833927,20
1833952,24
1833977,24
1834036,21
1834065,32
1834089,16
1834136,76
1834164,41
1834180,74
1834191,46
1834203,180
1834209,129
1834245,16
1834343,22
1834368,37
1834397,21
1834437,23
1834438,19
1834446,27
1834448,93
1834494,29
1834526,20
1834568,20
1834639,22
1834719,38
1834822,17
1834851,256
1834872,18
1834918,37
1834944,19
1834945,178
1834973,17
1834985,23
1835046,37
1835151,46
1835243,34
1835281,26
1835289,18
1835346,84
1835349,17
1835428,48
1835434,35
1835463,20
1835470,143
1835478,95
1835482,24
1835493,22
1835509,525
1835538,61
1835543,25
1835545,19
1835555,19
1835557,81
1835575,22
1835605,39
1835647,18
1835656,62
1835741,17
1835746,83
1835757,125
1835786,23
1835795,20
1835871,3006
1835910,26
1836009,66
1836035,22
1836073,20
1836100,16
1836133,115
1836143,27
1836148,26
1836158,18
1836170,30
1836222,32
1836284,177
1836300,29
1836321,87
1836362,22
1836363,105
1836364,39
1836388,58
1836406,129
1836450,27
1836533,22
1836551,41
1836627,50
1836628,134
1836654,22
1836673,21
1836687,21
1836690,116
1836698,732
1836702,41
1836714,37
1836720,17
1836741,36
1836757,44
1836805,17
1836813,17
1836891,21
1836921,28
1836972,32
1837020,33
1837026,59
1837027,22
1837041,48
1837048,22
1837084,130
1837132,26
1837168,25
1837178,219
1837234,18
1837305,109
1837309,100
1837442,81
1837447,17
1837454,19
1837536,19
1837587,22
1837706,46
1837727,26
1837808,37
1837958,30
1837970,19
1838024,24
1838074,828
1838129,21
1838175,22
1838225,26
1838241,59
1838252,184
1838261,40
1838270,29
1838294,26
1838369,26
1838382,92
1838389,17
1838397,32
1838409,1903
1838478,16
1838574,23
1838641,53
1838686,18
1838687,950
1838703,28
1838740,30
1838745,27
1838761,17
1838784,52
1838839,26
1838864,37
1838904,62
1838920,29
1838922,17
1838926,57
1838969,19
1839023,42
1839138,19
1839166,237
1839187,19
1839191,47
1839200,37
1839208,17
1839230,22
1839241,54
1839242,23
1839293,382
1839294,22
1839306,82
1839316,29
1839405,167
1839422,19
1839472,23
1839474,20
1839524,23
1839573,24
1839614,34
1839708,128
1839770,28
1839830,34
1839842,80
1839851,64
1839887,18
1839923,79
1839980,25
1840001,30
1840028,18
1840088,28
1840102,751
1840139,449
1840179,136
1840250,20
1840262,16
1840298,31
1840322,17
1840334,59
1840345,69
1840381,21
1840426,21
1840470,40
1840498,27
1840499,82
1840523,18
1840623,25
1840658,126
1840689,31
1840712,186
1840725,17
1840820,20
1840821,74
1840832,18
1840836,110
1840865,22
1840869,26
1840900,31
1840906,27
1840911,50
1840925,18
1840943,42
1840963,46
1840986,16
1841040,27
1841041,46
1841074,45
1841082,17
1841085,104
1841090,105
1841130,24
1841157,26
1841163,21
1841188,41
1841221,87
1841326,40
1841336,51
1841348,47
1841352,28
1841389,18
1841445,35
1841457,17
1841462,181
1841463,20
1841467,193
1841485,28
1841488,28
1841496,20
1841503,36
1841507,44
1841534,24
1841541,26
1841572,42
1841624,750
1841659,40
1841692,20
1841761,25
1841780,359
1841792,32
1841870,64
1841947,20
1841954,91
1841964,20
1842001,16
1842002,17
1842003,21
1842011,18
1842013,29
1842021,28
1842044,19
1842051,27
1842058,432
1842117,38
1842175,168
1842198,126
1842213,22
1842238,50
1842253,27
1842254,63
1842293,48
1842310,40
1842393,61
1842451,66
1842485,29
1842502,54
1842527,30
1842622,18
1842665,91
1842718,48
1842731,22
1842742,16
1842762,20
1842835,25
1842868,21
1842874,39
1842896,17
1842921,27
1842926,28
1842929,62
1842966,20
1842968,20
1842978,21
1842984,42
1843181,18
1843205,27
1843234,17
1843237,21
1843243,22
1843247,274
1843257,62
1843278,85
1843357,36
1843361,32
1843362,31
1843364,27
1843368,39
1843399,23
1843475,24
1843482,20
1843487,26
1843490,25
1843497,24
1843507,19
1843524,456
1843545,16
1843561,20
1843563,18
1843566,56
1843571,37
1843587,38
1843590,39
1843651,18
1843672,24
1843710,371
1843764,20
1843797,34
1843798,105
1843802,35
1843803,96
1843904,25
1843925,39
1843928,18
1843952,27
1844029,35
1844089,27
1844186,24
1844314,18
1844367,26
1844436,24
1844447,31
1844460,973
1844470,17
1844540,64
1844572,73
1844607,18
1844628,20
1844637,31
1844653,17
1844669,88
1844687,19
1844723,18
1844775,30
1844831,275
1844865,123
1844877,30
1844911,40
1844945,50
1845002,22
1845048,26
1845060,33
1845073,23
1845104,17
1845105,19
1845125,380
1845126,57
1845208,20
1845238,19
1845263,16
1845282,32
1845295,173
1845328,26
1845348,22
1845359,18
1845410,21
1845411,37
1845422,21
1845451,22
1845461,78
1845465,18
1845523,182
1845585,18
1845601,240
1845602,30
1845665,113
1845675,70
1845854,65
1845860,20
1845958,23
1846038,254
1846053,17
1846055,184
1846094,17
1846126,31
1846130,30
1846165,20
1846168,134
1846175,184
1846266,18
1846274,36
1846282,37
1846340,33
1846373,34
1846394,81
1846426,33
1846484,16
1846505,30
1846530,133
1846592,16
1846621,31
1846639,41
1846649,27
1846686,17
1846700,80
1846702,54
1846728,20
1846738,18
1846770,27
1846774,52
1846777,65
1846782,28
1846797,27
1846839,36
1846848,20
1846902,38
1846913,31
1846927,17
1847006,30
1847030,58
1847033,42
1847210,19
1847242,17
1847302,71
1847354,62
1847401,89
1847421,50
1847432,23
1847438,74
1847451,24
1847456,22
1847481,31
1847499,18
1847540,219
1847541,43
1847545,26
1847613,42
1847705,17
1847742,24
1847766,21
1847782,60
1847783,164
1847806,36
1847907,18
1847922,31
1847941,194
1847997,18
1848004,46
1848046,17
1848048,27
1848091,121
1848110,34
1848173,53
1848183,20
1848205,54
1848268,41
1848278,28
1848303,40
1848319,42
1848343,35
1848350,29
1848351,17
1848365,36
1848369,17
1848428,18
1848471,21
1848497,57
1848532,16
1848581,25
1848616,646
1848617,20
1848636,17
1848637,22
1848748,116
1848843,33
1848867,20
1848882,50
1848957,60
1848968,56
1848973,25
1848974,23
1848995,44
1849063,16
1849077,38
1849078,207
1849112,126
1849172,32
1849200,54
1849220,151
1849226,18
1849227,426
1849261,88
1849271,33
1849362,27
1849364,23
1849415,172
1849441,29
1849447,21
1849457,20
1849529,91
1849540,33
1849602,30
1849628,23
1849671,21
1849678,16
1849710,22
1849715,18
1849716,67
1849739,21
1849752,39
1849941,20
1849942,81
1849984,40
1849999,27
1850050,2750
1850070,31
1850143,46
1850169,28
1850188,16
1850195,17
1850235,113
1850254,100
1850275,33
1850329,67
1850346,18
1850436,27
1850444,93
1850447,16
1850493,76
1850514,22
1850526,17
1850541,33
1850542,31
1850545,42
1850554,50
1850587,26
1850636,136
1850665,38
1850696,32
1850729,49
1850742,108
1850769,27
1850838,17
1850863,244
1850864,45
1850866,20
1850894,17
1850918,30
1850977,18
1850998,35
1851055,61
1851061,54
1851082,57
1851103,41
1851145,38
1851167,25
1851210,25
1851254,2770
1851264,185
1851267,43
1851272,19
1851390,26
1851430,38
1851556,19
1851586,28
1851588,18
1851661,23
1851690,52
1851746,32
1851759,18
1851806,47
1851822,16
1851843,85
1851853,17
1851866,19
1851919,323
1851928,23
1851968,47
1851975,18
1851976,126
1851983,46
1852048,196
1852062,31
1852103,18
1852197,20
1852281,111
1852301,23
1852302,19
1852346,82
1852347,17
1852352,39
1852400,22
1852457,1694
1852466,50
1852469,33
1852478,19
1852504,28
1852629,78
1852633,23
1852634,994
1852642,33
1852643,38
1852650,241
1852660,25
1852708,20
1852718,24
1852722,17
1852781,17
1852848,30
1852880,107
1852945,65
1852972,19
1853028,27
1853099,38
1853104,28
1853151,913
1853196,23
1853230,58
1853269,75
1853373,51
1853381,18
1853397,81
1853401,111
1853458,72
1853488,28
1853492,24
1853507,26
1853583,24
1853598,17
1853626,17
1853635,24
1853649,20
1853662,35
1853707,38
1853744,30
1853786,21
1853914,1586
1853956,18
1853975,23
1853983,22
1854008,22
1854009,31
1854024,56
1854028,36
1854076,22
1854097,43
1854161,118
1854185,51
1854245,24
1854247,30
1854313,21
1854316,44
1854322,40
1854330,17
1854425,34
1854438,18
1854439,69
1854455,18
1854479,16
1854510,76
1854516,24
1854519,165
1854528,261
1854531,26
1854553,19
1854585,32
1854624,33
1854639,19
1854680,22
1854681,20
1854685,37
1854707,43
1854821,24
1854868,40
1854888,16
1854913,17
1854917,96
1854972,115
1855030,16
1855121,27
1855131,46
1855145,17
1855156,53
1855207,24
1855264,38
1855270,21
1855271,21
1855275,21
1855321,20
1855338,52
1855356,38
1855361,21
1855411,16
1855511,31
1855540,50
1855687,24
1855706,29
1855723,27
1855738,23
1855756,29
1855808,42
1855823,19
1855844,20
1855891,540
1855896,18
1855909,20
1856066,46
1856124,356
1856148,23
1856220,769
1856274,25
1856301,19
1856419,17
1856457,27
1856526,22
1856604,73
1856628,53
1856653,18
1856656,106
1856803,16
1856814,17
1856867,45
1856955,39
1856964,17
1856993,186
1856997,66
1857036,19
1857045,36
1857144,25
1857254,19
1857259,25
1857262,24
1857304,22
1857322,25
1857324,17
1857399,127
1857417,16
1857423,99
1857436,19
1857461,21
1857473,435
1857515,1895
1857558,112
1857559,20
1857575,87
1857584,30
1857614,93
1857656,84
1857774,29
1857775,69
1857797,21
1857799,26
1857844,25
1857859,24
1857860,19
1857862,63
1857925,31
1857947,26
1857948,89
1857950,27
1857988,108
1857998,18
1858127,80
1858161,31
1858181,50
1858185,52
1858201,17
1858203,51
1858209,20
1858234,26
1858278,23
1858329,299
1858352,21
1858375,40
1858395,19
1858398,101
1858434,31
1858439,28
1858467,68
1858508,65
1858509,35
1858552,84
1858625,35
1858676,22
1858709,45
1858755,37
1858761,16
1858791,38
1858829,32
1858854,17
1858862,57
1858905,125
1858914,37
1858929,20
1858945,29
1858956,23
1858967,219
1859048,27
1859066,18
1859075,171
1859111,20
1859112,16
1859162,45
1859180,20
1859185,37
1859292,33
1859297,29
1859304,23
1859318,22
1859436,23
1859531,38
1859590,18
1859596,38
1859679,85
1859692,41
1859767,34
1859768,18
1859769,28
1859839,90
1859845,22
1859850,45
1859892,30
1859916,103
1859962,22
1860012,35
1860023,17
1860025,838
1860034,323
1860063,17
1860104,46
1860110,23
1860113,22
1860116,51
1860142,20
1860156,24
1860213,64
1860224,36
1860227,26
1860297,24
1860310,18
1860330,22
1860350,25
1860389,22
1860448,30
1860504,602
1860515,19
1860531,18
1860551,42
1860552,22
1860563,51
1860590,36
1860647,27
1860747,46
1860749,33
1860776,131
1860824,34
1860900,34
1860916,19
1860938,33
1860944,16
1860973,19
1860978,110
1861040,17
1861059,23
1861177,22
1861210,59
1861226,16
1861277,21
1861282,56
1861284,36
1861286,16
1861342,34
1861356,17
1861370,141
1861378,33
1861384,26
1861437,22
1861486,17
1861504,56
1861513,262
1861521,37
1861524,208
1861548,21
1861577,53
1861584,18
1861633,34
1861642,31
1861710,20
1861723,19
1861752,16
1861761,41
1861769,120
1861861,28
1861883,59
1861929,29
1861938,22
1861939,213
1861948,22
1861961,30
1862120,31
1862125,47
1862149,17
1862216,131
1862280,28
1862306,20
1862322,30
1862339,23
1862349,35
1862352,22
1862556,30
1862623,19
1862645,18
1862656,29
1862669,36
1862681,184
1862738,29
1862742,41
1862745,49
1862788,19
1862796,33
1862865,75
1862869,52
1862904,124
1862918,59
1863060,21
1863082,24
1863091,21
1863104,17
1863126,37
1863184,16
1863269,18
1863275,33
1863284,44
1863306,146
1863387,25
1863395,22
1863397,38
1863440,35
1863470,38
1863511,26
1863601,43
1863634,19
1863640,89
1863700,29
1863767,17
1863787,42
1863788,32
1863818,140
1863838,48
1863842,17
1863937,28
1863961,27
1863977,44
1863982,16
1864012,38
1864056,38
1864090,43
1864127,38
1864131,54
1864146,17
1864195,19
1864196,42
1864222,16
1864228,28
1864239,16
1864267,18
1864279,49
1864297,142
1864300,43
1864359,39
1864365,31
1864397,17
1864415,989
1864445,18
1864476,59
1864494,18
1864513,17
1864580,22
1864640,28
1864683,20
1864684,22
1864696,60
1864771,17
1864817,21
1864946,103
1864981,18
1864988,22
1865014,18
1865026,23
1865196,245
1865225,53
1865272,148
1865322,38
1865408,38
1865429,16
1865487,20
1865489,22
1865498,23
1865601,27
1865614,217
1865691,23
1865794,19
1865842,18
1865858,26
1865883,24
1865929,18
1865955,17
1865962,21
1865979,31
1865988,45
1865993,30
1865998,17
1866021,34
1866045,23
1866096,3397
1866110,17
1866115,41
1866121,42
1866129,16
1866130,17
1866144,18
1866153,202
1866241,282
1866256,32
1866269,24
1866288,20
1866313,27
1866351,48
1866363,98
1866378,67
1866395,22
1866412,70
1866460,43
1866502,278
1866507,64
1866533,24
1866541,38
1866552,161
1866587,16
1866597,26
1866633,23
1866654,21
1866733,25
1866734,60
1866735,24
1866738,21
1866740,18
1866752,18
1866775,20
1866779,28
1866821,37
1867001,18
1867005,51
1867006,20
1867023,66
1867031,36
1867059,30
1867092,34
1867137,20
1867152,16
1867231,125
1867290,18
1867295,20
1867315,17
1867320,24
1867327,16
1867337,964
1867369,19
1867438,66
1867464,77
1867473,31
1867499,16
1867501,34
1867554,25
1867558,33
1867570,322
1867581,32
1867663,24
1867666,20
1867698,64
1867719,18
1867829,17
1867831,30
1867878,25
1867888,29
1867929,26
1867934,24
1867962,68
1867978,18
1868018,129
1868022,17
1868023,17
1868038,20
1868098,28
1868182,36
1868232,32
1868241,48
1868312,25
1868342,17
1868379,17
1868412,18
1868417,34
1868422,72
1868431,112
1868465,32
1868504,32
1868524,38
1868541,26
1868554,16
1868585,16
1868595,17
1868600,36
1868603,35
1868655,61
1868671,26
1868678,858
1868703,21
1868811,65
1868829,23
1868852,19
1868859,41
1868890,18
1868996,93
1869011,122
1869025,49
1869048,26
1869110,48
1869134,46
1869165,21
1869167,207
1869219,36
1869287,23
1869311,17
1869368,84
1869446,55
1869453,17
1869457,18
1869478,22
1869525,16
1869546,54
1869556,842
1869624,19
1869637,25
1869641,20
1869655,59
1869733,47
1869752,148
1869822,33
1869845,17
1869894,442
1869934,20
1869935,51
1869936,17
1869940,130
1869943,32
1869960,16
1869968,35
1870012,301
1870017,19
1870054,18
1870082,23
1870102,17
1870135,47
1870146,100
1870152,114
1870165,36
1870200,37
1870231,19
1870254,39
1870273,26
1870307,46
1870376,30
1870414,23
1870465,19
1870486,53
1870487,25
1870515,100
1870586,95
1870645,439
1870670,46
1870682,218
1870699,21
1870713,38
1870768,17
1870772,41
1870790,18
1870801,241
1870903,35
1870939,22
1871026,37
1871109,28
1871113,37
1871210,55
1871236,22
1871315,19
1871328,22
1871373,18
1871414,18
1871419,20
1871431,18
1871497,26
1871512,24
1871530,35
1871568,227
1871579,683
1871604,94
1871692,41
1871709,23
1871720,77
1871763,73
1871773,47
1871812,475
1871840,19
1871847,19
1871897,18
1871938,87
1871978,2408
1871990,86
1872010,21
1872019,187
1872041,18
1872056,25
1872068,47
1872096,43
1872154,187
1872176,17
1872251,35
1872255,25
1872260,32
1872262,40
1872270,22
1872296,18
1872312,29
1872322,30
1872378,86
1872426,148
1872461,167
1872549,109
1872563,80
1872577,47
1872599,23
1872758,243
1872788,17
1872822,21
1872829,20
1872834,81
1872835,61
1872876,49
1872926,40
1872978,57
1873008,80
1873028,31
1873122,6866
1873170,122
1873171,22
1873226,18
1873251,20
1873253,92
1873259,22
1873277,18
1873335,207
1873338,23
1873386,20
1873423,17
1873475,17
1873487,92
1873531,16
1873635,20
1873679,73
1873747,18
1873767,30
1873790,96
1873909,151
1873917,26
1873930,22
1873935,29
1873967,16
1873982,251
1873986,34
1874051,31
1874052,23
1874088,98
1874112,31
1874130,20
1874159,39
1874195,35
1874204,41
1874254,22
1874278,43
1874343,16
1874349,31
1874370,68
1874403,67
1874448,23
1874452,29
1874454,46
1874477,52
1874495,19
1874496,88
1874516,26
1874530,27
1874538,23
1874567,71
1874596,26
1874614,47
1874616,47
1874628,783
1874640,18
1874651,16
1874652,26
1874672,174
1874678,34
1874702,17
1874770,38
1874785,51
1874806,23
1874895,33
1874896,25
1874932,29
1874953,233
1874960,78
1874965,27
1874975,21
1874992,18
1875002,45
1875013,72
1875025,18
1875037,20
1875038,16
1875129,17
1875138,39
1875160,142
1875208,32
1875219,27
1875262,17
1875302,87
1875317,27
1875359,16
1875420,179
1875429,20
1875442,71
1875477,32
1875618,40
1875638,18
1875655,46
1875690,58
1875700,100
1875717,27
1875730,37
1875744,16
1875759,17
1875783,19
1875899,45
1876014,32
1876076,44
1876102,50
1876106,43
1876114,19
1876115,25
1876202,26
1876251,112
1876331,38
1876449,28
1876459,29
1876542,103
1876546,47
1876548,19
1876685,54
1876724,25
1876748,19
1876755,34
1876808,39
1876853,396
1876864,22
1876935,20
1876939,498
1876982,19
1876992,133
1877008,28
1877009,18
1877018,32
1877045,17
1877100,39
1877113,33
1877155,24
1877156,30
1877191,18
1877192,16
1877258,24
1877263,16
1877274,46
1877310,82
1877311,58
1877326,48
1877376,17
1877389,20
1877395,23
1877416,24
1877496,27
1877511,48
1877542,195
1877549,178
1877571,30
1877585,23
1877588,45
1877685,569
1877748,130
1877798,17
1877816,18
1877881,251
1877892,40
1877916,26
1877932,33
1878030,17
1878056,18
1878090,16
1878160,17
1878165,43
1878176,37
1878216,20
1878300,31
1878305,30
1878326,34
1878327,19
1878341,37
1878373,56
1878426,51
1878443,31
1878444,32
1878474,22
1878490,19
1878494,97
1878499,521
1878500,76
1878610,45
1878623,32
1878633,83
1878672,51
1878709,19
1878739,29
1878808,18
1878824,43
1878839,22
1878841,16
1878854,169
1878867,16
1878876,90
1878890,26
1878894,38
1878948,24
1878979,30
1878983,90
1879030,16
1879120,216
1879145,24
1879164,21
1879172,20
1879177,25
1879187,169
1879282,248
1879287,111
1879288,109
1879325,44
1879353,19
1879365,18
1879366,277
1879370,31
1879384,35
1879403,95
1879411,54
1879428,20
1879429,28
1879473,48
1879509,52
1879510,18
1879530,32
1879556,827
1879557,47
1879558,18
1879593,53
1879633,18
1879648,23
1879658,25
1879670,18
1879690,121
1879693,27
1879696,30
1879711,73
1879720,21
1879738,17
1879757,28
1879761,27
1879780,31
1879828,18
1879860,30
1879865,17
1879887,64
1879921,607
1879966,67
1880026,46
1880070,105
1880074,239
1880095,55
1880193,209
1880217,28
1880354,63
1880366,17
1880383,24
1880415,35
1880419,202
1880441,37
1880444,40
1880454,37
1880463,27
1880539,22
1880599,16
1880600,20
1880631,69
1880703,195
1880807,40
1880826,26
1880837,60
1880867,17
1880881,369
1880894,28
1880899,21
1880910,53
1880968,25
1880978,24
1880993,21
1880994,41
1881038,65
1881040,31
1881151,29
1881169,137
1881175,25
1881178,21
1881180,16
1881182,17
1881232,78
1881266,20
1881269,24
1881270,19
1881278,43
1881342,22
1881379,50
1881397,29
1881429,46
1881481,32
1881517,22
1881531,25
1881577,20
1881638,126
1881675,21
1881715,34
1881736,21
1881822,22
1881846,20
1881880,17
1881885,21
1881951,523
1881969,22
1882031,16
1882037,23
1882073,24
1882080,119
1882089,37
1882095,59
1882100,70
1882104,23
1882112,19
1882123,18
1882125,64
1882151,29
1882247,189
1882253,27
1882269,34
1882270,45
1882273,16
1882280,121
1882304,16
1882378,32
1882405,30
1882461,124
1882475,17
1882495,184
1882505,27
1882520,25
1882535,17
1882555,31
1882613,18
1882623,25
1882754,17
1882794,80
1882804,20
1882859,23
1882939,19
1882944,19
1882962,74
1883008,21
1883041,20
1883069,411
1883089,23
1883090,27
1883228,31
1883244,16
1883260,18
1883272,54
1883348,21
1883407,223
1883426,21
1883432,76
1883437,37
1883438,25
1883449,30
1883475,123
1883476,16
1883515,19
1883516,19
1883519,85
1883559,17
1883563,32
1883595,59
1883599,20
1883634,32
1883659,39
1883709,56
1883719,23
1883799,26
1883802,37
1883905,38
1883906,33
1883945,31
1883968,38
1884066,69
1884079,18
1884087,17
1884099,18
1884173,40
1884208,142
1884302,18
1884303,104
1884328,18
1884354,17
1884387,17
1884390,21
1884402,49
1884499,76
1884545,27
1884554,33
1884579,60
1884582,319
1884609,30
1884628,122
1884651,32
1884658,25
1884680,23
1884695,46
1884710,34
1884719,26
1884731,17
1884813,32
1884834,28
1884837,17
1884839,26
1884847,438
1884851,17
1884887,166
1884911,24
1884928,17
1884941,18
1885020,44
1885042,32
1885047,34
1885060,61
1885098,30
1885111,35
1885117,59
1885167,16
1885181,25
1885296,21
1885308,23
1885351,17
1885378,20
1885392,22
1885478,104
1885492,24
1885498,137
1885510,21
1885516,56
1885536,17
1885537,16
1885565,24
1885567,21
1885628,27
1885664,29
1885680,39
1885685,30
1885752,17
1885791,68
1885823,213
1885880,80
1885902,23
1885917,16
1885962,22
1885984,37
1886008,67
1886158,40
1886164,19
1886202,68
1886269,920
1886418,75
1886441,17
1886456,54
1886457,19
1886566,392
1886574,20
1886577,26
1886583,24
1886672,27
1886727,17
1886741,60
1886746,120
1886756,73
1886807,76
1886815,44
1886850,22
1886860,148
1886910,28
1886934,120
1886939,32
1886956,30
1886979,31
1887045,458
1887051,36
1887098,17
1887099,48
1887113,768
1887201,22
1887222,34
1887272,71
1887317,20
1887320,16
1887404,23
1887415,27
1887417,20
1887478,18
1887549,24
1887609,122
1887631,22
1887648,36
1887662,116
1887667,41
1887694,36
1887731,21
1887739,26
1887753,35
1887819,42
1887833,37
1887839,128
1887856,91
1887901,25
1887917,21
1887933,36
1887978,194
1887981,16
1887983,25
1888033,28
1888082,19
1888108,17
1888125,31
1888146,24
1888181,201
1888196,54
1888271,55
1888288,34
1888347,29
1888355,32
1888365,31
1888392,44
1888420,25
1888426,690
1888434,22
1888459,31
1888523,25
1888526,20
1888577,35
1888703,91
1888705,22
1888713,17
1888726,541
1888728,88
1888740,16
1888789,24
1888812,26
1888827,34
1888890,34
1888908,24
1888942,53
1888949,20
1888961,44
1888983,17
1888985,45
1888989,25
1889135,33
1889215,227
1889220,59
1889234,52
1889254,20
1889268,24
1889288,17
1889402,19
1889432,34
1889439,27
1889454,169
1889460,30
1889461,75
1889475,18
1889523,65
1889531,17
1889542,28
1889554,18
1889556,17
1889589,45
1889652,18
1889666,38
1889737,40
1889753,53
1889770,58
1889831,283
1889836,67
1889837,51
1889866,17
1889879,29
1889928,61
1889974,18
1889998,24
1890089,33
1890106,52
1890107,22
1890110,85
1890138,28
1890191,18
1890212,26
1890242,21
1890278,19
1890283,18
1890303,64
1890309,70
1890333,38
1890376,27
1890383,67
1890485,25
1890497,101
1890537,36
1890574,65
1890599,47
1890635,23
1890726,24
1890745,27
1890748,180
1890789,255
1890926,22
1890930,445
1890936,20
1890994,17
1890997,44
1891028,50
1891055,43
1891069,53
1891078,25
1891087,65
1891089,62
1891185,45
1891215,32
1891254,21
1891258,23
1891269,25
1891324,25
1891348,28
1891382,97
1891431,39
1891521,39
1891550,16
1891578,19
1891593,23
1891659,131
1891670,23
1891717,20
1891757,32
1891769,41
1891870,23
1891872,44
1891888,17
1891933,33
1891966,18
1891986,81
1891995,17
1892040,159
1892098,30
1892116,37
1892126,32
1892136,103
1892166,45
1892177,18
1892184,20
1892235,34
1892245,29
1892257,29
1892270,32
1892384,20
1892417,295
1892511,29
1892526,22
1892530,60
1892539,111
1892554,54
1892573,54
1892627,23
1892632,114
1892661,27
1892705,16
1892755,20
1892773,30
1892854,131
1892900,40
1892907,18
1892911,17
1892924,310
1892925,30
1892935,25
1892969,22
1892987,34
1892988,18
1892991,55
1893018,134
1893021,27
1893027,20
1893110,66
1893169,58
1893197,17
1893205,25
1893214,389
1893238,17
1893299,40
1893346,52
1893349,36
1893355,17
1893356,23
1893377,18
1893410,59
1893444,19
1893449,38
1893458,69
1893505,18
1893548,30
1893667,16
1893680,28
1893718,21
1893719,86
1893868,42
1893871,21
1893913,18
1893930,33
1893954,42
1893958,64
1893965,31
1894023,46
1894025,28
1894044,32
1894098,43
1894141,45
1894157,111
1894228,20
1894268,29
1894272,21
1894306,16
1894332,23
1894368,20
1894375,98
1894396,58
1894431,22
1894457,56
1894509,36
1894547,34
1894587,20
1894598,3267
1894624,37
1894641,44
1894788,49
1894791,99
1894811,21
1894830,26
1894852,22
1894854,20
1894871,33
1894940,24
1894989,44
1895048,48
1895103,25
1895118,20
1895137,22
1895188,36
1895200,41
1895201,1728
1895204,22
1895221,27
1895276,18
1895289,53
1895370,18
1895417,40
1895425,26
1895426,47
1895446,19
1895453,19
1895510,17
1895522,18
1895561,36
1895612,378
1895628,150
1895631,132
1895661,112
1895724,222
1895741,19
1895780,17
1895855,18
1895895,1378
1895907,17
1895964,84
1895984,36
1896019,20
1896030,22
1896048,24
1896093,17
1896130,43
1896138,33
1896238,31
1896296,20
1896349,23
1896364,70
1896379,39
1896417,21
1896420,17
1896462,27
1896511,25
1896567,85
1896569,18
1896573,206
1896638,29
1896698,26
1896699,18
1896725,41
1896731,93
1896736,68
1896867,24
1896871,42
1896904,36
1896968,17
1896993,88
1897009,51
1897061,34
1897063,52
1897064,25
1897140,22
1897208,46
1897217,23
1897265,22
1897269,20
1897376,42
1897386,16
1897391,27
1897397,41
1897531,23
1897560,196
1897600,18
1897707,134
1897767,17
1897771,398
1897783,83
1897787,45
1897795,24
1897796,45
1897812,26
1897839,1221
1897874,279
1897921,22
1897927,29
1897965,18
1898002,46
1898014,40
1898029,30
1898058,17
1898072,28
1898088,18
1898089,17
1898101,49
1898108,90
1898219,131
1898259,16
1898261,28
1898276,17
1898299,24
1898336,19
1898355,30
1898402,40
1898408,40
1898468,40
1898489,206
1898511,48
1898541,21
1898585,27
1898597,26
1898614,53
1898629,20
1898630,17
1898711,18
1898727,31
1898765,17
1898791,21
1898829,22
1898869,19
1898872,16
1898875,48
1898920,17
1898946,91
1899073,21
1899095,40
1899153,24
1899183,17
1899210,69
1899214,27
1899290,39
1899291,16
1899330,37
1899362,93
1899488,57
1899556,16
1899558,797
1899671,23
1899746,443
1899768,17
1899803,61
1899846,34
1899854,40
1899867,29
1899886,111
1899927,19
1899958,10191
1899989,19
1899992,242
1900150,71
1900171,22
1900189,98
1900194,20
1900248,97
1900276,43
1900297,21
1900322,78
1900371,22
1900377,57
1900425,103
1900426,22
1900437,28
1900453,16
1900483,22
1900508,130
1900531,32
1900533,34
1900568,32
1900592,21
1900722,42
1900750,25
1900764,57
1900795,18
1900844,81
1900849,38
1900855,29
1900857,19
1900870,27
1900871,26
1900901,16
1900903,82
1900960,37
1901018,17
1901039,32
1901045,28
1901145,91
1901153,54
1901157,22
1901164,51
1901185,26
1901199,35
1901306,19
1901307,36
1901318,41
1901354,32
1901355,46
1901366,309
1901368,92
1901406,71
1901429,28
1901455,22
1901468,28
1901474,100
1901490,41
1901515,19
1901526,189
1901542,93
1901637,16
1901657,19
1901683,41
1901697,21
1901708,28
1901727,29
1901750,233
1901810,220
1901840,20
1901852,22
1901860,32
1901864,45
1901907,16
1901944,16
1901951,21
1901970,22
1901993,32
1902002,60
1902035,25
1902045,30
1902048,23
1902052,71
1902075,65
1902128,38
1902152,149
1902172,143
1902175,55
1902177,41
1902221,60
1902336,45
1902381,30
1902392,42
1902396,29
1902427,22
1902429,148
1902470,29
1902553,183
1902587,55
1902592,20
1902618,19
1902636,35
1902666,70
1902706,69
1902708,195
1902725,54
1902767,27
1902774,225
1902831,51
1902870,44
1902887,60
1902908,171
1902909,32
1902954,34
1902975,33
1902996,72
1903049,48
1903085,25
1903090,295
1903122,26
1903127,74
1903176,113
1903189,116
1903190,22
1903217,23
1903220,29
1903221,51
1903233,64
1903264,19
1903273,56
1903284,47
1903320,35
1903325,42
1903333,40
1903365,27
1903458,31
1903478,39
1903532,27
1903537,39
1903552,24
1903584,78
1903613,20
1903652,51
1903653,48
1903672,37
1903677,132
1903754,23
1903804,41
1903847,24
1903848,25
1903872,26
1903931,23
1903954,97
1903956,20
1903961,231
1904022,38
1904028,31
1904040,446
1904041,79
1904073,25
1904075,31
1904097,25
1904107,38
1904109,40
1904114,24
1904128,57
1904133,42
1904168,30
1904169,48
1904172,30
1904274,27
1904314,241
1904316,34
1904340,33
1904352,48
1904357,24
1904402,344
1904415,122
1904428,37
1904435,78
1904443,23
1904473,34
1904528,76
1904548,23
1904549,39
1904583,25
1904588,63
1904589,87
1904630,29
1904664,36
1904683,52
1904707,58
1904716,80
1904775,24
1904781,27
1904791,33
1904832,27
1904898,25
1904913,44
1904938,22
1904947,60
1904949,24
1904966,33
1905076,49
1905078,27
1905094,27
1905103,19
1905223,20
1905261,21
1905313,40
1905334,26
1905365,55
1905366,25
1905381,27
1905384,24
1905417,20
1905445,22
1905465,21
1905521,27
1905552,31
1905599,488
1905623,30
1905626,38
1905632,164
1905674,20
1905679,21
1905691,35
1905728,25
1905739,40
1905791,31
1905796,40
1905810,23
1905831,76
1905837,35
1905848,35
1905876,32
1905923,23
1905956,64
1905975,89
1905977,63
1905979,60
1905989,92
1906068,34
1906079,88
1906138,81
1906139,331
1906162,57
1906237,111
1906239,42
1906261,22
1906280,68
1906340,47
1906356,26
1906362,23
1906381,21
1906404,294
1906413,92
1906425,30
1906493,21
1906506,37
1906532,75
1906619,40
1906635,26
1906637,71
1906666,47
1906679,42
1906748,36
1906758,23
1906813,72
1906844,96
1906867,84
1906868,44
1906909,28
1906912,29
1906923,33
1906928,55
1906985,79
1907000,120
1907008,21
1907020,28
1907064,25
1907076,23
1907106,29
1907123,36
1907149,20
1907153,30
1907204,60
1907262,26
1907264,46
1907305,23
1907344,94
1907350,102
1907352,82
1907355,48
1907425,92
1907481,21
1907537,36
1907549,24
1907584,20
1907650,63
1907658,117
1907663,26
1907684,62
1907716,42
1907728,123
1907729,133
1907734,40
1907767,23
1907785,206
1907807,41
1907902,55
1907911,35
1907921,366
1907950,32
1907982,23
1908008,44
1908011,40
1908016,66
1908057,33
1908060,64
1908070,20
1908076,85
1908107,35
1908108,52
1908121,109
1908134,34
1908159,22
1908176,26
1908200,21
1908221,24
1908258,96
1908323,48
1908355,186
1908356,24
1908391,76
1908405,46
1908418,43
1908464,83
1908522,23
1908560,99
1908614,42
1908626,20
1908647,193
1908660,45
1908662,68
1908675,23
1908706,21
1908715,25
1908735,38
1908737,20
1908747,123
1908771,33
1908785,99
1908811,19
1908816,35
1908824,53
1908861,36
1908869,29
1908882,24
1908887,25
1908900,66
1908904,33
1908955,114
1908968,21
1908972,25
1909012,23
1909024,25
1909050,32
1909066,22
1909071,84
1909084,52
1909092,119
1909127,30
1909149,20
1909183,29
1909200,21
1909261,24
1909293,353
1909295,41
1909313,22
1909322,55
1909331,125
1909362,31
1909386,42
1909418,28
1909427,58
1909436,26
1909454,24
1909494,24
1909527,21
1909533,21
1909551,23
1909553,20
1909599,51
1909600,21
1909614,25
1909620,82
1909626,57
1909632,46
1909641,34
1909643,43
1909653,26
1909668,35
1909681,49
1909688,205
1909692,20
1909726,114
1909780,28
1909799,39
1909840,44
1909871,141
1909876,20
1909877,21
1909927,25
1909969,39
1909985,56
1910011,35
1910051,21
1910107,25
1910131,31
1910191,20
1910211,100
1910215,89
1910235,63
1910237,58
1910243,296
1910246,21
1910249,29
1910259,155
1910277,265
1910284,28
1910285,28
1910304,24
1910307,25
1910323,24
1910324,252
1910375,23
1910377,23
1910427,26
1910430,20
1910453,22
1910483,47
1910486,33
1910586,22
1910589,34
1910622,91
1910637,22
1910661,26
1910664,21
1910678,320
1910722,221
1910726,54
1910747,22
1910759,63
1910760,43
1910762,20
1910766,22
1910820,31
1910871,33
1910872,21
1910899,27
1910943,29
1910992,57
1910994,130
1911124,31
1911140,43
1911171,31
1911185,79
1911199,20
1911237,46
1911268,30
1911310,67
1911324,21
1911408,36
1911422,33
1911433,23
1911435,24
1911446,24
1911463,28
1911464,52
1911481,36
1911482,49
1911497,123
1911507,25
1911548,228
1911566,30
1911569,29
1911574,185
1911580,36
1911587,32
1911615,80
1911635,53
1911638,20
1911697,20
1911722,24
1911786,56
1911912,22
1911919,22
1911923,92
1911944,75
1911952,76
1911958,66
1911981,30
1911986,19
1912062,70
1912063,23
1912216,23
1912244,51
1912248,25
1912253,19
1912332,25
1912337,44
1912345,28
1912353,20
1912357,31
1912358,34
1912361,66
1912399,39
1912403,22
1912415,21
1912422,23
1912487,21
1912518,23
1912536,158
1912595,73
1912635,30
1912658,63
1912674,31
1912722,133
1912789,84
1912797,39
1912819,26
1912844,40
1912858,134
1912891,32
1912893,36
1912918,34
1912920,31
1912944,22
1912953,326
1912954,111
1912955,29
1912984,139
1913034,34
1913045,105
1913076,24
1913078,62
1913123,39
1913144,33
1913198,24
1913199,48
1913218,67
1913222,54
1913283,177
1913316,27
1913334,23
1913380,24
1913399,333
1913423,27
1913460,36
1913473,38
1913483,23
1913538,38
1913558,75
1913559,86
1913561,74
1913564,38
1913600,130
1913617,92
1913622,380
1913623,26
1913667,39
1913671,62
1913726,21
1913728,47
1913736,51
1913738,30
1913740,209
1913747,49
1913749,52
1913849,30
1913853,26
1913856,100
1913920,32
1914059,135
1914092,206
1914093,44
1914122,28
1914129,205
1914157,20
1914163,25
1914180,28
1914181,39
1914294,20
1914338,31
1914374,32
1914400,32
1914416,366
1914455,33
1914519,23
1914546,69
1914563,29
1914578,72
1914599,55
1914606,29
1914618,80
1914620,26
1914634,26
1914643,109
1914667,29
1914676,54
1914704,20
1914777,21
1914779,56
1914834,41
1914857,30
1914927,228
1914937,28
1914938,27
1914943,126
1914949,28
1914951,39
1914954,229
1914983,30
1915007,22
1915017,42
1915019,294
1915021,45
1915037,63
1915103,31
1915115,27
1915116,42
1915118,22
1915126,36
1915140,56
1915145,45
1915162,20
1915171,79
1915174,48
1915188,89
1915242,52
1915260,29
1915263,281
1915273,33
1915310,52
1915347,73
1915351,23
1915374,23
1915381,35
1915397,26
1915405,29
1915407,30
1915414,31
1915449,64
1915466,27
1915500,209
1915537,22
1915567,433
1915590,63
1915647,54
1915650,20
1915722,29
1915788,256
1915842,31
1915888,36
1915924,22
1915926,24
1915930,22
1915937,35
1915953,41
1915956,79
1915982,51
1915999,37
1916022,41
1916031,43
1916036,22
1916045,25
1916046,26
1916091,24
1916113,22
1916118,85
1916143,56
1916144,21
1916162,20
1916201,429
1916203,67
1916207,20
1916247,29
1916257,28
1916270,34
1916275,84
1916289,24
1916305,21
1916353,25
1916367,32
1916371,179
1916383,25
1916396,38
1916416,49
1916434,41
1916438,425
1916446,239
1916458,21
1916473,142
1916527,89
1916540,307
1916557,45
1916584,20
1916605,79
1916635,52
1916671,74
1916681,25
1916682,24
1916685,27
1916752,27
1916775,42
1916796,35
1916843,62
1916853,28
1916859,78
1916861,81
1916873,42
1916881,76
1916953,29
1916962,39
1916967,94
1916975,31
1916982,61
1916995,22
1917013,27
1917091,26
1917118,26
1917140,77
1917160,28
1917178,58
1917231,20
1917235,24
1917236,25
1917271,415
1917294,27
1917297,87
1917321,20
1917339,211
1917425,80
1917440,32
1917454,57
1917460,149
1917464,43
1917495,122
1917528,38
1917530,20
1917572,21
1917576,55
1917604,27
1917617,51
1917665,47
1917690,22
1917729,30
1917731,24
1917741,52
1917768,23
1917776,27
1917784,69
1917789,24
1917840,26
1917841,70
1917864,80
1917893,24
1917930,36
1917942,31
1917949,202
1917957,50
1918028,46
1918039,73
1918060,24
1918142,41
1918238,59
1918255,42
1918333,69
1918338,54
1918371,25
1918387,25
1918390,20
1918419,32
1918425,64
1918574,19
1918658,51
1918661,182
1918680,33
1918733,26
1918835,50
1918839,108
1918874,42
1918877,21
1918896,103
1918901,34
1918936,30
1918969,73
1918973,57
1919002,24
1919010,169
1919023,142
1919081,39
1919087,23
1919105,40
1919130,47
1919139,80
1919262,28
1919285,29
1919286,65
1919306,34
1919312,61
1919318,28
1919341,27
1919346,44
1919347,40
1919368,20
1919379,37
1919401,34
1919409,20
1919458,63
1919486,82
1919617,25
1919634,94
1919660,37
1919695,30
1919717,24
1919726,29
1919755,20
1919801,39
1919823,92
1919830,50
1919844,28
1919915,31
1919931,54
1919951,65
1919954,33
1920009,24
1920024,26
1920037,211
1920140,27
1920197,107
1920203,47
1920245,20
1920257,208
1920260,35
1920266,140
1920291,20
1920404,27
1920431,121
1920432,72
1920460,64
1920481,26
1920488,67
1920540,37
1920562,50
1920569,30
1920594,80
1920597,104
1920614,29
1920620,20
1920652,22
1920655,29
1920661,20
1920678,35
1920699,55
1920759,26
1920761,125
1920826,71
1920873,100
1920876,39
1920879,48
1920893,23
1920904,27
1920915,63
1920940,19
1921000,39
1921011,236
1921068,31
1921091,20
1921095,38
1921221,34
1921222,32
1921261,26
1921278,24
1921300,37
1921302,20
1921330,30
1921378,42
1921381,335
1921393,48
1921398,44
1921424,37
1921425,108
1921494,45
1921549,26
1921557,27
1921576,26
1921640,55
1921735,61
1921764,29
1921839,30
1921841,76
1921875,26
1921914,51
1921937,43
1921947,34
1921961,23
1921990,34
1922029,35
1922053,26
1922126,45
1922180,183
1922190,120
1922213,20
1922214,53
1922229,22
1922233,69
1922245,34
1922274,24
1922278,23
1922316,133
1922326,21
1922370,49
1922373,22
1922378,27
1922391,21
1922421,29
1922444,22
1922451,75
1922528,25
1922615,41
1922640,35
1922656,28
1922669,20
1922712,22
1922750,97
1922798,40
1922812,23
1922817,40
1922841,23
1922848,68
1922896,68
1922908,43
1922918,21
1922922,49
1922936,23
1922957,47
1922976,45
1923065,26
1923092,33
1923102,453
1923150,35
1923172,25
1923202,23
1923207,47
1923221,219
1923239,28
1923380,33
1923389,27
1923397,68
1923430,23
1923438,21
1923480,21
1923521,80
1923539,286
1923589,20
1923599,20
1923625,21
1923668,47
1923675,23
1923770,24
1923787,61
1923791,25
1923794,24
1923795,20
1923810,20
1923855,36
1923857,54
1923916,29
1923917,168
1923918,24
1923925,250
1923942,245
1923953,99
1924003,21
1924077,46
1924125,88
1924130,129
1924150,20
1924209,36
1924217,187
1924273,20
1924308,55
1924348,23
1924391,39
1924449,21
1924489,45
1924519,31
1924521,57
1924535,164
1924536,22
1924589,22
1924599,60
1924696,42
1924745,28
1924821,61
1924836,24
1924888,22
1924930,36
1924949,116
1924997,47
1925036,60
1925051,26
1925082,32
1925085,74
1925092,24
1925120,81
1925147,23
1925151,21
1925153,33
1925160,199
1925180,66
1925181,43
1925220,279
1925254,237
1925267,37
1925285,38
1925354,75
1925366,22
1925385,94
1925403,21
1925408,49
1925423,266
1925425,129
1925463,22
1925477,38
1925491,65
1925493,26
1925515,20
1925537,25
1925541,31
1925567,50
1925600,63
1925602,39
1925606,72
1925646,23
1925670,34
1925715,60
1925730,121
1925748,29
1925763,31
1925785,24
1925821,29
1925838,37
1925873,117
1925895,29
1925905,20
1925910,23
1925964,34
1925965,155
1925989,36
1925993,57
1926067,21
1926087,50
1926091,20
1926092,72
1926112,27
1926115,23
1926151,60
1926157,20
1926161,78
1926178,51
1926228,36
1926252,56
1926263,28
1926336,172
1926349,30
1926351,27
1926358,33
1926367,31
1926415,22
1926432,37
1926440,49
1926446,36
1926470,25
1926537,25
1926549,22
1926557,20
1926567,27
1926602,133
1926637,63
1926639,48
1926711,20
1926756,38
1926770,27
1926866,26
1926874,24
1926924,27
1926956,38
1926973,38
1927020,45
1927038,23
1927042,255
1927083,26
1927106,20
1927189,68
1927199,30
1927200,28
1927240,22
1927260,48
1927278,100
1927291,35
1927300,26
1927304,36
1927320,39
1927347,51
1927358,26
1927437,23
1927447,41
1927457,38
1927486,23
1927545,56
1927564,26
1927603,22
1927621,24
1927636,49
1927646,104
1927656,72
1927680,21
1927688,39
1927696,27
1927699,144
1927714,21
1927763,231
1927812,39
1927836,86
1927873,26
1927884,25
1927907,35
1927934,23
1927971,80
1927977,21
1928005,26
1928032,39
1928063,21
1928083,28
1928096,28
1928105,95
1928113,55
1928172,29
1928187,30
1928188,24
1928205,21
1928211,86
1928226,50
1928230,58
1928237,40
1928290,20
1928298,23
1928309,25
1928319,23
1928338,66
1928350,30
1928371,23
1928402,20
1928446,24
1928496,155
1928544,41
1928547,25
1928556,35
1928564,21
1928614,101
1928647,94
1928675,32
1928703,22
1928706,41
1928790,20
1928836,39
1928840,151
1928874,46
1928879,231
1928903,21
1928914,23
1929021,30
1929022,40
1929052,83
1929056,22
1929085,74
1929170,49
1929190,20
1929191,107
1929199,42
1929229,60
1929234,104
1929254,46
1929274,24
1929314,25
1929315,371
1929327,64
1929350,38
1929351,71
1929382,80
1929440,22
1929476,22
1929543,36
1929589,20
1929605,37
1929631,48
1929635,73
1929654,68
1929713,128
1929743,25
1929747,66
1929827,25
1929828,94
1929848,25
1929849,38
1929861,55
1929916,48
1929933,27
1929994,24
1930016,49
1930025,48
1930048,40
1930059,20
1930109,27
1930122,76
1930124,29
1930126,33
1930131,71
1930185,23
1930192,21
1930202,35
1930229,26
1930256,98
1930277,84
1930290,24
1930310,98
1930362,43
1930388,29
1930397,23
1930457,81
1930477,25
1930522,26
1930551,36
1930553,37
1930564,40
1930624,23
1930645,23
1930650,37
1930665,20
1930680,29
1930681,51
1930754,22
1930810,30
1930813,30
1930817,96
1930839,28
1930859,20
1930878,34
1930884,28
1930914,52
1930924,96
1930925,32
1930928,265
1930947,188
1931017,66
1931109,42
1931134,23
1931152,60
1931165,21
1931170,23
1931178,92
1931190,20
1931213,22
1931216,35
1931222,24
1931235,21
1931268,25
1931276,27
1931278,56
1931282,76
1931356,24
1931388,23
1931417,35
1931421,20
1931424,419
1931455,20
1931456,68
1931464,77
1931486,41
1931487,24
1931488,55
1931542,20
1931593,20
1931611,20
1931618,21
1931657,28
1931690,36
1931692,49
1931696,61
1931697,99
1931699,30
1931715,427
1931723,21
1931728,31
1931834,161
1931874,252
1931880,25
1931909,357
1931956,57
1931957,33
1931962,26
1931975,33
1931977,52
1931979,20
1932086,103
1932097,102
1932136,26
1932184,54
1932212,39
1932223,21
1932243,25
1932326,33
1932331,27
1932366,53
1932378,47
1932427,25
1932464,117
1932465,112
1932479,20
1932490,21
1932515,20
1932516,21
1932576,22
1932660,51
1932671,32
1932678,28
1932679,140
1932681,83
1932682,48
1932732,266
1932766,33
1932796,39
1932801,110
1932802,73
1932815,44
1932848,22
1932858,50
1932862,20
1932916,22
1932957,34
1933031,61
1933059,22
1933128,20
1933140,26
1933239,22
1933297,43
1933299,25
1933306,21
1933310,38
1933312,35
1933343,23
1933348,22
1933358,25
1933360,64
1933369,35
1933387,175
1933402,46
1933413,36
1933429,67
1933478,43
1933480,37
1933512,29
1933544,21
1933547,44
1933559,290
1933560,31
1933600,36
1933606,110
1933610,181
1933652,39
1933685,46
1933721,151
1933735,38
1933748,72
1933753,39
1933762,56
1933765,55
1933797,33
1933798,74
1933836,27
1933869,23
1933872,24
1933913,24
1933963,28
1933983,20
1933997,38
1934014,26
1934028,30
1934030,143
1934032,20
1934108,25
1934110,38
1934155,114
1934182,30
1934226,68
1934246,62
1934266,25
1934287,174
1934327,48
1934332,33
1934375,28
1934383,32
1934418,30
1934420,133
1934470,117
1934483,20
1934546,46
1934547,32
1934574,42
1934581,38
1934595,67
1934601,22
1934616,20
1934655,43
1934661,32
1934662,23
1934666,60
1934696,98
1934777,41
1934806,20
1934832,378
1934841,31
1934865,25
1934885,43
1934905,94
1934935,24
1934945,60
1934995,28
1935027,32
1935028,61
1935091,19
1935103,26
1935132,44
1935139,22
1935150,27
1935256,21
1935270,125
1935316,24
1935338,25
1935356,28
1935391,31
1935457,20
1935460,23
1935501,38
1935503,39
1935514,29
1935591,45
1935617,46
1935634,47
1935711,81
1935732,121
1935749,64
1935765,60
1935822,65
1935859,51
1935878,22
1935904,24
1935929,47
1935950,22
1935959,20
1935982,21
1936007,113
1936022,23
1936070,22
1936131,35
1936135,28
1936174,39
1936187,35
1936203,59
1936233,33
1936241,28
1936279,35
1936294,285
1936310,41
1936315,43
1936337,27
1936350,31
1936367,20
1936382,28
1936388,36
1936429,33
1936447,33
1936457,32
1936462,28
1936475,44
1936487,26
1936500,23
1936550,23
1936629,143
1936642,20
1936655,47
1936693,136
1936719,28
1936722,41
1936790,36
1936791,58
1936861,24
1936882,23
1936897,84
1936899,30
1936903,56
1936937,34
1936946,110
1936999,23
1937039,31
1937057,114
1937088,122
1937155,26
1937179,27
1937187,35
1937208,20
1937210,29
1937219,216
1937286,25
1937289,42
1937317,20
1937325,33
1937356,44
1937357,27
1937393,31
1937424,23
1937425,31
1937429,114
1937432,22
1937465,23
1937510,102
1937515,93
1937540,66
1937549,22
1937569,96
1937573,37
1937631,39
1937642,202
1937661,111
1937663,37
1937682,122
1937690,57
1937714,36
1937770,61
1937842,23
1937856,32
1937862,40
1937877,23
1937892,126
1937919,20
1937939,71
1937953,30
1937963,24
1937975,24
1938003,101
1938005,49
1938047,32
1938059,27
1938075,50
1938095,194
1938121,39
1938173,35
1938186,20
1938193,28
1938208,33
1938214,20
1938321,68
1938328,25
1938355,177
1938375,22
1938380,143
1938402,28
1938436,30
1938476,37
1938506,20
1938515,20
1938543,23
1938567,24
1938588,50
1938589,38
1938605,37
1938611,27
1938650,31
1938655,36
1938726,23
1938736,81
1938743,37
1938799,20
1938808,136
1938833,47
1938838,387
1938873,335
1938919,54
1938931,21
1938942,30
1938970,53
1938985,38
1938990,25
1939004,43
1939057,28
1939069,47
1939083,52
1939103,22
1939123,79
1939144,21
1939184,31
1939238,26
1939311,20
1939326,28
1939330,28
1939367,40
1939368,28
1939389,24
1939396,22
1939412,107
1939434,327
1939438,52
1939453,36
1939456,23
1939464,382
1939507,28
1939698,139
1939719,43
1939738,205
1939771,31
1939797,24
1939841,31
1939850,36
1939894,71
1939933,19
1939985,21
1940088,21
1940096,44
1940118,27
1940119,28
1940132,56
1940139,25
1940169,30
1940170,29
1940188,23
1940226,20
1940230,163
1940233,68
1940271,30
1940281,64
1940344,72
1940384,51
1940391,43
1940401,28
1940441,196
1940496,46
1940502,23
1940516,26
1940526,23
1940536,28
1940578,75
1940614,22
1940659,31
1940686,23
1940750,141
1940769,30
1940863,40
1940873,37
1940922,62
1940952,53
1940972,237
1940987,64
1941069,26
1941120,23
1941146,104
1941162,25
1941164,55
1941183,21
1941240,22
1941255,30
1941282,39
1941300,21
1941377,30
1941378,35
1941473,27
1941491,63
1941520,42
1941545,31
1941580,20
1941599,88
1941605,20
1941673,22
1941704,266
1941733,27
1941734,189
1941738,72
1941745,20
1941754,54
1941758,62
1941759,29
1941769,195
1941803,33
1941807,125
1941845,22
1941867,52
1941869,26
1941886,227
1941911,122
1941936,21
1941973,75
1942018,30
1942023,62
1942046,36
1942060,59
1942062,93
1942142,51
1942153,22
1942154,25
1942158,26
1942168,40
1942177,43
1942207,21
1942225,53
1942252,19
1942286,32
1942298,21
1942300,30
1942335,37
1942347,22
1942365,43
1942371,25
1942427,31
1942433,92
1942438,177
1942503,453
1942533,262
1942537,26
1942538,24
1942551,22
1942560,23
1942574,35
1942586,49
1942600,31
1942671,63
1942673,30
1942698,58
1942703,332
1942722,148
1942759,38
1942821,21
1942868,143
1942914,165
1942946,396
1942956,28
1942961,201
1942967,21
1942992,28
1942999,138
1943002,21
1943004,22
1943013,66
1943029,30
1943034,84
1943041,84
1943042,41
1943059,24
1943070,24
1943082,118
1943126,99
1943140,35
1943164,27
1943189,91
1943202,305
1943210,25
1943248,33
1943255,30
1943280,20
1943313,20
1943336,31
1943347,37
1943368,25
1943395,41
1943432,23
1943444,250
1943469,24
1943470,57
1943524,80
1943533,72
1943570,43
1943571,38
1943585,35
1943683,218
1943701,239
1943703,24
1943718,41
1943731,45
1943737,24
1943749,22
1943762,21
1943769,50
1943781,31
1943783,21
1943794,148
1943800,37
1943814,102
1943818,44
1943834,25
1943847,48
1943865,90
1943869,42
1943880,91
1943917,484
1943936,26
1943943,36
1943990,30
1944007,58
1944012,41
1944017,86
1944025,485
1944050,138
1944058,187
1944134,34
1944283,28
1944285,44
1944315,57
1944331,20
1944397,20
1944434,65
1944435,45
1944466,19
1944472,28
1944497,26
1944607,53
1944618,62
1944633,20
1944672,30
1944692,335
1944706,116
1944722,26
1944723,138
1944728,32
1944747,34
1944759,131
1944762,27
1944764,66
1944766,41
1944836,31
1944873,23
1944935,26
1944936,214
1944937,99
1944956,77
1944969,28
1945039,102
1945045,25
1945084,22
1945100,20
1945101,36
1945117,20
1945118,60
1945132,20
1945149,26
1945161,37
1945162,91
1945219,21
1945255,25
1945275,24
1945291,20
1945439,106
1945491,112
1945495,26
1945506,72
1945527,21
1945549,19
1945557,35
1945594,22
1945596,24
1945605,21
1945640,41
1945642,21
1945645,29
1945688,24
1945741,44
1945764,172
1945776,20
1945779,84
1945802,20
1945815,20
1945845,83
1945900,66
1945912,24
1945925,96
1946110,56
1946143,22
1946173,48
1946193,27
1946204,25
1946241,33
1946257,46
1946308,22
1946338,46
1946368,50
1946375,84
1946433,32
1946439,24
1946486,64
1946520,167
1946535,21
1946614,69
1946615,70
1946637,27
1946639,19
1946663,147
1946669,35
1946678,20
1946707,45
1946726,44
1946774,181
1946776,20
1946800,54
1946852,31
1946882,35
1946981,83
1946985,28
1946993,47
1947000,27
1947003,34
1947018,41
1947042,26
1947060,33
1947071,47
1947120,36
1947149,22
1947152,27
1947173,22
1947187,32
1947192,23
1947245,25
1947340,23
1947341,20
1947342,25
1947352,191
1947395,36
1947406,20
1947524,20
1947529,21
1947545,25
1947564,114
1947579,271
1947596,59
1947601,45
1947610,27
1947646,28
1947669,80
1947729,20
1947738,39
1947741,21
1947773,41
1947778,211
1947808,27
1947810,67
1947817,45
1947834,20
1947836,48
1947853,33
1947857,178
1947898,20
1947969,73
1948033,26
1948055,32
1948078,30
1948101,29
1948138,87
1948153,23
1948204,21
1948207,21
1948253,24
1948265,40
1948280,29
1948323,37
1948375,30
1948377,31
1948378,25
1948381,22
1948391,49
1948399,27
1948410,22
1948411,56
1948418,41
1948445,37
1948454,37
1948468,39
1948486,36
1948537,29
1948556,377
1948605,23
1948620,31
1948626,47
1948645,23
1948658,41
1948687,83
1948715,32
1948723,20
1948738,25
1948750,25
1948785,27
1948799,33
1948824,30
1948903,28
1948926,32
1949052,32
1949061,20
1949078,22
1949119,38
1949120,59
1949130,24
1949142,35
1949143,61
1949160,22
1949178,70
1949207,55
1949279,39
1949280,78
1949294,25
1949316,25
1949331,20
1949379,35
1949382,22
1949402,111
1949408,26
1949427,20
1949428,107
1949447,39
1949450,28
1949454,62
1949461,54
1949526,40
1949546,34
1949561,254
1949566,43
1949657,21
1949671,26
1949678,21
1949710,84
1949720,22
1949724,29
1949797,47
1949824,54
1949842,37
1949881,26
1949909,204
1949961,106
1949967,32
1949974,43
1949980,23
1950023,72
1950054,81
1950106,26
1950133,23
1950139,41
1950157,207
1950170,23
1950178,171
1950183,31
1950237,32
1950256,69
1950299,22
1950321,149
1950347,73
1950348,35
1950352,24
1950358,47
1950373,50
1950429,89
1950434,38
1950480,35
1950495,28
1950597,60
1950602,99
1950611,52
1950613,85
1950633,62
1950647,42
1950751,20
1950770,35
1950826,27
1950827,70
1950867,38
1950963,21
1950964,42
1950965,27
1950967,109
1950980,57
1950988,24
1951053,82
1951097,52
1951198,49
1951205,21
1951238,29
1951266,20
1951311,111
1951333,70
1951399,192
1951430,42
1951439,22
1951556,25
1951561,174
1951619,36
1951622,207
1951676,24
1951692,69
1951720,24
1951759,43
1951796,22
1951799,34
1951811,56
1951817,28
1951872,318
1951891,21
1951933,26
1951961,32
1951980,24
1951995,158
1952007,61
1952011,45
1952021,59
1952022,130
1952035,30
1952072,41
1952073,47
1952078,23
1952101,48
1952126,56
1952133,20
1952195,34
1952202,78
1952210,27
1952218,20
1952339,22
1952388,260
1952405,25
1952412,39
1952413,54
1952420,98
1952422,66
1952450,109
1952451,183
1952495,28
1952500,260
1952544,52
1952566,30
1952593,25
1952643,22
1952681,47
1952722,43
1952759,35
1952769,36
1952827,78
1952846,29
1952856,64
1952970,37
1952979,78
1952986,183
1953021,23
1953045,21
1953069,219
1953138,20
1953152,20
1953163,22
1953182,77
1953216,86
1953238,21
1953255,40
1953261,74
1953272,80
1953277,27
1953296,40
1953347,34
1953368,19
1953371,33
1953376,22
1953403,24
1953444,129
1953455,60
1953474,38
1953478,38
1953499,23
1953519,20
1953590,48
1953612,25
1953742,25
1953747,38
1953757,62
1953772,22
1953775,83
1953805,127
1953821,20
1953839,242
1953895,22
1953918,25
1953936,359
1953982,27
1954059,190
1954086,58
1954093,43
1954115,35
1954145,116
1954156,26
1954162,37
1954192,21
1954196,38
1954228,25
1954284,20
1954393,24
1954397,81
1954426,59
1954436,34
1954480,28
1954510,21
1954549,129
1954602,21
1954654,28
1954669,23
1954676,366
1954702,130
1954721,101
1954802,59
1954813,21
1954928,22
1954930,34
1954946,104
1954969,50
1954981,24
1954992,22
1955006,37
1955019,284
1955040,25
1955170,29
1955175,22
1955379,192
1955385,53
1955480,52
1955485,48
1955514,21
1955525,23
1955536,226
1955580,32
1955584,39
1955600,35
1955601,34
1955602,28
1955605,102
1955684,98
1955685,266
1955748,214
1955775,206
1955777,20
1955793,22
1955802,25
1955806,50
1955810,44
1955813,41
1955873,23
1955893,118
1955895,30
1955924,23
1955975,67
1955984,89
1955985,43
1956041,22
1956072,35
1956090,149
1956101,36
1956279,54
1956297,21
1956299,113
1956311,38
1956335,32
1956336,75
1956341,23
1956361,42
1956399,32
1956504,99
1956524,232
1956555,22
1956589,33
1956615,30
1956616,22
1956624,24
1956626,188
1956629,24
1956644,25
1956726,72
1956770,283
1956791,24
1956812,45
1956817,21
1956840,58
1956842,23
1956864,22
1956940,331
1956976,195
1956980,19
1957064,22
1957107,23
1957157,39
1957169,436
1957185,90
1957198,61
1957217,87
1957225,31
1957246,43
1957250,126
1957251,20
1957276,23
1957319,246
1957342,64
1957413,151
1957472,41
1957487,22
1957493,41
1957495,25
1957501,26
1957502,58
1957514,62
1957540,33
1957568,20
1957592,30
1957610,23
1957620,137
1957623,45
1957634,24
1957638,21
1957653,25
1957702,37
1957732,145
1957775,25
1957801,67
1957805,67
1957903,115
1957927,32
1957945,39
1957951,34
1957982,43
1958087,68
1958119,48
1958130,24
1958168,37
1958172,32
1958213,35
1958225,28
1958255,44
1958305,41
1958312,40
1958380,26
1958427,20
1958438,57
1958495,341
1958520,54
1958562,35
1958643,108
1958666,27
1958794,80
1958821,40
1958865,53
1958893,25
1958896,22
1958903,59
1958972,21
1958995,74
1959035,29
1959041,22
1959051,108
1959068,34
1959072,62
1959098,31
1959157,58
1959205,22
1959217,53
1959219,31
1959230,22
1959280,352
1959283,57
1959290,31
1959291,27
1959317,41
1959348,22
1959375,20
1959391,29
1959393,27
1959397,36
1959415,32
1959418,28
1959483,36
1959490,145
1959504,59
1959536,134
1959636,193
1959696,31
1959713,33
1959724,133
1959745,148
1959746,26
1959773,22
1959819,29
1959822,37
1959863,33
1959864,20
1959889,42
1959908,24
1959910,56
1959995,26
1960029,110
1960032,23
1960056,55
1960132,24
1960133,27
1960137,33
1960157,32
1960168,20
1960243,31
1960259,24
1960307,52
1960314,371
1960349,26
1960390,49
1960441,21
1960460,38
1960471,41
1960474,22
1960490,44
1960530,69
1960559,224
1960593,63
1960644,20
1960670,31
1960700,26
1960713,103
1960836,41
1960844,27
1960935,31
1960960,25
1960962,20
1960977,22
1960986,75
1961039,29
1961045,148
1961075,24
1961090,22
1961092,23
1961152,20
1961218,38
1961232,24
1961236,21
1961319,38
1961360,20
1961393,36
1961413,21
1961419,107
1961440,23
1961449,50
1961452,31
1961500,49
1961508,53
1961539,129
1961546,20
1961559,25
1961564,20
1961590,24
1961614,49
1961644,34
1961692,34
1961706,23
1961747,57
1961757,33
1961775,114
1961819,89
1961827,33
1961856,67
1961885,146
1961895,49
1961898,22
1961925,24
1961999,64
1962077,25
1962078,174
1962100,61
1962108,43
1962111,25
1962113,65
1962142,26
1962177,23
1962185,71
1962207,20
1962219,58
1962229,33
1962235,19
1962242,131
1962261,96
1962326,41
1962330,35
1962356,77
1962361,61
1962367,202
1962417,44
1962435,100
1962436,21
1962466,27
1962482,20
1962494,67
1962510,41
1962540,120
1962552,151
1962566,37
1962615,21
1962628,366
1962672,84
1962675,53
1962677,166
1962687,63
1962764,33
1962777,202
1962831,77
1962873,122
1963018,20
1963025,36
1963035,47
1963052,34
1963071,27
1963088,61
1963091,59
1963105,28
1963109,35
1963158,32
1963196,29
1963204,118
1963209,26
1963225,28
1963255,128
1963306,183
1963317,31
1963322,32
1963335,56
1963351,29
1963355,39
1963359,26
1963390,62
1963396,31
1963403,54
1963405,167
1963408,57
1963426,68
1963495,48
1963531,33
1963539,20
1963576,22
1963583,73
1963610,383
1963624,38
1963642,30
1963680,21
1963725,24
1963741,97
1963790,23
1963795,36
1963821,28
1963854,20
1963917,23
1963932,23
1963946,23
1963972,363
1963979,33
1963982,29
1964005,23
1964029,22
1964048,23
1964059,79
1964086,26
1964091,90
1964099,37
1964121,40
1964137,48
1964139,20
1964162,64
1964182,31
1964203,42
1964264,67
1964279,26
1964362,20
1964385,36
1964408,36
1964429,23
1964437,121
1964451,178
1964477,20
1964488,55
1964494,44
1964566,97
1964579,28
1964661,47
1964662,283
1964666,64
1964686,28
1964695,26
1964697,48
1964698,29
1964703,39
1964704,20
1964725,22
1964739,20
1964757,32
1964819,22
1964820,41
1964832,454
1964847,24
1964913,24
1964924,49
1964951,34
1964975,64
1965100,25
1965178,50
1965194,32
1965203,137
1965213,48
1965214,21
1965215,31
1965241,20
1965244,106
1965268,45
1965308,25
1965310,29
1965314,81
1965319,54
1965360,35
1965362,22
1965409,176
1965413,46
1965427,223
1965429,44
1965431,29
1965436,58
1965509,26
1965556,44
1965572,31
1965635,23
1965694,49
1965700,60
1965703,53
1965715,484
1965734,34
1965767,79
1965783,44
1965794,24
1965832,42
1965838,30
1965864,31
1965938,23
1965954,143
1965966,31
1965997,22
1966028,40
1966063,24
1966068,27
1966088,32
1966113,36
1966114,22
1966128,137
1966134,23
1966136,20
1966176,19
1966192,52
1966195,172
1966201,160
1966239,204
1966243,21
1966246,54
1966295,56
1966300,65
1966320,258
1966326,70
1966418,20
1966420,20
1966439,69
1966457,28
1966473,44
1966479,26
1966480,27
1966504,27
1966506,20
1966508,30
1966532,24
1966541,28
1966578,37
1966588,106
1966601,32
1966632,125
1966691,42
1966752,26
1966769,22
1966770,71
1966776,75
1966802,185
1966805,120
1966806,166
1966828,175
1966866,30
1966872,103
1966879,38
1966937,28
1966954,31
1966959,28
1966989,21
1967065,25
1967076,22
1967139,42
1967149,24
1967190,438
1967195,27
1967210,83
1967291,24
1967312,33
1967316,38
1967343,20
1967344,20
1967349,22
1967361,141
1967396,85
1967435,206
1967442,250
1967443,75
1967472,22
1967551,20
1967557,65
1967593,32
1967621,22
1967655,64
1967660,23
1967687,37
1967693,34
1967711,24
1967712,117
1967727,23
1967793,36
1967811,29
1967857,46
1967869,33
1967893,43
1967912,21
1967984,20
1968031,123
1968032,85
1968066,49
1968104,29
1968118,35
1968124,41
1968125,30
1968182,47
1968183,33
1968185,29
1968208,108
1968221,29
1968227,22
1968286,48
1968337,33
1968348,28
1968355,48
1968398,25
1968441,37
1968443,27
1968521,24
1968566,44
1968569,37
1968617,188
1968618,407
1968648,22
1968653,28
1968666,25
1968721,23
1968724,111
1968742,27
1968752,56
1968811,31
1968891,70
1968901,43
1968938,32
1968939,21
1968973,67
1969041,79
1969110,22
1969118,43
1969121,44
1969138,59
1969163,34
1969181,26
1969183,140
1969190,31
1969198,31
1969280,329
1969287,49
1969404,27
1969458,41
1969462,50
1969470,20
1969499,50
1969500,137
1969575,66
1969583,35
1969588,41
1969591,122
1969609,88
1969636,20
1969641,64
1969685,34
1969697,190
1969698,44
1969703,34
1969717,90
1969780,25
1969783,25
1969796,49
1969858,23
1969938,34
1969987,24
1969997,70
1969998,47
1970035,83
1970096,51
1970142,71
1970184,176
1970239,56
1970277,27
1970298,40
1970310,23
1970335,38
1970374,31
1970379,45
1970386,21
1970401,37
1970440,51
1970442,22
1970458,25
1970472,36
1970493,47
1970500,33
1970504,50
1970578,41
1970630,23
1970637,29
1970638,29
1970649,35
1970692,74
1970706,122
1970709,21
1970800,56
1970812,33
1970837,33
1970840,41
1970857,21
1970860,120
1970865,46
1970866,23
1970874,62
1970883,43
1970919,289
1970923,395
1970964,24
1971071,33
1971084,19
1971097,23
1971168,30
1971176,150
1971209,23
1971216,49
1971234,76
1971235,21
1971247,24
1971289,109
1971325,83
1971362,23
1971415,497
1971421,30
1971438,25
1971445,50
1971478,318
1971482,21
1971506,30
1971530,29
1971534,52
1971559,35
1971566,448
1971762,20
1971766,51
1971782,113
1971805,193
1971822,28
1971825,31
1971864,421
1971922,24
1971966,29
1972015,21
1972025,20
1972088,43
1972093,57
1972235,25
1972246,31
1972256,19
1972283,34
1972284,42
1972291,108
1972317,26
1972318,53
1972322,47
1972350,38
1972414,39
1972506,29
1972531,26
1972532,26
1972549,24
1972554,114
1972571,51
1972589,37
1972597,39
1972627,23
1972635,159
1972636,22
1972656,20
1972657,23
1972682,20
1972736,32
1972746,112
1972754,20
1972764,51
1972800,58
1972808,21
1972809,182
1972836,22
1972976,20
1973004,216
1973041,33
1973068,115
1973076,28
1973098,105
1973111,20
1973128,60
1973153,28
1973170,75
1973269,33
1973290,46
1973311,28
1973348,26
1973350,22
1973369,329
1973378,24
1973381,48
1973389,34
1973429,23
1973469,287
1973470,66
1973483,220
1973499,20
1973521,27
1973525,27
1973556,69
1973694,25
1973700,181
1973724,91
1973758,58
1973762,23
1973789,186
1973808,64
1973809,34
1973811,25
1973819,21
1973849,44
1973874,129
1973875,25
1973903,33
1973904,33
1973914,279
1973919,77
1973921,33
1973924,27
1973929,46
1973936,20
1973946,22
1974009,21
1974045,183
1974055,80
1974074,181
1974080,22
1974137,32
1974144,51
1974168,21
1974188,42
1974239,49
1974249,31
1974279,31
1974366,350
1974400,36
1974467,24
1974470,20
1974509,46
1974525,30
1974546,117
1974554,22
1974576,30
1974589,25
1974598,63
1974601,41
1974614,26
1974626,23
1974645,21
1974670,29
1974734,32
1974797,31
1974827,31
1974857,50
1974862,93
1974880,29
1974890,91
1974905,20
1974907,27
1975020,59
1975054,20
1975103,114
1975114,24
1975199,28
1975208,66
1975210,59
1975234,55
1975304,71
1975308,23
1975315,20
1975331,35
1975359,28
1975414,24
1975496,24
1975497,52
1975530,137
1975574,60
1975579,42
1975580,44
1975610,27
1975639,23
1975640,28
1975647,23
1975651,94
1975675,39
1975776,80
1975779,23
1975815,181
1975817,41
1975818,114
1975823,34
1975911,509
1975920,55
1975924,28
1975926,310
1975943,44
1975958,22
1975975,22
1976071,22
1976093,57
1976110,61
1976138,40
1976139,196
1976152,22
1976180,52
1976192,21
1976193,71
1976200,37
1976204,52
1976236,29
1976247,75
1976249,44
1976272,27
1976379,103
1976451,61
1976465,37
1976482,34
1976495,20
1976499,110
1976518,86
1976560,255
1976584,23
1976597,143
1976702,172
1976767,23
1976770,22
1976771,142
1976781,22
1976789,20
1976805,61
1976835,82
1976880,129
1976910,28
1976912,79
1976944,43
1977008,348
1977025,49
1977026,21
1977057,36
1977076,52
1977099,96
1977100,61
1977129,53
1977141,61
1977144,22
1977146,33
1977170,41
1977171,30
1977201,25
1977205,42
1977236,73
1977285,164
1977314,31
1977349,321
1977362,26
1977371,92
1977442,54
1977452,73
1977461,19
1977462,26
1977539,42
1977620,27
1977654,118
1977676,22
1977678,250
1977718,22
1977735,23
1977790,69
1977803,56
1977805,67
1977813,50
1977872,40
1977930,31
1977951,26
1977962,59
1977991,39
1978020,20
1978024,41
1978028,22
1978042,28
1978069,30
1978103,20
1978107,108
1978126,77
1978181,32
1978186,32
1978245,397
1978271,56
1978276,24
1978288,60
1978298,114
1978364,21
1978470,70
1978477,35
1978516,25
1978520,21
1978537,86
1978548,27
1978558,21
1978560,63
1978586,53
1978657,42
1978684,21
1978703,82
1978713,38
1978715,123
1978739,21
1978740,19
1978826,115
1978858,20
1978870,40
1978873,22
1978934,31
1979006,23
1979035,91
1979046,20
1979061,42
1979072,83
1979096,131
1979100,28
1979112,38
1979130,22
1979156,20
1979171,105
1979198,146
1979234,58
1979237,386
1979269,20
1979271,34
1979282,29
1979299,46
1979345,27
1979402,48
1979440,163
1979478,24
1979494,100
1979550,38
1979577,24
1979613,21
1979642,30
1979645,20
1979659,22
1979662,38
1979663,61
1979667,29
1979672,22
1979687,74
1979699,189
1979702,44
1979727,136
1979772,37
1979812,109
1979825,61
1979855,62
1979874,70
1979897,25
1979972,33
1980002,132
1980054,45
1980057,42
1980061,27
1980086,389
1980098,207
1980131,21
1980137,70
1980143,42
1980160,39
1980179,62
1980180,48
1980193,45
1980196,66
1980202,26
1980230,85
1980235,35
1980245,58
1980247,20
1980262,27
1980263,24
1980272,39
1980273,25
1980275,25
1980276,72
1980279,29
1980292,20
1980305,139
1980312,37
1980324,23
1980328,31
1980343,20
1980345,70
1980385,21
1980423,51
1980426,41
1980427,23
1980479,94
1980492,54
1980510,90
1980534,24
1980541,67
1980545,59
1980557,26
1980569,46
1980602,20
1980624,22
1980652,42
1980661,22
1980664,23
1980714,29
1980716,53
1980776,37
1980809,31
1980832,104
1980837,29
1980842,47
1980853,46
1980911,174
1980925,28
1980982,147
1980983,31
1981094,27
1981108,40
1981112,21
1981160,46
1981197,88
1981200,38
1981208,56
1981287,147
1981293,69
1981295,32
1981317,38
1981319,43
1981372,174
1981384,21
1981408,25
1981435,28
1981475,23
1981484,23
1981516,38
1981523,84
1981562,53
1981632,36
1981637,55
1981705,22
1981711,22
1981727,20
1981733,21
1981795,21
1981815,26
1981918,27
1981952,34
1981968,92
1981993,26
1982036,41
1982086,29
1982125,23
1982171,22
1982173,28
1982213,24
1982223,28
1982259,73
1982260,68
1982300,80
1982338,25
1982363,29
1982393,38
1982394,25
1982395,60
1982432,28
1982436,163
1982502,20
1982504,22
1982516,380
1982517,136
1982531,276
1982556,161
1982611,434
1982630,52
1982689,37
1982690,180
1982704,31
1982754,23
1982762,27
1982818,40
1982833,39
1982847,99
1982881,116
1982892,24
1982905,28
1982915,456
1982927,41
1982977,77
1982983,274
1982993,27
1982998,38
1983026,216
1983062,20
1983073,76
1983140,29
1983142,23
1983144,68
1983163,48
1983166,21
1983199,24
1983293,77
1983350,99
1983382,30
1983392,250
1983407,25
1983419,34
1983430,134
1983443,238
1983453,95
1983483,50
1983498,63
1983527,43
1983570,22
1983641,35
1983654,28
1983675,44
1983679,20
1983708,26
1983712,61
1983714,38
1983722,46
1983728,21
1983730,25
1983740,22
1983750,21
1983772,23
1983841,26
1983865,23
1983871,48
1983873,32
1983897,95
1983899,93
1983904,19
1983905,21
1983907,44
1983928,34
1983933,35
1983944,47
1983951,21
1984010,83
1984051,27
1984063,91
1984085,20
1984105,21
1984107,45
1984134,21
1984139,68
1984168,72
1984181,29
1984194,34
1984205,52
1984239,42
1984247,37
1984279,20
1984308,35
1984310,28
1984319,21
1984326,20
1984336,34
1984338,57
1984400,22
1984402,34
1984477,70
1984479,20
1984498,19
1984527,30
1984540,28
1984589,29
1984615,20
1984625,45
1984653,87
1984675,54
1984679,25
1984689,78
1984699,21
1984700,20
1984703,24
1984749,26
1984774,28
1984779,22
1984815,392
1984837,25
1984847,19
1984868,31
1984906,23
1984907,49
1984943,21
1984959,20
1985029,31
1985125,31
1985126,22
1985165,29
1985195,21
1985197,32
1985223,159
1985225,24
1985228,22
1985232,54
1985233,22
1985278,21
1985337,30
1985341,49
1985346,149
1985433,20
1985440,29
1985475,29
1985519,31
1985601,51
1985602,41
1985625,20
1985634,21
1985650,45
1985651,32
1985681,139
1985682,22
1985683,32
1985684,22
1985720,116
1985767,37
1985768,23
1985769,34
1985793,105
1985795,61
1985874,21
1985882,46
1985906,20
1985911,60
1985937,50
1985957,345
1985978,30
1986006,38
1986008,21
1986068,33
1986073,32
1986081,29
1986101,32
1986159,22
1986189,33
1986190,29
1986215,30
1986220,38
1986253,50
1986273,29
1986292,42
1986306,26
1986356,50
1986463,53
1986514,64
1986567,29
1986583,33
1986589,20
1986592,166
1986595,71
1986601,223
1986604,89
1986616,23
1986651,26
1986723,23
1986835,64
1986875,20
1986907,30
1986920,21
1986930,35
1986971,28
1986978,76
1986990,33
1987008,21
1987013,20
1987014,72
1987019,113
1987123,47
1987131,199
1987136,41
1987173,22
1987174,31
1987196,22
1987211,50
1987269,438
1987274,24
1987294,59
1987309,49
1987345,25
1987355,29
1987413,26
1987450,186
1987455,26
1987508,23
1987518,21
1987535,58
1987568,37
1987578,24
1987634,174
1987643,76
1987654,39
1987673,380
1987704,25
1987716,24
1987717,25
1987726,20
1987739,24
1987767,39
1987780,36
1987829,46
1987848,58
1987880,26
1987899,40
1987912,20
1987932,30
1987941,24
1987947,20
1987948,48
1987956,22
1987968,105
1987984,24
1988003,25
1988058,24
1988064,22
1988125,39
1988126,21
1988151,33
1988219,22
1988254,23
1988255,23
1988304,40
1988348,37
1988375,61
1988376,81
1988410,131
1988476,24
1988500,95
1988503,32
1988518,85
1988535,27
1988585,93
1988596,314
1988628,46
1988696,26
1988738,100
1988741,22
1988798,208
1988809,47
1988811,24
1988832,82
1988857,26
1988901,26
1988904,29
1988911,156
1988928,126
1988977,50
1989034,34
1989037,25
1989044,37
1989053,50
1989073,39
1989078,78
1989112,27
1989119,20
1989147,20
1989242,49
1989274,33
1989278,36
1989335,63
1989346,28
1989351,344
1989373,42
1989380,57
1989424,31
1989431,43
1989441,20
1989462,25
1989474,33
1989564,24
1989565,25
1989586,27
1989588,42
1989645,90
1989653,98
1989801,27
1989818,48
1989827,53
1989849,35
1989865,20
1989926,21
1989943,43
1989950,33
1989973,21
1989979,90
1990002,209
1990047,20
1990087,22
1990108,22
1990128,22
1990236,93
1990237,31
1990252,223
1990343,22
1990345,25
1990346,27
1990352,91
1990425,49
1990432,20
1990474,20
1990481,51
1990558,22
1990574,22
1990597,72
1990598,22
1990626,30
1990652,68
1990685,33
1990720,27
1990735,27
1990745,20
1990748,27
1990751,26
1990799,28
1990869,22
1990881,26
1990958,38
1990968,39
1991018,263
1991047,21
1991060,49
1991074,21
1991100,170
1991114,23
1991166,63
1991169,28
1991180,25
1991211,34
1991219,21
1991224,29
1991242,36
1991253,70
1991307,22
1991365,63
1991393,49
1991397,56
1991461,21
1991481,33
1991513,22
1991557,20
1991565,128
1991575,148
1991648,49
1991658,152
1991695,46
1991726,37
1991770,77
1991808,20
1991820,38
1991833,85
1991848,54
1991884,24
1991885,29
1991891,22
1991935,29
1991936,23
1991948,69
1991950,74
1991954,43
1991960,24
1991987,41
1992000,21
1992001,25
1992022,34
1992030,40
1992086,22
1992118,21
1992125,21
1992167,142
1992168,25
1992192,20
1992241,41
1992243,24
1992306,133
1992319,34
1992342,48
1992363,29
1992377,56
1992392,28
1992393,170
1992403,33
1992415,31
1992515,32
1992552,25
1992573,32
1992598,51
1992628,286
1992653,23
1992679,21
1992729,19
1992742,41
1992769,78
1992775,141
1992776,43
1992813,83
1992829,52
1992868,28
1992936,46
1992960,29
1992991,20
1993088,72
1993138,206
1993148,21
1993164,127
1993168,73
1993199,488
1993211,31
1993235,157
1993242,49
1993256,22
1993281,26
1993373,250
1993398,35
1993414,35
1993416,29
1993427,28
1993455,128
1993470,51
1993497,23
1993498,21
1993522,151
1993531,68
1993543,21
1993561,20
1993569,43
1993620,26
1993634,26
1993652,91
1993683,20
1993693,56
1993701,33
1993707,20
1993708,21
1993712,242
1993713,30
1993745,36
1993779,89
1993801,20
1993813,206
1993829,50
1993865,52
1993870,59
1993916,22
1993957,68
1994010,38
1994049,33
1994052,54
1994070,30
1994071,23
1994083,22
1994107,21
1994119,71
1994121,27
1994124,29
1994145,24
1994232,97
1994357,40
1994380,56
1994414,23
1994417,29
1994467,27
1994469,58
1994475,21
1994486,34
1994505,20
1994602,26
1994609,57
1994611,22
1994619,24
1994628,212
1994635,23
1994662,79
1994679,107
1994706,77
1994709,362
1994730,31
1994742,26
1994783,23
1994795,31
1994797,25
1994843,40
1994859,21
1994883,40
1994905,405
1994933,44
1995002,20
1995011,30
1995028,35
1995038,77
1995112,95
1995115,86
1995120,203
1995162,308
1995178,23
1995190,32
1995244,124
1995250,66
1995251,20
1995252,29
1995261,72
1995276,38
1995277,156
1995317,54
1995323,37
1995355,27
1995366,78
1995393,22
1995411,50
1995427,32
1995429,35
1995444,73
1995487,28
1995513,33
1995524,39
1995531,45
1995547,509
1995585,29
1995634,97
1995651,22
1995667,32
1995680,22
1995690,31
1995711,45
1995754,21
1995785,30
1995787,58
1995814,27
1995857,34
1995884,26
1995910,19
1995949,22
1995989,24
1995993,23
1996030,20
1996041,46
1996047,92
1996082,43
1996091,31
1996118,77
1996130,51
1996141,24
1996144,82
1996147,21
1996156,181
1996172,26
1996187,27
1996197,75
1996265,52
1996289,23
1996336,23
1996347,33
1996365,24
1996366,51
1996375,45
1996404,27
1996409,470
1996415,234
1996416,48
1996465,38
1996472,122
1996487,195
1996563,69
1996575,34
1996604,22
1996669,23
1996688,21
1996700,20
1996701,29
1996726,484
1996747,26
1996751,133
1996804,72
1996822,23
1996835,22
1996850,30
1996897,31
1996917,52
1996929,35
1996966,75
1996972,24
1996985,49
1997013,22
1997025,29
1997026,26
1997048,28
1997062,33
1997135,44
1997192,33
1997203,33
1997215,55
1997218,51
1997261,26
1997277,37
1997345,23
1997398,23
1997415,79
1997421,26
1997423,152
1997427,42
1997442,57
1997453,25
1997459,172
1997462,28
1997466,43
1997505,61
1997535,22
1997537,126
1997564,53
1997572,150
1997604,26
1997632,52
1997663,33
1997732,35
1997746,440
1997764,52
1997773,20
1997788,74
1997792,24
1997834,33
1997858,49
1997890,77
1997992,51
1998004,49
1998020,25
1998023,67
1998035,23
1998099,89
1998189,24
1998197,180
1998201,216
1998222,42
1998229,23
1998235,31
1998257,48
1998289,71
1998343,22
1998376,29
1998441,20
1998460,72
1998504,22
1998511,50
1998521,84
1998529,52
1998560,41
1998649,43
1998680,35
1998690,48
1998695,22
1998700,46
1998741,82
1998746,21
1998750,72
1998767,63
1998784,457
1998786,30
1998791,89
1998813,20
1998842,26
1998847,28
1998868,25
1998869,32
1998887,33
1998892,21
1998896,28
1998925,25
1998936,389
1998991,20
1999007,42
1999012,158
1999017,22
1999038,23
1999039,28
1999067,33
1999071,175
1999106,110
1999111,45
1999123,22
1999125,354
1999129,20
1999178,22
1999179,88
1999197,26
1999200,23
1999213,24
1999244,34
1999275,57
1999289,90
1999328,97
1999351,28
1999409,27
1999446,79
1999447,32
1999476,22
1999516,39
1999523,29
1999549,40
1999550,24
1999572,63
1999594,27
1999603,50
1999609,21
1999610,43
1999647,101
1999695,24
1999739,22
1999766,50
1999780,34
1999784,41
1999809,21
1999822,24
1999834,21
1999843,444
1999915,58
1999926,70
1999936,28
1999947,79
1999979,30
2000011,33
2000016,23
2000024,20
2000060,40
2000078,80
2000114,60
2000140,63
2000149,23
2000162,33
2000265,29
2000271,61
2000362,52
2000381,28
2000382,23
2000414,145
2000427,40
2000432,112
2000468,60
2000519,29
2000522,30
2000526,31
2000549,72
2000551,24
2000670,33
2000680,65
2000703,25
2000717,32
2000751,49
2000787,28
2000919,24
2000920,22
2000921,25
2000998,114
2001001,60
2001027,67
2001036,27
2001109,34
2001120,35
2001180,23
2001183,307
2001184,28
2001237,46
2001298,196
2001338,33
2001373,23
2001380,22
2001397,21
2001400,39
2001421,37
2001431,39
2001453,38
2001459,37
2001542,35
2001556,22
2001557,26
2001636,51
2001677,41
2001683,54
2001703,94
2001741,31
2001768,37
2001835,39
2001903,33
2001909,52
2001937,194
2001987,33
2002013,27
2002052,31
2002087,56
2002110,55
2002180,48
2002219,30
2002238,35
2002245,39
2002251,62
2002259,70
2002275,128
2002284,32
2002306,51
2002307,23
2002308,254
2002341,49
2002347,35
2002368,40
2002454,30
2002465,335
2002467,264
2002472,194
2002475,82
2002477,26
2002518,22
2002531,56
2002556,20
2002557,185
2002559,23
2002560,216
2002574,87
2002638,132
2002695,21
2002716,21
2002735,20
2002749,19
2002765,22
2002796,77
2002797,177
2002834,27
2002860,20
2002861,28
2002865,187
2002871,185
2002890,35
2002913,38
2002922,43
2002955,43
2002980,21
2003030,226
2003038,68
2003076,121
2003095,31
2003102,42
2003121,24
2003123,226
2003125,148
2003133,22
2003151,71
2003175,97
2003222,22
2003238,81
2003261,20
2003305,236
2003329,49
2003330,68
2003344,28
2003347,23
2003419,66
2003503,95
2003513,24
2003520,27
2003521,21
2003548,81
2003557,42
2003594,21
2003611,34
2003652,29
2003678,33
2003699,26
2003743,21
2003752,22
2003766,31
2003786,21
2003790,26
2003791,176
2003807,22
2003820,46
2003823,27
2003831,49
2003838,21
2003865,37
2003867,345
2003893,33
2003938,29
2003973,61
2004018,37
2004035,28
2004052,125
2004081,20
2004083,20
2004099,246
2004135,28
2004159,100
2004160,30
2004161,81
2004165,26
2004167,492
2004192,24
2004238,23
2004269,20
2004272,24
2004315,213
2004340,51
2004345,473
2004365,58
2004445,30
2004473,29
2004527,67
2004547,54
2004556,173
2004580,44
2004582,31
2004594,20
2004619,57
2004635,27
2004678,31
2004719,63
2004801,22
2004829,37
2004875,39
2004880,22
2004883,78
2004894,24
2004895,50
2004909,20
2004910,20
2004947,24
2004992,28
2004998,21
2005017,20
2005032,21
2005073,39
2005115,25
2005174,24
2005187,45
2005190,21
2005197,66
2005223,44
2005288,483
2005306,43
2005325,31
2005345,21
2005348,25
2005350,83
2005423,38
2005436,23
2005451,26
2005465,73
2005474,22
2005480,30
2005481,71
2005504,151
2005507,33
2005516,28
2005520,98
2005563,351
2005581,48
2005604,172
2005615,22
2005616,317
2005641,29
2005698,92
2005733,55
2005748,22
2005751,22
2005764,32
2005780,32
2005787,134
2005790,39
2005812,27
2005822,324
2005836,52
2005858,23
2005907,52
2005934,33
2005956,25
2005973,25
2006007,27
2006041,43
2006054,48
2006068,20
2006072,29
2006075,59
2006157,42
2006192,38
2006194,21
2006214,20
2006217,28
2006241,24
2006254,24
2006300,26
2006318,129
2006330,122
2006339,21
2006369,21
2006404,31
2006441,20
2006452,20
2006455,26
2006461,35
2006511,24
2006512,58
2006533,90
2006542,50
2006546,31
2006576,45
2006581,73
2006603,126
2006610,28
2006632,62
2006637,22
2006647,24
2006705,24
2006731,20
2006738,21
2006752,28
2006761,47
2006771,21
2006818,26
2006824,33
2006834,32
2006891,32
2006923,25
2007013,34
2007014,29
2007027,20
2007043,317
2007058,53
2007069,66
2007096,21
2007144,22
2007172,27
2007219,81
2007251,37
2007289,23
2007317,23
2007319,48
2007376,142
2007387,26
2007394,25
2007435,166
2007450,35
2007464,37
2007471,29
2007473,26
2007476,22
2007488,43
2007491,21
2007508,40
2007513,34
2007546,31
2007552,21
2007574,51
2007601,63
2007602,30
2007617,26
2007640,20
2007641,33
2007675,20
2007702,69
2007717,114
2007742,152
2007802,43
2007820,107
2007849,161
2007882,22
2007889,23
2007907,77
2007960,20
2007980,240
2007982,21
2008010,21
2008014,30
2008022,45
2008053,87
2008187,45
2008239,28
2008243,28
2008267,38
2008268,29
2008276,137
2008303,82
2008406,21
2008414,27
2008430,38
2008440,27
2008461,253
2008477,42
2008507,27
2008541,89
2008588,50
2008592,24
2008628,21
2008630,40
2008654,27
2008685,38
2008698,40
2008722,21
2008753,21
2008758,53
2008782,34
2008787,32
2008805,24
2008856,36
2008865,22
2008871,23
2008887,26
2008893,21
2008915,23
2008922,87
2008938,478
2008962,23
2009001,28
2009032,24
2009124,73
2009184,299
2009202,24
2009237,21
2009291,30
2009293,45
2009302,108
2009305,34
2009316,401
2009353,52
2009393,29
2009440,23
2009457,37
2009494,34
2009501,25
2009578,27
2009635,32
2009704,22
2009710,224
2009723,22
2009757,35
2009779,23
2009787,183
2009790,33
2009794,84
2009811,54
2009818,20
2009836,21
2009842,25
2009846,35
2009854,25
2009881,54
2009882,20
2009917,30
2009972,61
2009976,33
2009994,22
2010003,27
2010035,32
2010036,28
2010112,159
2010114,27
2010129,57
2010157,29
2010166,143
2010170,46
2010177,26
2010262,57
2010290,25
2010346,65
2010373,25
2010375,98
2010410,189
2010435,43
2010451,22
2010498,76
2010534,26
2010542,119
2010549,21
2010553,300
2010570,28
2010651,31
2010689,30
2010717,42
2010728,23
2010744,43
2010754,42
2010758,27
2010775,20
2010779,265
2010804,24
2010820,26
2010885,28
2010920,96
2010969,21
2010989,44
2010990,26
2010999,46
2011060,35
2011080,20
2011084,110
2011090,125
2011122,34
2011123,91
2011226,24
2011228,27
2011257,20
2011291,54
2011368,225
2011376,36
2011387,150
2011408,35
2011432,47
2011452,21
2011513,352
2011530,29
2011533,279
2011535,23
2011543,28
2011552,23
2011633,29
2011653,50
2011666,24
2011700,26
2011701,38
2011729,25
2011731,31
2011750,27
2011808,45
2011812,42
2011817,27
2011832,120
2011881,42
2011894,62
2011906,131
2011931,71
2011935,47
2012031,23
2012037,23
2012057,20
2012075,375
2012091,59
2012159,67
2012176,22
2012190,42
2012204,21
2012240,34
2012257,35
2012357,21
2012361,23
2012410,21
2012429,25
2012432,33
2012446,33
2012486,24
2012549,23
2012581,52
2012598,116
2012645,23
2012652,22
2012662,110
2012663,65
2012664,29
2012665,26
2012666,25
2012688,113
2012697,36
2012721,29
2012769,29
2012797,21
2012886,72
2012936,33
2012955,23
2012961,41
2012976,44
2013032,37
2013044,27
2013057,23
2013066,103
2013114,21
2013134,57
2013152,52
2013172,26
2013180,325
2013209,24
2013214,22
2013237,25
2013242,29
2013314,295
2013456,20
2013477,22
2013492,20
2013502,29
2013506,53
2013523,51
2013526,35
2013604,32
2013617,92
2013628,31
2013738,20
2013790,309
2013791,41
2013792,45
2013797,276
2013805,181
2013820,108
2013839,21
2013894,93
2013904,88
2013916,61
2013951,40
2013953,95
2013993,53
2014008,46
2014012,234
2014023,41
2014039,52
2014066,153
2014069,24
2014136,25
2014142,131
2014149,28
2014154,26
2014158,106
2014212,28
2014232,20
2014243,23
2014257,22
2014261,64
2014262,28
2014324,25
2014359,33
2014389,245
2014425,190
2014436,30
2014481,84
2014487,44
2014499,139
2014505,110
2014518,60
2014535,83
2014567,36
2014594,48
2014595,24
2014605,20
2014611,43
2014630,263
2014636,48
2014664,69
2014695,26
2014730,25
2014766,60
2014842,21
2014853,142
2014865,42
2014873,47
2014903,20
2014917,20
2014936,42
2014956,86
2014970,46
2014987,41
2015106,34
2015112,108
2015117,26
2015163,336
2015205,34
2015287,28
2015309,23
2015352,41
2015368,40
2015369,23
2015395,52
2015415,177
2015443,48
2015454,25
2015528,81
2015612,44
2015615,47
2015643,22
2015648,194
2015659,45
2015679,20
2015703,28
2015711,38
2015717,69
2015756,43
2015771,46
2015781,51
2015795,209
2015802,21
2015805,83
2015872,151
2015884,26
2015889,56
2015914,21
2015942,44
2015971,86
2016054,29
2016066,80
2016067,75
2016093,86
2016110,20
2016115,21
2016143,37
2016163,42
2016184,22
2016207,21
2016213,99
2016246,37
2016292,34
2016300,29
2016357,39
2016358,171
2016367,21
2016375,24
2016452,21
2016453,73
2016476,25
2016502,52
2016504,444
2016535,94
2016536,40
2016556,50
2016582,75
2016639,53
2016644,52
2016660,20
2016666,24
2016685,22
2016694,29
2016697,21
2016766,26
2016773,23
2016803,37
2016819,29
2016872,50
2016898,99
2016919,40
2016932,196
2016935,155
2017000,24
2017013,66
2017023,39
2017026,37
2017105,80
2017120,86
2017123,201
2017192,28
2017218,20
2017255,43
2017268,33
2017331,51
2017333,43
2017340,63
2017342,69
2017362,86
2017367,21
2017380,28
2017387,33
2017388,26
2017439,28
2017461,76
2017480,32
2017504,20
2017506,79
2017508,37
2017540,112
2017641,24
2017655,37
2017712,23
2017770,69
2017798,60
2017803,66
2017843,28
2017881,247
2017891,25
2017949,95
2017956,20
2017963,32
2017988,21
2018002,106
2018038,55
2018039,53
2018049,27
2018051,126
2018059,28
2018093,29
2018103,296
2018115,37
2018158,40
2018200,21
2018205,346
2018254,24
2018275,28
2018343,31
2018344,56
2018359,39
2018415,21
2018418,22
2018440,58
2018454,96
2018472,22
2018528,47
2018544,25
2018598,30
2018616,24
2018647,47
2018665,134
2018724,21
2018735,25
2018741,24
2018764,20
2018785,52
2018805,107
2018832,62
2018872,44
2018918,22
2018919,30
2018942,68
2018993,30
2019001,52
2019081,56
2019087,28
2019102,102
2019106,70
2019179,25
2019208,20
2019222,27
2019235,49
2019273,32
2019292,42
2019395,31
2019409,170
2019448,21
2019475,73
2019489,26
2019500,22
2019502,27
2019520,25
2019532,32
2019542,70
2019546,45
2019560,223
2019575,19
2019586,63
2019592,23
2019620,63
2019640,25
2019655,21
2019700,49
2019719,91
2019768,277
2019789,22
2019793,30
2019798,41
2019811,23
2019879,20
2019906,22
2019908,20
2019925,82
2019986,110
2019999,58
2020188,35
2020190,39
2020196,25
2020210,36
2020211,29
2020239,30
2020257,44
2020275,41
2020290,60
2020307,22
2020311,20
2020314,22
2020339,47
2020351,35
2020434,38
2020435,25
2020453,20
2020464,91
2020470,23
2020472,44
2020481,38
2020482,213
2020503,50
2020607,333
2020646,38
2020655,20
2020689,44
2020720,36
2020726,30
2020768,25
2020776,31
2020785,140
2020794,20
2020839,45
2020918,30
2020941,136
2020970,21
2020989,254
2021013,28
2021089,47
2021212,33
2021219,72
2021224,26
2021245,29
2021319,27
2021330,22
2021345,24
2021370,26
2021408,25
2021417,42
2021418,47
2021427,150
2021428,28
2021475,24
2021476,28
2021486,20
2021522,39
2021524,47
2021541,34
2021552,28
2021554,24
2021606,36
2021616,23
2021657,39
2021708,88
2021709,44
2021714,28
2021746,36
2021759,55
2021770,68
2021781,24
2021830,22
2021840,33
2021858,29
2021889,40
2021903,24
2021929,36
2021955,69
2021961,407
2022001,49
2022008,43
2022028,25
2022033,31
2022038,38
2022060,31
2022083,30
2022106,78
2022121,74
2022128,27
2022140,96
2022141,21
2022142,22
2022157,35
2022161,35
2022178,43
2022187,77
2022231,26
2022237,179
2022239,21
2022263,60
2022271,53
2022277,24
2022325,23
2022331,46
2022350,55
2022362,21
2022364,29
2022374,159
2022379,38
2022390,172
2022429,339
2022445,51
2022475,37
2022504,30
2022505,30
2022509,81
2022513,23
2022530,35
2022536,20
2022553,76
2022565,46
2022573,77
2022575,26
2022613,24
2022620,20
2022630,22
2022644,25
2022728,75
2022732,31
2022735,221
2022741,25
2022755,31
2022762,27
2022769,191
2022786,23
2022822,97
2022830,101
2022906,43
2022939,41
2022964,22
2023030,34
2023033,31
2023038,43
2023039,25
2023042,33
2023052,32
2023058,43
2023065,170
2023081,66
2023094,21
2023131,23
2023202,40
2023229,33
2023279,32
2023323,37
2023346,32
2023347,110
2023356,22
2023359,59
2023365,23
2023374,28
2023415,267
2023435,35
2023437,27
2023479,23
2023481,27
2023496,66
2023529,40
2023543,27
2023554,84
2023589,62
2023612,46
2023615,40
2023618,151
2023641,21
2023647,25
2023651,37
2023678,22
2023685,205
2023719,21
2023761,35
2023793,34
2023825,21
2023868,20
2023887,46
2023910,39
2023922,33
2023933,26
2023948,19
2023952,37
2024011,25
2024012,30
2024024,47
2024028,215
2024037,25
2024079,115
2024081,161
2024110,33
2024180,45
2024258,32
2024274,160
2024316,29
2024317,20
2024322,40
2024325,183
2024351,46
2024409,26
2024462,39
2024463,64
2024467,50
2024539,64
2024578,28
2024609,122
2024614,52
2024701,25
2024710,26
2024711,64
2024739,53
2024746,21
2024766,209
2024814,64
2024867,24
2024869,24
2024900,27
2024952,27
2024956,52
2025004,147
2025027,442
2025037,21
2025043,22
2025052,29
2025082,69
2025086,128
2025087,27
2025097,67
2025110,57
2025166,401
2025172,22
2025181,73
2025184,31
2025197,39
2025240,29
2025247,30
2025312,25
2025321,40
2025325,32
2025346,30
2025386,195
2025441,158
2025446,48
2025459,73
2025478,36
2025494,24
2025523,269
2025557,20
2025565,24
2025566,21
2025651,49
2025715,21
2025725,53
2025734,23
2025795,38
2025799,66
2025800,28
2025813,23
2025840,94
2025845,25
2025875,42
2025947,43
2025954,36
2025991,81
2026001,73
2026037,27
2026038,32
2026057,36
2026068,65
2026083,25
2026095,22
2026099,59
2026132,136
2026136,22
2026143,31
2026178,150
2026179,30
2026185,37
2026193,31
2026214,34
2026216,27
2026226,28
2026232,25
2026272,25
2026278,88
2026279,75
2026292,507
2026329,29
2026343,106
2026389,50
2026413,43
2026423,28
2026436,20
2026454,135
2026462,22
2026497,72
2026516,81
2026573,60
2026576,42
2026591,100
2026623,54
2026624,24
2026632,77
2026652,327
2026669,27
2026713,105
2026733,22
2026736,128
2026738,25
2026751,29
2026793,238
2026795,99
2026828,341
2026834,29
2026847,51
2026894,108
2026938,20
2026941,28
2026962,22
2026988,309
2027019,30
2027023,23
2027040,117
2027111,39
2027149,43
2027150,76
2027207,131
2027211,49
2027228,28
2027239,27
2027242,20
2027272,25
2027289,63
2027305,26
2027306,45
2027322,66
2027326,23
2027336,45
2027373,20
2027376,30
2027387,29
2027394,33
2027408,41
2027463,45
2027464,21
2027490,20
2027534,37
2027583,53
2027605,20
2027616,146
2027621,68
2027702,55
2027706,27
2027724,226
2027770,27
2027795,25
2027866,26
2027882,196
2027884,44
2027897,91
2027928,85
2027931,31
2027939,32
2027949,27
2027950,22
2027999,65
2028012,33
2028019,36
2028042,20
2028047,20
2028081,22
2028093,26
2028097,51
2028108,26
2028110,30
2028163,25
2028196,34
2028206,41
2028230,36
2028241,33
2028242,23
2028281,23
2028338,31
2028356,85
2028365,49
2028371,32
2028399,29
2028425,20
2028469,23
2028473,34
2028494,21
2028516,60
2028537,96
2028618,20
2028628,28
2028656,26
2028680,60
2028703,138
2028724,34
2028788,83
2028794,35
2028827,115
2028858,30
2028887,25
2028913,31
2028915,36
2028954,30
2028969,23
2028988,65
2029020,20
2029063,20
2029066,34
2029068,40
2029092,24
2029103,139
2029145,29
2029157,26
2029161,59
2029186,29
2029188,21
2029195,27
2029201,26
2029221,79
2029224,110
2029225,22
2029278,109
2029279,25
2029310,28
2029321,50
2029340,22
2029385,20
2029402,69
2029454,37
2029515,33
2029520,22
2029528,220
2029533,22
2029538,135
2029547,128
2029577,23
2029625,104
2029630,35
2029647,120
2029663,36
2029702,24
2029716,27
2029735,45
2029766,41
2029830,37
2029841,26
2029886,41
2029912,31
2029915,74
2029937,104
2029955,28
2029972,132
2030002,36
2030008,50
2030029,41
2030035,324
2030037,250
2030044,52
2030049,86
2030051,28
2030088,164
2030095,77
2030098,43
2030100,52
2030118,51
2030154,71
2030193,32
2030217,28
2030237,32
2030277,41
2030501,35
2030548,58
2030550,22
2030562,109
2030563,20
2030571,20
2030575,61
2030586,43
2030603,35
2030631,442
2030632,176
2030640,45
2030658,24
2030687,20
2030692,30
2030693,78
2030694,301
2030706,21
2030733,142
2030734,21
2030744,338
2030798,22
2030882,24
2030896,60
2030933,23
2030975,41
2030988,21
2030989,21
2031018,25
2031023,29
2031114,32
2031132,47
2031154,38
2031164,23
2031181,24
2031200,31
2031218,39
2031222,47
2031264,22
2031276,20
2031349,48
2031406,26
2031431,60
2031488,89
2031500,20
2031510,23
2031570,21
2031576,25
2031616,35
2031651,25
2031652,399
2031719,33
2031722,39
2031753,27
2031754,30
2031760,38
2031779,78
2031780,84
2031810,22
2031853,34
2031862,20
2031875,24
2031936,135
2032004,26
2032021,38
2032027,36
2032038,37
2032046,37
2032103,32
2032122,40
2032144,24
2032171,24
2032175,21
2032182,47
2032183,58
2032192,24
2032202,184
2032213,28
2032241,78
2032364,30
2032369,55
2032375,25
2032406,37
2032449,21
2032475,41
2032477,30
2032504,29
2032532,57
2032568,150
2032597,108
2032685,27
2032733,39
2032761,23
2032765,24
2032791,36
2032805,61
2032815,73
2032828,35
2032830,27
2032865,24
2032866,32
2032868,31
2032869,59
2032882,83
2032891,26
2032902,31
2032916,25
2032986,55
2033018,21
2033021,75
2033022,83
2033049,20
2033065,21
2033074,32
2033075,23
2033086,31
2033090,34
2033095,29
2033101,180
2033155,73
2033162,67
2033163,111
2033173,68
2033205,25
2033238,71
2033245,97
2033266,35
2033289,24
2033333,32
2033351,25
2033393,39
2033400,21
2033406,23
2033434,338
2033480,181
2033493,146
2033515,19
2033519,37
2033541,30
2033556,158
2033595,143
2033597,47
2033629,29
2033648,24
2033658,60
2033678,42
2033712,42
2033714,20
2033729,23
2033734,24
2033756,20
2033766,22
2033767,34
2033768,20
2033773,44
2033781,50
2033805,25
2033826,34
2033830,219
2033900,23
2033919,217
2033968,29
2033994,53
2033996,96
2033997,34
2034014,30
2034017,22
2034028,29
2034056,33
2034186,38
2034187,26
2034191,50
2034224,76
2034323,75
2034326,65
2034349,34
2034370,40
2034374,42
2034462,22
2034467,202
2034480,33
2034491,55
2034501,63
2034532,63
2034536,46
2034545,274
2034570,21
2034751,29
2034783,37
2034793,29
2034833,34
2034863,26
2034890,38
2034891,64
2034898,27
2034917,506
2034921,484
2034934,27
2034997,28
2035028,220
2035030,20
2035053,20
2035063,25
2035065,27
2035068,23
2035105,21
2035131,60
2035138,52
2035149,51
2035193,72
2035208,116
2035228,33
2035230,68
2035235,20
2035236,37
2035278,69
2035326,38
2035336,51
2035364,23
2035372,318
2035392,26
2035447,51
2035457,25
2035459,24
2035528,85
2035559,22
2035582,45
2035591,20
2035603,68
2035611,21
2035614,68
2035619,58
2035673,27
2035686,68
2035736,21
2035768,32
2035833,35
2035863,47
2035880,26
2035894,33
2035916,68
2035918,33
2035941,30
2035950,25
2036024,26
2036027,47
2036028,54
2036034,43
2036039,62
2036049,35
2036057,29
2036078,45
2036079,50
2036175,48
2036237,68
2036251,49
2036321,21
2036366,23
2036384,34
2036410,128
2036535,21
2036544,239
2036570,20
2036592,33
2036633,65
2036714,36
2036738,227
2036739,126
2036789,46
2036874,23
2036889,158
2036891,162
2036904,22
2036919,23
2036922,209
2036926,50
2036932,66
2036934,22
2036954,54
2036966,27
2036974,66
2036989,37
2037009,24
2037010,53
2037016,33
2037018,26
2037028,20
2037030,50
2037138,26
2037166,70
2037172,21
2037208,33
2037244,63
2037330,96
2037345,45
2037418,47
2037448,74
2037504,31
2037558,174
2037560,425
2037561,70
2037633,38
2037671,41
2037685,47
2037721,38
2037778,40
2037806,20
2037813,87
2037820,23
2037843,287
2037847,107
2037937,22
2037938,31
2037970,36
2037975,48
2038000,85
2038005,23
2038103,29
2038109,21
2038110,32
2038115,21
2038135,47
2038137,37
2038198,205
2038235,40
2038316,58
2038335,104
2038350,197
2038361,21
2038364,25
2038371,72
2038387,30
2038443,114
2038490,20
2038493,108
2038512,60
2038548,28
2038557,127
2038635,33
2038660,334
2038694,30
2038720,31
2038733,31
2038753,38
2038774,80
2038819,45
2038827,24
2038851,44
2038866,31
2038879,327
2038885,23
2038886,27
2038889,69
2038938,25
2038968,24
2038978,31
2038986,121
2039003,24
2039013,212
2039038,29
2039111,46
2039172,30
2039211,24
2039213,24
2039237,105
2039251,29
2039253,36
2039317,203
2039422,63
2039436,41
2039457,120
2039485,27
2039494,56
2039520,32
2039524,27
2039554,41
2039555,28
2039574,78
2039596,23
2039632,22
2039638,40
2039641,24
2039675,29
2039695,37
2039696,39
2039709,168
2039717,28
2039718,28
2039771,22
2039789,30
2039824,24
2039883,35
2039904,21
2039911,35
2039943,23
2039946,21
2039985,23
2040023,32
2040060,39
2040098,234
2040107,24
2040123,116
2040151,397
2040152,25
2040180,38
2040238,34
2040270,29
2040277,55
2040281,126
2040308,29
2040333,31
2040348,33
2040360,38
2040386,57
2040392,80
2040403,27
2040422,93
2040448,206
2040567,34
2040576,75
2040611,48
2040664,21
2040711,49
2040713,24
2040734,67
2040749,22
2040765,49
2040767,110
2040774,135
2040811,39
2040821,48
2040868,67
2040901,21
2040938,21
2041077,36
2041078,21
2041133,174
2041165,26
2041170,54
2041236,22
2041243,48
2041260,43
2041290,106
2041297,21
2041323,23
2041364,74
2041429,20
2041439,47
2041449,43
2041467,212
2041468,36
2041494,54
2041504,52
2041556,84
2041602,21
2041611,34
2041649,44
2041688,41
2041702,26
2041703,188
2041704,31
2041788,35
2041844,49
2041932,21
2041934,32
2041960,29
2042000,56
2042041,94
2042066,80
2042068,248
2042077,30
2042120,209
2042138,24
2042174,73
2042187,42
2042197,69
2042278,20
2042281,44
2042313,37
2042371,21
2042426,38
2042444,25
2042448,104
2042513,38
2042641,39
2042658,26
2042738,254
2042797,33
2042821,20
2042823,47
2042825,30
2042860,43
2042890,224
2042899,40
2042900,22
2042901,82
2042943,33
2042955,22
2043012,116
2043130,36
2043225,114
2043240,25
2043243,102
2043249,79
2043266,30
2043277,31
2043292,32
2043309,20
2043339,24
2043410,20
2043428,31
2043437,48
2043468,73
2043472,79
2043498,145
2043520,25
2043553,40
2043560,47
2043620,21
2043624,32
2043657,25
2043675,24
2043743,37
2043746,22
2043751,68
2043752,45
2043760,22
2043761,39
2043812,43
2043814,38
2043833,80
2043846,117
2043869,29
2043905,35
2043923,20
2043929,32
2043930,35
2043937,24
2043970,24
2043981,22
2044007,113
2044029,149
2044110,27
2044119,22
2044130,36
2044141,53
2044195,20
2044224,57
2044225,34
2044233,21
2044249,75
2044303,342
2044304,22
2044347,33
2044348,105
2044375,77
2044378,26
2044381,30
2044404,29
2044409,45
2044499,113
2044513,26
2044536,31
2044553,21
2044559,204
2044591,37
2044592,20
2044619,59
2044652,70
2044658,60
2044676,33
2044703,26
2044798,57
2044818,59
2044825,97
2044870,34
2044890,52
2044916,21
2044964,28
2044967,34
2044976,43
2045020,25
2045043,74
2045136,30
2045167,30
2045178,47
2045191,30
2045257,20
2045259,23
2045301,35
2045311,368
2045343,35
2045355,113
2045365,22
2045372,25
2045381,35
2045391,58
2045410,20
2045473,21
2045486,291
2045503,100
2045516,26
2045569,144
2045589,24
2045592,29
2045607,23
2045620,34
2045654,39
2045655,38
2045666,123
2045675,30
2045744,21
2045752,22
2045759,29
2045760,89
2045802,69
2045815,59
2045846,29
2045850,20
2045851,105
2045882,24
2045899,26
2045914,21
2045978,21
2046008,50
2046028,135
2046094,103
2046163,57
2046173,82
2046234,283
2046251,111
2046255,22
2046276,78
2046400,103
2046416,75
2046426,23
2046427,78
2046458,84
2046460,21
2046465,44
2046472,33
2046522,35
2046530,27
2046546,24
2046602,47
2046618,27
2046688,54
2046689,23
2046736,87
2046815,21
2046922,24
2046933,66
2046941,21
2046957,32
2046990,33
2047033,39
2047067,25
2047085,49
2047105,101
2047116,30
2047154,78
2047168,92
2047187,34
2047192,34
2047193,24
2047194,48
2047265,57
2047323,35
2047324,32
2047349,29
2047386,47
2047408,53
2047472,29
2047473,29
2047477,27
2047519,123
2047615,27
2047636,59
2047664,32
2047684,431
2047703,40
2047713,52
2047715,28
2047723,21
2047765,24
2047776,96
2047799,70
2047855,85
2047878,149
2047880,148
2047900,22
2047927,48
2047965,262
2047967,25
2047968,112
2047994,123
2048012,21
2048021,47
2048049,25
2048057,21
2048062,39
2048067,64
2048090,47
2048101,20
2048109,20
2048130,38
2048155,48
2048186,25
2048190,23
2048259,241
2048274,23
2048321,27
2048343,24
2048371,155
2048403,137
2048412,49
2048439,22
2048512,57
2048552,51
2048582,112
2048583,70
2048603,50
2048659,28
2048701,22
2048704,85
2048723,48
2048729,97
2048752,25
2048761,29
2048794,44
2048798,32
2048823,57
2048824,22
2048885,21
2048888,33
2048911,106
2048958,20
2048970,32
2048996,62
2049060,27
2049066,55
2049067,22
2049116,31
2049122,64
2049144,27
2049145,144
2049191,57
2049208,24
2049233,82
2049338,24
2049339,19
2049363,229
2049389,43
2049390,34
2049426,27
2049428,45
2049454,30
2049470,28
2049472,131
2049511,23
2049523,74
2049621,24
2049639,52
2049644,20
2049655,108
2049739,26
2049750,20
2049760,102
2049761,40
2049774,21
2049828,278
2049853,40
2049867,48
2049886,50
2049888,49
2049957,40
2049965,25
2049966,53
2050025,42
2050032,37
2050040,60
2050042,39
2050065,20
2050096,22
2050115,22
2050127,66
2050188,33
2050233,21
2050237,59
2050299,36
2050335,25
2050419,46
2050512,21
2050518,65
2050560,32
2050583,57
2050584,30
2050631,54
2050660,87
2050662,24
2050734,25
2050809,27
2050910,46
2050911,22
2050936,27
2050940,27
2050986,23
2051001,21
2051073,141
2051079,309
2051115,23
2051123,21
2051139,26
2051159,25
2051171,23
2051180,25
2051226,55
2051345,20
2051359,23
2051378,396
2051386,22
2051388,37
2051402,24
2051409,38
2051425,37
2051445,26
2051481,28
2051485,29
2051490,64
2051513,20
2051533,30
2051571,42
2051647,20
2051667,25
2051678,25
2051718,34
2051773,20
2051774,57
2051830,143
2051842,37
2051852,21
2051872,371
2051898,363
2051940,52
2051963,46
2052000,73
2052072,92
2052105,24
2052106,21
2052108,23
2052133,45
2052187,25
2052191,55
2052198,27
2052217,92
2052287,68
2052292,23
2052333,25
2052372,21
2052373,30
2052385,97
2052391,26
2052408,37
2052411,37
2052426,75
2052468,49
2052498,24
2052499,260
2052502,29
2052589,24
2052623,42
2052639,35
2052654,29
2052718,30
2052734,49
2052751,64
2052775,256
2052799,40
2052804,45
2052828,95
2052848,176
2052867,340
2052869,95
2052911,236
2052921,19
2052956,23
2052980,61
2053007,44
2053030,24
2053055,23
2053079,29
2053104,208
2053114,22
2053173,299
2053192,69
2053210,31
2053271,149
2053292,28
2053301,20
2053344,77
2053370,22
2053449,55
2053465,60
2053512,40
2053539,22
2053562,23
2053571,31
2053574,233
2053603,39
2053683,137
2053684,22
2053708,23
2053729,23
2053776,20
2053789,26
2053817,32
2053824,55
2053869,44
2053911,75
2053926,35
2053976,31
2054010,20
2054019,59
2054038,358
2054077,52
2054099,27
2054144,25
2054173,23
2054185,68
2054189,178
2054191,35
2054198,30
2054236,22
2054237,45
2054253,188
2054255,39
2054278,29
2054331,34
2054345,31
2054376,51
2054389,26
2054399,233
2054412,22
2054423,35
2054426,55
2054428,26
2054440,35
2054442,20
2054444,99
2054454,80
2054489,199
2054493,57
2054549,47
2054622,21
2054654,20
2054686,32
2054700,128
2054717,71
2054744,40
2054758,23
2054770,35
2054780,25
2054786,165
2054788,31
2054792,55
2054805,45
2054809,169
2054812,23
2054858,22
2054877,66
2054891,22
2054906,218
2054909,27
2054913,28
2054914,24
2054921,20
2054932,45
2054947,402
2054960,136
2054986,23
2055005,272
2055043,94
2055058,87
2055103,36
2055112,136
2055116,24
2055132,20
2055149,27
2055157,21
2055169,43
2055174,36
2055235,31
2055253,24
2055266,53
2055279,20
2055281,59
2055289,20
2055305,30
2055307,45
2055310,103
2055314,25
2055317,23
2055319,56
2055326,20
2055355,54
2055387,151
2055398,50
2055423,22
2055436,40
2055441,151
2055451,20
2055580,31
2055596,23
2055606,21
2055627,353
2055646,27
2055649,26
2055808,69
2055817,29
2055878,34
2055879,33
2055889,20
2055915,61
2055929,51
2055953,24
2055965,49
2055981,23
2056012,41
2056021,34
2056023,26
2056032,24
2056092,24
2056096,62
2056141,111
2056156,20
2056164,21
2056173,79
2056190,29
2056218,36
2056252,96
2056293,34
2056316,40
2056344,22
2056354,185
2056365,30
2056390,119
2056396,51
2056405,57
2056416,43
2056440,20
2056452,88
2056468,290
2056544,25
2056595,71
2056604,38
2056609,222
2056610,47
2056616,21
2056624,21
2056670,104
2056679,52
2056792,52
2056818,24
2056819,119
2056833,46
2056847,43
2056857,83
2056887,92
2056897,202
2056905,29
2056907,66
2056922,157
2056945,28
2056989,111
2057001,26
2057020,20
2057051,201
2057061,20
2057082,96
2057098,26
2057099,41
2057130,26
2057195,106
2057196,22
2057267,87
2057325,51
2057335,38
2057351,268
2057409,24
2057410,44
2057454,57
2057481,180
2057507,31
2057524,33
2057526,25
2057567,36
2057617,31
2057623,23
2057654,21
2057672,24
2057711,30
2057730,30
2057734,44
2057742,20
2057755,89
2057823,40
2057861,23
2057871,21
2057900,24
2057943,20
2057949,27
2057991,21
2058019,20
2058020,125
2058079,22
2058082,417
2058114,331
2058171,50
2058237,26
2058239,33
2058265,29
2058292,94
2058379,24
2058404,328
2058436,24
2058471,64
2058534,59
2058554,21
2058556,28
2058571,78
2058598,20
2058615,40
2058625,50
2058626,44
2058662,20
2058665,26
2058686,26
2058742,120
2058743,22
2058768,35
2058771,20
2058772,61
2058878,20
2058958,69
2058977,22
2058994,28
2059006,55
2059009,21
2059022,50
2059058,44
2059068,56
2059088,218
2059089,24
2059092,24
2059145,39
2059153,27
2059193,38
2059223,82
2059233,42
2059234,22
2059261,24
2059296,33
2059321,24
2059382,56
2059383,20
2059430,40
2059437,29
2059439,292
2059513,56
2059530,61
2059545,21
2059558,20
2059588,23
2059622,20
2059666,32
2059676,41
2059713,31
2059763,41
2059785,152
2059810,35
2059826,22
2059871,33
2059946,154
2059953,31
2059983,64
2059985,34
2059987,55
2059999,25
2060013,66
2060014,87
2060024,22
2060025,21
2060026,49
2060027,28
2060109,38
2060154,23
2060175,34
2060187,30
2060225,24
2060234,44
2060237,138
2060264,57
2060289,21
2060300,56
2060331,49
2060395,36
2060396,26
2060576,27
2060650,28
2060653,32
2060656,85
2060665,102
2060749,37
2060770,47
2060776,20
2060829,20
2060838,56
2060872,22
2060878,27
2060955,245
2060970,32
2060990,20
2061020,23
2061047,35
2061062,30
2061091,32
2061104,43
2061107,85
2061173,26
2061189,41
2061193,125
2061282,51
2061292,124
2061301,30
2061326,40
2061349,21
2061361,48
2061371,54
2061420,30
2061430,24
2061440,36
2061443,20
2061451,20
2061458,32
2061463,39
2061510,22
2061558,36
2061559,47
2061563,42
2061569,20
2061680,41
2061691,53
2061709,81
2061710,27
2061742,124
2061761,38
2061802,24
2061803,21
2061808,27
2061841,258
2061842,20
2061880,31
2061900,22
2061904,47
2061909,37
2061911,29
2061927,58
2061934,21
2061961,260
2061998,49
2061999,66
2062006,26
2062016,31
2062020,60
2062034,103
2062041,33
2062052,30
2062055,54
2062076,19
2062087,20
2062115,52
2062142,43
2062196,20
2062225,81
2062281,28
2062293,27
2062305,24
2062312,65
2062329,36
2062373,54
2062390,50
2062401,58
2062416,29
2062441,28
2062448,27
2062502,21
2062568,137
2062569,121
2062599,19
2062600,22
2062611,24
2062619,48
2062660,58
2062711,20
2062728,151
2062781,193
2062832,21
2062863,24
2062865,52
2062882,36
2062919,81
2063093,34
2063125,25
2063145,25
2063146,34
2063149,23
2063167,33
2063172,39
2063185,30
2063203,43
2063236,59
2063245,23
2063266,182
2063282,25
2063286,124
2063388,21
2063408,37
2063433,24
2063451,36
2063564,25
2063571,68
2063595,178
2063613,137
2063636,96
2063668,20
2063733,41
2063743,42
2063756,28
2063792,23
2063793,160
2063803,27
2063820,27
2063825,30
2063882,23
2063916,21
2063919,23
2063920,52
2063923,36
2063930,94
2063965,159
2063979,20
2064017,30
2064036,22
2064068,27
2064098,29
2064139,71
2064140,27
2064152,29
2064167,38
2064175,104
2064194,231
2064249,24
2064279,20
2064309,32
2064343,20
2064362,53
2064383,20
2064384,46
2064427,31
2064437,25
2064447,23
2064450,32
2064455,24
2064481,26
2064492,59
2064493,171
2064544,23
2064555,32
2064563,169
2064595,24
2064605,46
2064709,42
2064732,34
2064760,287
2064774,28
2064825,41
2064838,36
2064865,87
2064882,50
2064892,24
2064894,41
2064895,246
2064958,27
2064972,39
2064977,88
2064982,24
2065014,20
2065027,19
2065058,24
2065065,22
2065095,41
2065176,42
2065182,62
2065187,55
2065193,27
2065223,22
2065247,20
2065279,381
2065287,38
2065303,29
2065322,21
2065361,25
2065363,31
2065386,20
2065404,176
2065412,22
2065441,27
2065454,101
2065493,27
2065498,61
2065516,51
2065533,69
2065559,20
2065561,46
2065565,22
2065566,130
2065605,91
2065627,29
2065694,70
2065730,142
2065793,25
2065812,23
2065818,39
2065876,36
2065903,31
2065910,72
2065915,214
2065921,50
2065931,57
2065954,88
2065955,100
2065960,278
2065965,24
2065966,26
2065984,40
2065992,28
2065993,29
2066009,41
2066024,24
2066057,20
2066058,30
2066090,32
2066120,20
2066164,55
2066199,30
2066208,22
2066213,97
2066222,32
2066232,23
2066268,163
2066306,31
2066330,52
2066339,41
2066343,71
2066350,32
2066356,267
2066428,21
2066491,19
2066576,104
2066582,30
2066591,76
2066600,125
2066647,174
2066654,24
2066685,26
2066722,20
2066750,20
2066818,58
2066849,23
2066857,64
2066941,70
2066965,45
2066972,121
2066981,92
2067002,59
2067011,25
2067012,66
2067019,23
2067068,22
2067112,125
2067113,24
2067119,197
2067137,127
2067141,21
2067142,35
2067158,30
2067177,32
2067188,244
2067191,26
2067192,27
2067208,35
2067230,41
2067251,83
2067267,30
2067313,20
2067333,85
2067402,248
2067410,110
2067449,28
2067456,36
2067479,29
2067496,24
2067520,31
2067538,152
2067601,39
2067614,26
2067631,206
2067640,25
2067647,86
2067692,21
2067731,42
2067732,32
2067733,182
2067735,28
2067763,20
2067767,113
2067813,24
2067818,27
2067853,75
2067869,49
2067891,36
2067976,277
2067991,20
2068024,30
2068031,20
2068137,188
2068154,35
2068158,45
2068163,59
2068171,34
2068206,20
2068227,22
2068267,22
2068275,43
2068298,38
2068339,45
2068366,54
2068386,22
2068432,99
2068436,41
2068461,76
2068473,21
2068474,51
2068505,45
2068534,62
2068553,128
2068599,178
2068601,86
2068628,20
2068643,28
2068649,36
2068664,79
2068709,32
2068711,35
2068734,39
2068736,118
2068758,26
2068769,49
2068790,21
2068819,31
2068896,20
2068917,28
2068961,156
2068963,41
2069013,23
2069050,24
2069069,27
2069076,29
2069082,64
2069083,80
2069090,35
2069098,28
2069114,25
2069115,42
2069124,80
2069144,39
2069165,23
2069190,52
2069200,25
2069211,79
2069213,30
2069224,56
2069252,33
2069353,20
2069393,27
2069414,32
2069471,154
2069476,56
2069486,306
2069487,24
2069501,58
2069507,23
2069516,42
2069519,104
2069537,75
2069543,37
2069583,20
2069589,74
2069616,227
2069624,24
2069630,49
2069642,24
2069678,28
2069713,78
2069739,58
2069743,289
2069751,25
2069778,34
2069795,24
2069800,61
2069805,311
2069850,53
2069877,39
2069926,23
2069927,24
2069967,20
2069990,29
2070004,32
2070008,99
2070013,25
2070015,21
2070031,34
2070044,44
2070058,149
2070070,20
2070157,56
2070205,33
2070334,27
2070357,236
2070358,40
2070428,23
2070468,35
2070513,42
2070518,34
2070560,33
2070561,35
2070598,23
2070599,39
2070608,30
2070612,52
2070649,20
2070658,35
2070740,32
2070751,37
2070776,21
2070801,37
2070804,20
2070844,43
2070897,64
2070908,30
2070922,113
2071035,35
2071036,33
2071038,29
2071124,43
2071189,44
2071194,485
2071199,66
2071214,42
2071233,79
2071275,38
2071294,42
2071298,27
2071307,23
2071308,44
2071387,23
2071408,80
2071411,39
2071481,35
2071498,22
2071502,23
2071581,31
2071601,27
2071620,40
2071633,148
2071643,458
2071711,47
2071769,26
2071786,154
2071820,52
2071888,79
2071917,62
2071944,58
2071950,52
2071956,97
2071986,279
2072042,32
2072060,22
2072069,20
2072075,21
2072076,20
2072092,59
2072098,24
2072134,89
2072135,93
2072150,124
2072181,32
2072195,55
2072197,47
2072199,22
2072219,144
2072311,40
2072346,88
2072374,100
2072375,181
2072451,88
2072474,27
2072528,65
2072543,56
2072553,77
2072594,48
2072630,101
2072633,22
2072678,302
2072683,26
2072685,23
2072745,55
2072798,23
2072808,105
2072822,104
2072833,54
2072840,198
2072867,22
2072921,29
2072922,59
2072925,26
2072936,31
2072944,38
2072975,50
2072991,22
2073013,20
2073053,97
2073075,25
2073076,26
2073108,38
2073143,20
2073206,36
2073209,151
2073249,53
2073268,244
2073280,22
2073355,24
2073361,69
2073381,22
2073383,29
2073386,26
2073387,29
2073435,21
2073448,67
2073462,166
2073509,21
2073561,133
2073562,31
2073665,21
2073682,28
2073684,29
2073736,23
2073747,30
2073749,45
2073761,28
2073831,25
2073834,79
2073835,35
2073843,46
2073861,113
2073930,89
2073933,65
2073938,36
2073953,52
2073984,175
2073989,197
2074098,165
2074099,34
2074107,31
2074116,31
2074119,23
2074122,40
2074144,25
2074150,42
2074193,25
2074199,308
2074255,20
2074288,155
2074316,67
2074342,93
2074352,33
2074391,49
2074408,86
2074496,21
2074498,20
2074537,45
2074544,28
2074578,303
2074587,30
2074603,46
2074612,26
2074642,28
2074649,25
2074652,90
2074675,70
2074724,35
2074725,47
2074759,57
2074777,58
2074810,41
2074905,42
2074961,35
2074962,42
2074972,20
2075021,47
2075031,69
2075048,43
2075064,81
2075121,148
2075122,166
2075138,76
2075148,19
2075157,50
2075230,22
2075260,26
2075263,30
2075264,36
2075341,27
2075342,22
2075382,373
2075420,32
2075452,44
2075520,20
2075530,20
2075547,28
2075553,20
2075564,46
2075574,52
2075587,26
2075604,72
2075627,20
2075661,56
2075681,26
2075739,172
2075744,35
2075773,68
2075790,76
2075804,32
2075830,22
2075901,40
2075915,28
2075921,27
2075927,33
2075940,29
2075947,41
2075958,22
2076006,55
2076056,27
2076111,131
2076143,22
2076149,65
2076151,56
2076179,84
2076184,36
2076186,198
2076195,33
2076250,22
2076276,57
2076299,33
2076312,29
2076337,141
2076349,43
2076353,50
2076356,20
2076386,78
2076434,190
2076449,19
2076464,27
2076481,129
2076541,510
2076549,35
2076576,120
2076626,23
2076657,22
2076731,41
2076782,26
2076783,38
2076792,25
2076800,20
2076829,77
2076830,85
2076831,20
2076878,70
2076885,21
2076897,181
2076925,27
2077031,22
2077084,30
2077114,32
2077149,34
2077163,37
2077234,102
2077241,38
2077296,25
2077313,41
2077318,21
2077351,83
2077353,116
2077419,30
2077448,151
2077449,44
2077450,20
2077458,34
2077461,44
2077467,27
2077473,36
2077477,40
2077481,36
2077501,66
2077511,129
2077551,44
2077558,34
2077566,36
2077582,29
2077601,300
2077609,23
2077622,52
2077629,109
2077641,174
2077708,60
2077713,24
2077735,296
2077742,61
2077743,41
2077744,25
2077745,40
2077748,28
2077785,39
2077789,61
2077805,30
2077810,28
2077815,35
2077829,23
2077879,22
2077884,39
2077887,41
2077911,72
2077932,97
2077973,21
2077974,31
2077998,41
2078040,105
2078067,21
2078139,28
2078165,94
2078187,69
2078198,48
2078221,21
2078248,32
2078258,23
2078266,40
2078268,38
2078269,27
2078297,43
2078303,21
2078304,44
2078313,52
2078328,21
2078339,21
2078346,112
2078348,56
2078374,69
2078403,43
2078425,89
2078435,156
2078454,20
2078569,23
2078618,395
2078680,48
2078687,42
2078718,61
2078757,29
2078775,48
2078803,163
2078834,49
2078885,56
2078897,28
2078924,19
2078935,45
2078938,30
2079028,33
2079068,36
2079111,39
2079135,28
2079136,22
2079137,22
2079172,21
2079200,67
2079208,86
2079297,27
2079335,43
2079437,52
2079478,34
2079479,53
2079480,37
2079494,25
2079517,42
2079524,41
2079595,29
2079627,65
2079634,43
2079655,27
2079716,30
2079781,25
2079801,22
2079812,21
2079824,25
2079879,101
2079956,21
2079973,58
2079992,39
2080052,54
2080059,21
2080112,42
2080132,25
2080135,52
2080215,74
2080243,23
2080246,29
2080256,108
2080268,27
2080270,30
2080276,71
2080279,46
2080330,41
2080337,54
2080354,228
2080372,45
2080373,26
2080386,73
2080389,44
2080394,24
2080406,49
2080422,28
2080441,128
2080460,37
2080463,33
2080482,225
2080486,116
2080505,20
2080521,57
2080530,46
2080536,31
2080624,88
2080628,148
2080660,24
2080666,21
2080680,21
2080696,43
2080708,76
2080739,25
2080851,23
2080898,36
2081011,21
2081022,21
2081027,25
2081055,29
2081080,46
2081082,22
2081084,38
2081088,23
2081091,48
2081102,20
2081108,29
2081148,55
2081175,84
2081190,56
2081229,63
2081233,32
2081253,42
2081305,20
2081307,48
2081308,33
2081318,101
2081344,32
2081443,23
2081445,28
2081477,149
2081492,26
2081586,337
2081588,133
2081592,31
2081632,156
2081652,24
2081656,215
2081671,20
2081686,21
2081688,26
2081719,86
2081753,58
2081802,23
2081830,24
2081831,24
2081847,27
2081872,42
2081885,24
2081895,26
2081923,105
2081985,25
2082031,31
2082090,22
2082095,83
2082097,20
2082100,38
2082111,25
2082144,49
2082157,29
2082158,32
2082159,69
2082166,36
2082196,29
2082197,33
2082203,19
2082243,23
2082249,39
2082297,27
2082299,51
2082322,27
2082344,86
2082357,21
2082376,39
2082384,127
2082398,44
2082406,127
2082407,27
2082441,56
2082464,21
2082467,319
2082530,36
2082537,409
2082553,39
2082572,20
2082597,22
2082623,162
2082660,28
2082737,23
2082770,20
2082771,21
2082779,108
2082815,20
2082819,36
2082863,107
2082875,62
2082880,104
2082912,31
2082938,59
2083002,22
2083021,78
2083059,32
2083066,24
2083075,67
2083080,34
2083158,47
2083171,20
2083208,23
2083213,245
2083247,40
2083292,20
2083313,20
2083369,30
2083373,68
2083410,33
2083440,60
2083454,34
2083455,77
2083494,83
2083502,22
2083504,29
2083510,35
2083511,25
2083521,37
2083546,50
2083613,38
2083618,24
2083651,74
2083663,30
2083719,47
2083756,246
2083811,36
2083822,24
2083830,30
2083872,23
2083876,40
2083889,280
2083891,23
2083896,56
2083939,39
2083941,74
2083946,25
2084021,43
2084041,154
2084062,32
2084090,76
2084091,37
2084118,63
2084154,101
2084164,108
2084165,57
2084177,133
2084192,35
2084216,77
2084240,21
2084241,38
2084249,343
2084283,95
2084299,20
2084303,53
2084324,24
2084345,81
2084348,22
2084372,40
2084381,45
2084389,23
2084430,29
2084466,38
2084491,23
2084497,30
2084499,75
2084543,27
2084551,48
2084562,21
2084567,46
2084587,86
2084599,129
2084618,83
2084620,30
2084628,74
2084634,80
2084656,149
2084673,26
2084683,69
2084690,26
2084733,30
2084764,33
2084767,19
2084797,332
2084806,46
2084833,26
2084859,23
2084951,23
2084985,141
2084988,168
2085032,30
2085080,90
2085081,29
2085088,24
2085096,117
2085098,63
2085149,61
2085155,23
2085164,57
2085179,179
2085191,40
2085194,27
2085200,26
2085207,25
2085226,175
2085240,20
2085241,46
2085254,66
2085288,25
2085292,46
2085297,43
2085303,22
2085308,24
2085396,24
2085428,23
2085469,55
2085482,23
2085498,171
2085511,24
2085522,50
2085581,26
2085598,215
2085602,42
2085608,45
2085609,22
2085651,53
2085664,27
2085669,50
2085677,24
2085731,33
2085767,24
2085774,57
2085819,22
2085885,32
2085899,66
2085900,58
2085903,62
2085923,65
2085926,20
2085929,27
2085938,40
2085940,45
2085947,78
2085949,23
2085964,238
2086001,22
2086041,32
2086066,20
2086083,42
2086195,29
2086206,29
2086237,20
2086243,27
2086257,32
2086275,96
2086311,114
2086349,22
2086357,146
2086374,45
2086430,28
2086489,60
2086498,32
2086515,29
2086549,81
2086564,51
2086599,46
2086665,28
2086679,22
2086738,52
2086747,42
2086760,37
2086761,104
2086772,24
2086845,28
2086871,30
2086904,34
2086936,30
2086986,22
2086998,45
2086999,28
2087012,55
2087032,37
2087038,51
2087063,20
2087094,22
2087131,36
2087145,21
2087191,24
2087222,34
2087224,24
2087296,44
2087303,51
2087308,27
2087313,39
2087315,33
2087375,22
2087379,168
2087444,32
2087461,25
2087485,128
2087490,29
2087511,33
2087520,23
2087534,39
2087558,75
2087562,49
2087590,46
2087591,25
2087599,29
2087671,47
2087688,323
2087744,25
2087781,63
2087783,342
2087808,72
2087827,47
2087852,20
2087853,407
2087951,36
2087952,41
2087972,99
2087974,56
2088010,22
2088015,28
2088028,79
2088050,126
2088053,20
2088109,47
2088119,22
2088175,58
2088224,27
2088225,24
2088276,72
2088341,21
2088374,100
2088418,32
2088441,52
2088456,34
2088514,27
2088518,50
2088520,188
2088530,20
2088557,29
2088578,32
2088603,42
2088604,29
2088622,49
2088652,21
2088710,33
2088727,44
2088757,23
2088758,95
2088773,27
2088789,22
2088804,51
2088805,31
2088806,23
2088875,65
2088887,40
2088896,137
2088980,20
2089001,94
2089008,22
2089017,20
2089023,21
2089037,24
2089048,26
2089096,26
2089125,86
2089168,122
2089175,72
2089207,85
2089251,36
2089255,36
2089262,36
2089287,178
2089290,35
2089304,33
2089317,52
2089362,187
2089392,55
2089466,72
2089467,44
2089471,32
2089472,37
2089491,84
2089501,33
2089527,138
2089546,79
2089550,39
2089584,21
2089589,85
2089590,138
2089601,20
2089614,56
2089644,91
2089645,86
2089701,20
2089712,416
2089743,25
2089816,27
2089820,20
2089821,25
2089877,80
2089938,31
2089945,21
2089952,37
2089959,54
2089960,21
2089973,27
2090010,162
2090026,24
2090069,21
2090096,39
2090114,22
2090158,84
2090162,55
2090195,67
2090203,34
2090239,35
2090250,80
2090253,87
2090288,130
2090321,27
2090363,48
2090384,22
2090419,54
2090425,35
2090440,19
2090524,20
2090525,69
2090536,23
2090541,26
2090555,19
2090589,29
2090593,94
2090618,23
2090670,26
2090681,34
2090714,43
2090763,28
2090768,23
2090788,33
2090836,157
2090858,30
2090877,54
2091003,35
2091004,113
2091035,22
2091060,80
2091074,27
2091081,32
2091082,33
2091116,104
2091130,30
2091137,35
2091188,26
2091192,38
2091224,44
2091228,24
2091233,187
2091253,24
2091308,21
2091331,67
2091375,45
2091393,61
2091411,22
2091413,140
2091481,100
2091511,33
2091520,28
2091526,38
2091560,23
2091573,20
2091591,27
2091602,69
2091604,21
2091686,21
2091689,46
2091691,28
2091692,106
2091700,57
2091702,44
2091709,83
2091727,233
2091736,64
2091784,84
2091789,90
2091803,31
2091805,20
2091830,20
2091839,34
2091857,47
2091860,49
2091862,154
2091900,390
2091907,20
2091967,34
2092063,372
2092068,27
2092110,22
2092133,30
2092193,199
2092196,31
2092216,116
2092232,60
2092252,44
2092289,22
2092297,23
2092318,23
2092325,25
2092330,29
2092333,27
2092334,25
2092366,242
2092367,70
2092374,21
2092375,43
2092389,59
2092393,39
2092413,30
2092478,45
2092488,66
2092509,89
2092521,29
2092671,71
2092677,36
2092681,135
2092689,53
2092731,24
2092789,35
2092834,29
2092842,36
2092869,67
2092875,46
2092916,20
2092947,58
2092951,20
2092972,47
2092974,23
2092988,31
2092992,33
2092995,24
2093009,93
2093016,91
2093074,37
2093087,24
2093212,91
2093220,28
2093237,20
2093241,56
2093246,23
2093285,124
2093309,22
2093423,27
2093446,38
2093454,24
2093482,54
2093500,70
2093560,28
2093581,48
2093595,37
2093598,221
2093673,56
2093696,26
2093701,23
2093732,36
2093769,162
2093789,28
2093802,67
2093816,21
2093842,21
2093867,55
2093878,20
2093918,78
2094011,20
2094012,46
2094027,25
2094056,107
2094067,30
2094083,25
2094139,24
2094144,24
2094185,110
2094191,28
2094219,21
2094263,43
2094273,27
2094292,54
2094329,32
2094373,20
2094396,42
2094429,234
2094545,26
2094559,24
2094579,55
2094625,52
2094637,41
2094684,22
2094709,32
2094777,83
2094787,33
2094795,114
2094799,55
2094800,26
2094826,26
2094827,31
2094835,26
2094843,133
2094869,32
2094876,35
2094911,22
2094953,46
2094961,20
2094977,32
2095055,22
2095072,40
2095097,20
2095105,20
2095137,122
2095171,20
2095174,318
2095241,25
2095245,24
2095260,208
2095261,25
2095281,107
2095360,48
2095379,44
2095450,30
2095476,53
2095510,25
2095569,26
2095610,43
2095630,126
2095656,26
2095661,32
2095679,38
2095680,272
2095682,21
2095724,20
2095772,26
2095792,35
2095807,60
2095812,29
2095824,28
2095844,32
2095852,77
2095885,25
2095912,95
2095913,39
2095917,23
2095927,89
2095944,52
2095994,23
2096013,66
2096014,28
2096034,54
2096062,20
2096078,27
2096127,106
2096195,21
2096218,68
2096262,69
2096273,51
2096275,28
2096276,32
2096277,20
2096279,23
2096356,20
2096364,99
2096423,33
2096429,20
2096478,73
2096499,37
2096503,26
2096510,67
2096534,21
2096539,36
2096555,48
2096562,53
2096567,33
2096568,27
2096575,83
2096576,167
2096585,102
2096592,42
2096643,36
2096715,31
2096777,36
2096778,25
2096790,19
2096791,24
2096819,27
2096823,80
2096894,20
2096898,40
2096916,46
2096995,507
2097006,48
2097072,22
2097074,22
2097114,34
2097147,38
2097162,443
2097163,283
2097171,119
2097192,26
2097210,24
2097212,239
2097225,23
2097251,27
2097281,25
2097323,81
2097331,21
2097349,27
2097352,52
2097368,20
2097397,60
2097428,30
2097435,20
2097483,25
2097501,133
2097502,43
2097514,22
2097565,19
2097580,92
2097586,108
2097589,41
2097630,27
2097658,27
2097668,24
2097707,88
2097733,58
2097800,28
2097805,25
2097834,58
2097836,21
2097845,367
2097855,38
2097867,76
2097891,38
2097901,44
2097903,34
2097914,20
2097964,141
2097969,23
2097995,38
2098045,97
2098051,23
2098059,295
2098077,22
2098117,40
2098121,28
2098124,29
2098182,41
2098205,59
2098213,37
2098223,100
2098259,66
2098263,33
2098265,55
2098309,65
2098313,101
2098314,30
2098317,90
2098328,329
2098329,152
2098353,48
2098369,47
2098395,49
2098414,50
2098422,23
2098452,32
2098470,59
2098527,103
2098556,20
2098643,30
2098681,55
2098715,21
2098716,52
2098719,21
2098738,25
2098746,56
2098747,23
2098791,23
2098841,113
2098842,38
2098874,22
2098929,28
2098940,20
2098943,51
2098952,34
2098977,21
2099030,21
2099032,26
2099034,47
2099061,36
2099079,39
2099095,65
2099168,29
2099189,23
2099191,40
2099192,42
2099323,58
2099338,33
2099346,28
2099349,87
2099373,27
2099381,213
2099382,64
2099397,20
2099492,28
2099495,44
2099527,42
2099554,39
2099570,69
2099598,22
2099605,28
2099645,37
2099665,120
2099714,27
2099727,52
2099729,22
2099816,21
2099876,20
2099928,51
2099936,131
2099951,64
2099983,99
2099992,23
2100029,22
2100043,49
2100058,23
2100063,45
2100094,45
2100099,26
2100106,21
2100159,26
2100167,68
2100205,27
2100230,26
2100253,41
2100260,27
2100261,59
2100287,26
2100400,29
2100521,72
2100551,53
2100570,94
2100577,74
2100578,52
2100585,49
2100612,146
2100633,37
2100644,20
2100645,358
2100670,20
2100731,20
2100745,30
2100792,73
2100811,24
2100880,27
2100892,21
2100893,22
2100903,61
2100909,20
2100917,31
2100921,184
2100945,29
2100978,24
2101016,24
2101021,23
2101025,102
2101030,276
2101096,20
2101107,41
2101151,60
2101209,32
2101247,25
2101257,28
2101266,160
2101377,39
2101379,30
2101412,28
2101429,111
2101436,276
2101450,22
2101463,43
2101466,337
2101497,21
2101513,30
2101516,21
2101549,37
2101568,32
2101677,20
2101686,33
2101695,25
2101742,22
2101743,24
2101776,59
2101790,20
2101824,23
2101913,30
2101923,430
2101925,38
2101929,118
2101933,36
2101960,25
2101971,38
2101988,20
2102016,184
2102019,88
2102022,24
2102023,37
2102043,44
2102053,47
2102096,21
2102135,21
2102153,45
2102177,21
2102296,30
2102303,19
2102318,25
2102344,146
2102348,43
2102438,321
2102439,77
2102453,112
2102454,254
2102469,21
2102479,23
2102495,24
2102500,68
2102516,30
2102559,69
2102560,49
2102618,25
2102625,42
2102670,21
2102734,27
2102779,52
2102789,26
2102887,90
2102906,66
2102919,47
2102933,38
2102997,20
2103010,155
2103012,20
2103086,40
2103185,340
2103221,45
2103230,38
2103232,21
2103274,40
2103286,391
2103289,113
2103332,28
2103333,46
2103335,60
2103362,149
2103409,26
2103432,26
2103433,50
2103519,22
2103521,23
2103590,189
2103776,57
2103785,174
2103812,80
2103910,32
2103925,31
2103967,308
2103989,35
2104021,48
2104022,25
2104067,22
2104080,33
2104085,27
2104124,22
2104180,67
2104224,37
2104227,166
2104258,19
2104262,36
2104263,26
2104278,69
2104291,20
2104313,236
2104335,119
2104336,31
2104339,21
2104404,52
2104454,19
2104471,39
2104496,102
2104497,34
2104544,20
2104604,47
2104638,39
2104642,145
2104683,44
2104686,79
2104693,35
2104697,20
2104756,97
2104765,48
2104794,25
2104811,23
2104812,51
2104814,48
2104955,30
2104987,28
2105023,20
2105051,338
2105053,110
2105080,290
2105088,193
2105089,21
2105107,22
2105121,27
2105122,80
2105125,143
2105133,33
2105202,28
2105254,44
2105267,142
2105274,34
2105323,238
2105329,23
2105341,26
2105374,49
2105380,26
2105388,53
2105414,25
2105417,341
2105436,36
2105449,37
2105451,32
2105482,77
2105494,24
2105524,36
2105574,209
2105631,54
2105679,20
2105686,32
2105696,35
2105753,25
2105754,40
2105769,22
2105770,253
2105774,138
2105791,29
2105796,27
2105819,21
2105820,67
2105897,23
2105915,36
2105955,59
2105960,20
2105983,24
2105999,33
2106038,20
2106053,31
2106056,82
2106075,30
2106088,28
2106119,73
2106136,486
2106170,47
2106183,29
2106229,40
2106235,29
2106259,24
2106266,33
2106275,141
2106307,20
2106448,67
2106458,21
2106459,38
2106467,33
2106485,23
2106489,396
2106492,121
2106528,96
2106565,76
2106602,28
2106626,28
2106639,32
2106664,23
2106670,72
2106679,32
2106711,39
2106814,30
2106836,22
2106846,59
2106853,21
2106885,27
2106907,24
2106929,56
2106955,22
2107044,76
2107048,117
2107059,30
2107102,146
2107149,26
2107150,56
2107155,51
2107230,30
2107305,30
2107405,27
2107450,28
2107452,38
2107476,22
2107511,43
2107532,20
2107533,34
2107536,24
2107560,25
2107603,19
2107634,34
2107635,20
2107714,32
2107721,40
2107725,43
2107727,38
2107779,72
2107781,71
2107790,198
2107795,146
2107823,31
2107824,28
2107826,21
2107856,21
2107885,143
2107908,84
2107962,55
2107994,35
2108000,100
2108096,136
2108120,48
2108164,49
2108190,83
2108192,126
2108214,20
2108215,24
2108274,20
2108292,43
2108293,24
2108301,22
2108368,53
2108386,57
2108403,21
2108417,31
2108430,145
2108436,22
2108452,53
2108526,182
2108527,22
2108618,61
2108632,29
2108635,21
2108674,78
2108681,33
2108714,264
2108715,22
2108716,21
2108718,23
2108730,21
2108734,22
2108754,147
2108771,72
2108781,69
2108803,26
2108833,102
2108842,24
2108858,29
2108885,43
2108900,169
2108901,24
2108902,144
2108927,40
2108929,31
2108970,78
2108980,36
2109015,35
2109082,27
2109099,243
2109206,23
2109207,29
2109259,38
2109279,164
2109288,40
2109399,62
2109400,84
2109405,21
2109417,53
2109424,56
2109427,23
2109446,215
2109482,21
2109491,61
2109494,27
2109537,33
2109538,24
2109539,63
2109541,77
2109605,21
2109606,52
2109610,80
2109619,20
2109652,59
2109662,91
2109685,163
2109735,55
2109742,34
2109777,25
2109789,22
2109824,99
2109835,60
2109851,28
2109863,163
2109874,21
2109897,84
2109900,207
2109911,46
2109937,135
2109968,53
2109978,25
2109992,43
2109994,44
2110006,28
2110010,37
2110019,40
2110029,32
2110047,21
2110058,104
2110120,50
2110156,214
2110210,45
2110220,21
2110230,24
2110241,25
2110296,23
2110303,37
2110304,39
2110309,38
2110315,34
2110322,42
2110329,56
2110358,20
2110440,19
2110459,41
2110460,31
2110498,23
2110527,34
2110562,22
2110567,23
2110607,36
2110613,20
2110626,23
2110641,20
2110653,25
2110676,123
2110684,35
2110760,113
2110789,31
2110824,36
2110846,36
2110883,25
2110896,21
2110924,456
2110925,21
2110946,61
2111014,37
2111017,72
2111029,31
2111046,110
2111119,23
2111124,79
2111138,49
2111143,20
2111181,24
2111216,21
2111233,22
2111249,24
2111280,67
2111344,25
2111375,43
2111391,22
2111421,23
2111445,23
2111461,25
2111467,41
2111479,23
2111480,81
2111564,50
2111568,49
2111599,22
2111614,42
2111618,24
2111622,41
2111625,39
2111626,425
2111627,23
2111689,127
2111736,21
2111741,76
2111757,52
2111767,70
2111817,31
2111827,40
2111828,63
2111898,24
2111910,24
2111939,25
2111941,31
2111944,32
2111949,20
2111991,56
2111998,214
2112009,82
2112066,72
2112104,26
2112166,23
2112191,20
2112200,23
2112241,33
2112268,44
2112273,31
2112291,23
2112336,30
2112443,29
2112447,25
2112531,60
2112538,69
2112587,26
2112633,44
2112642,36
2112748,82
2112793,21
2112798,26
2112802,288
2112813,29
2112826,159
2112855,122
2112868,56
2112871,405
2112898,59
2112899,62
2112924,27
2112963,180
2112972,71
2112980,40
2113001,36
2113002,32
2113012,64
2113014,129
2113045,30
2113101,60
2113106,20
2113117,41
2113161,24
2113173,67
2113176,21
2113184,74
2113239,24
2113254,33
2113263,40
2113302,24
2113307,34
2113342,56
2113349,47
2113449,46
2113453,374
2113460,131
2113480,416
2113498,20
2113507,19
2113526,118
2113536,55
2113561,196
2113588,24
2113613,25
2113677,30
2113712,23
2113739,37
2113801,33
2113802,65
2113841,29
2113870,25
2113877,22
2113929,29
2113944,72
2113945,147
2113951,42
2113969,32
2113972,67
2114011,41
2114036,28
2114098,29
2114129,21
2114159,183
2114170,32
2114179,32
2114189,50
2114190,52
2114206,26
2114252,105
2114257,32
2114331,21
2114337,39
2114352,48
2114365,49
2114399,23
2114401,40
2114404,20
2114405,29
2114427,34
2114451,21
2114452,23
2114465,30
2114501,72
2114514,109
2114577,104
2114595,129
2114610,66
2114614,25
2114630,31
2114640,22
2114731,37
2114737,27
2114779,51
2114797,34
2114818,20
2114857,27
2114863,62
2114873,71
2114880,33
2114885,23
2114923,56
2114966,69
2114970,84
2115019,46
2115035,424
2115084,43
2115118,93
2115157,50
2115183,20
2115186,26
2115193,21
2115195,26
2115241,22
2115253,39
2115263,21
2115372,145
2115409,34
2115416,48
2115446,23
2115447,151
2115467,32
2115483,45
2115487,48
2115488,28
2115590,51
2115593,42
2115602,22
2115618,162
2115624,31
2115630,26
2115692,83
2115742,43
2115772,21
2115788,33
2115790,214
2115847,176
2115865,45
2115896,145
2115898,32
2115962,26
2116005,25
2116023,92
2116068,37
2116084,24
2116151,25
2116180,21
2116195,44
2116203,157
2116215,21
2116218,292
2116219,19
2116228,22
2116237,25
2116245,248
2116285,25
2116333,25
2116343,21
2116372,44
2116415,58
2116426,145
2116451,69
2116473,27
2116492,30
2116509,25
2116522,43
2116545,95
2116593,84
2116642,28
2116664,106
2116701,63
2116784,24
2116806,192
2116818,82
2116869,38
2116870,31
2116876,57
2116938,77
2116945,117
2117143,22
2117151,22
2117154,24
2117166,65
2117167,20
2117171,26
2117200,20
2117272,24
2117285,24
2117290,174
2117291,29
2117302,24
2117309,19
2117327,30
2117330,39
2117331,26
2117360,130
2117362,20
2117378,27
2117398,38
2117409,75
2117498,205
2117518,41
2117522,44
2117538,43
2117548,79
2117561,208
2117601,58
2117604,30
2117651,200
2117692,28
2117699,19
2117709,29
2117716,366
2117733,118
2117776,21
2117781,30
2117786,34
2117795,27
2117802,144
2117825,111
2117831,39
2117844,31
2117862,24
2117871,56
2117893,227
2117927,35
2117935,140
2117937,30
2117976,84
2118036,59
2118167,47
2118238,297
2118245,23
2118282,92
2118298,24
2118316,22
2118328,27
2118331,43
2118334,157
2118366,35
2118466,201
2118469,20
2118495,121
2118497,50
2118512,85
2118565,244
2118568,42
2118572,70
2118574,37
2118588,31
2118599,27
2118615,64
2118686,20
2118714,33
2118727,56
2118765,30
2118773,481
2118818,21
2118847,27
2118860,32
2118865,43
2118878,33
2118911,24
2118938,20
2118942,35
2118980,29
2119011,26
2119016,107
2119022,33
2119032,33
2119048,20
2119075,29
2119078,36
2119087,30
2119095,26
2119134,22
2119135,20
2119194,44
2119217,20
2119230,27
2119243,27
2119246,30
2119249,22
2119250,25
2119270,127
2119272,20
2119311,87
2119437,39
2119533,24
2119570,21
2119604,23
2119610,37
2119623,27
2119628,381
2119664,70
2119679,24
2119700,22
2119715,25
2119720,32
2119728,60
2119777,32
2119781,35
2119787,36
2119792,119
2119820,34
2119848,45
2119857,96
2119869,29
2119891,55
2119934,66
2119981,30
2120008,28
2120016,83
2120035,78
2120042,30
2120052,45
2120087,172
2120142,28
2120157,43
2120226,73
2120294,49
2120307,72
2120322,183
2120333,31
2120345,71
2120348,30
2120367,29
2120393,100
2120418,116
2120429,20
2120448,246
2120451,27
2120505,61
2120519,153
2120526,48
2120527,29
2120568,78
2120612,159
2120614,21
2120619,28
2120673,212
2120676,36
2120696,20
2120701,270
2120709,99
2120812,37
2120871,47
2120873,123
2120884,72
2120891,21
2120905,30
2120915,88
2120930,140
2120940,41
2120994,42
2121055,33
2121065,43
2121077,32
2121088,162
2121092,54
2121111,20
2121131,29
2121149,127
2121190,23
2121199,58
2121217,40
2121298,35
2121342,42
2121355,27
2121392,46
2121393,32
2121426,42
2121459,70
2121510,26
2121530,25
2121574,488
2121598,80
2121619,27
2121625,59
2121696,149
2121706,22
2121750,28
2121764,85
2121786,27
2121807,21
2121816,40
2121826,29
2121836,26
2121861,29
2121874,28
2121880,21
2121894,83
2121900,33
2121935,40
2121962,24
2122007,25
2122052,33
2122060,35
2122081,176
2122104,272
2122144,124
2122154,172
2122165,108
2122177,26
2122179,68
2122185,159
2122186,304
2122217,38
2122231,25
2122232,64
2122234,44
2122276,43
2122367,30
2122374,30
2122428,116
2122532,31
2122561,23
2122581,57
2122583,45
2122596,28
2122617,22
2122622,20
2122637,55
2122685,19
2122730,36
2122745,21
2122748,29
2122753,20
2122791,20
2122800,40
2122815,48
2122828,32
2122829,24
2122849,40
2122880,30
2122894,24
2122919,74
2122930,30
2122941,43
2122958,31
2122980,21
2123078,20
2123129,21
2123142,26
2123202,78
2123206,68
2123249,54
2123250,75
2123291,20
2123314,133
2123319,47
2123326,21
2123371,242
2123392,44
2123399,137
2123441,21
2123443,38
2123465,25
2123531,41
2123545,43
2123546,59
2123548,39
2123596,22
2123604,25
2123613,37
2123626,41
2123637,21
2123644,53
2123658,32
2123686,29
2123723,136
2123724,67
2123763,277
2123786,53
2123809,40
2123830,30
2123846,83
2123874,45
2123881,136
2123892,51
2123897,31
2123932,22
2123937,42
2123949,30
2123999,155
2124005,26
2124017,71
2124028,60
2124053,33
2124126,28
2124154,154
2124157,19
2124172,47
2124173,27
2124174,105
2124188,47
2124218,251
2124244,21
2124260,22
2124309,25
2124314,71
2124348,22
2124349,37
2124371,68
2124425,56
2124446,118
2124462,39
2124496,26
2124516,20
2124536,279
2124562,64
2124596,38
2124678,21
2124685,23
2124687,36
2124689,48
2124690,73
2124710,281
2124714,42
2124732,24
2124747,100
2124771,29
2124787,64
2124800,90
2124809,26
2124817,89
2124830,35
2124855,83
2124909,26
2124911,32
2124948,48
2124967,30
2125024,50
2125033,93
2125037,28
2125039,454
2125055,325
2125077,39
2125109,27
2125131,45
2125143,49
2125183,23
2125206,27
2125209,29
2125254,52
2125275,31
2125297,26
2125298,151
2125300,27
2125345,32
2125385,36
2125397,43
2125455,154
2125481,26
2125491,26
2125511,61
2125542,138
2125563,95
2125571,44
2125572,27
2125584,25
2125596,40
2125603,354
2125628,91
2125632,23
2125678,455
2125784,29
2125794,21
2125807,24
2125815,124
2125825,54
2125876,25
2125910,21
2125914,22
2125940,57
2125969,45
2126024,90
2126027,154
2126118,40
2126132,33
2126195,25
2126196,39
2126206,34
2126214,36
2126244,47
2126272,42
2126284,24
2126296,38
2126297,31
2126328,32
2126362,33
2126410,24
2126449,223
2126519,39
2126575,21
2126587,25
2126589,31
2126633,38
2126649,22
2126673,28
2126685,30
2126693,320
2126710,137
2126808,47
2126830,35
2126860,22
2126874,70
2126877,170
2126906,24
2126907,21
2126970,42
2126984,208
2126988,22
2126990,21
2126991,31
2127004,171
2127007,41
2127064,109
2127072,78
2127085,30
2127093,31
2127156,230
2127221,65
2127239,282
2127270,31
2127331,122
2127335,23
2127417,124
2127422,34
2127432,22
2127434,47
2127465,31
2127482,21
2127547,102
2127565,112
2127567,304
2127598,23
2127749,29
2127803,72
2127804,26
2127918,75
2127928,20
2127948,26
2127966,36
2128008,23
2128015,25
2128057,23
2128071,33
2128072,71
2128094,85
2128111,20
2128156,24
2128158,57
2128175,61
2128218,30
2128284,115
2128285,61
2128294,33
2128301,33
2128320,41
2128340,22
2128343,32
2128351,20
2128369,32
2128387,172
2128438,176
2128517,58
2128555,26
2128559,35
2128587,68
2128610,32
2128618,287
2128619,47
2128624,37
2128631,54
2128635,200
2128712,21
2128716,80
2128722,42
2128748,25
2128755,22
2128777,34
2128784,20
2128801,35
2128820,31
2128847,38
2128862,41
2128924,20
2128983,35
2128997,108
2129041,334
2129082,44
2129095,31
2129101,20
2129120,27
2129123,20
2129126,22
2129191,362
2129194,307
2129244,28
2129253,26
2129254,80
2129283,22
2129333,22
2129427,247
2129431,21
2129432,49
2129437,41
2129468,136
2129526,48
2129527,27
2129531,47
2129550,43
2129564,74
2129582,178
2129646,60
2129647,19
2129675,25
2129717,74
2129745,42
2129778,483
2129779,55
2129787,24
2129799,21
2129801,24
2129812,20
2129832,93
2129861,112
2129900,32
2129924,20
2129929,23
2129956,20
2129959,49
2129980,100
2129987,25
2130049,27
2130081,28
2130100,70
2130108,47
2130112,20
2130124,36
2130150,126
2130153,35
2130158,20
2130207,20
2130248,31
2130287,21
2130362,24
2130366,31
2130375,22
2130444,55
2130449,281
2130492,25
2130498,27
2130514,60
2130518,116
2130545,47
2130587,56
2130598,25
2130620,21
2130666,75
2130672,38
2130679,29
2130745,22
2130750,37
2130752,252
2130807,97
2130817,22
2130826,59
2130878,21
2130889,76
2130897,510
2130919,23
2130949,76
2130968,36
2130994,21
2130997,26
2131003,42
2131005,34
2131006,38
2131026,46
2131059,22
2131119,56
2131121,212
2131135,363
2131141,26
2131156,104
2131172,71
2131179,26
2131190,22
2131199,31
2131255,27
2131276,40
2131324,25
2131371,214
2131372,23
2131378,35
2131391,69
2131397,20
2131412,27
2131428,38
2131440,73
2131451,20
2131458,27
2131474,90
2131565,24
2131574,20
2131577,29
2131578,26
2131586,435
2131598,257
2131617,26
2131653,109
2131665,20
2131677,23
2131685,29
2131688,30
2131693,265
2131751,33
2131767,34
2131776,35
2131799,96
2131845,55
2131867,22
2131872,25
2131908,39
2131923,33
2131944,32
2131953,40
2131969,36
2131974,108
2131984,90
2132008,39
2132033,20
2132053,25
2132080,32
2132085,27
2132089,22
2132155,76
2132178,32
2132185,43
2132193,21
2132194,22
2132211,37
2132215,39
2132280,171
2132290,22
2132344,42
2132362,26
2132369,29
2132381,26
2132422,25
2132490,40
2132496,144
2132513,27
2132530,51
2132536,30
2132552,25
2132627,21
2132686,26
2132714,25
2132721,22
2132740,66
2132787,56
2132836,56
2132877,20
2132888,31
2132889,84
2132908,27
2132916,32
2132918,42
2132937,83
2132943,22
2132956,136
2133003,19
2133018,52
2133019,27
2133027,50
2133047,117
2133049,105
2133114,28
2133120,153
2133123,363
2133143,22
2133145,73
2133166,90
2133188,52
2133240,263
2133242,40
2133253,198
2133267,75
2133268,26
2133351,32
2133361,262
2133362,22
2133434,22
2133491,41
2133535,25
2133554,26
2133578,45
2133588,94
2133590,40
2133625,25
2133664,23
2133676,114
2133681,33
2133684,69
2133699,38
2133709,103
2133722,51
2133770,21
2133782,50
2133795,55
2133817,25
2133823,67
2133829,20
2133853,22
2133918,317
2133942,55
2133948,42
2133949,48
2133955,30
2133961,60
2133963,21
2134012,30
2134068,54
2134069,32
2134093,41
2134152,40
2134229,42
2134231,20
2134242,103
2134256,50
2134279,42
2134298,25
2134299,40
2134326,30
2134343,29
2134373,39
2134376,55
2134447,40
2134504,52
2134506,29
2134594,24
2134636,106
2134653,24
2134677,50
2134696,20
2134731,43
2134735,30
2134755,67
2134766,88
2134767,67
2134795,20
2134873,30
2134891,31
2134897,44
2134937,91
2134941,22
2134942,22
2134945,87
2134986,208
2135087,29
2135150,26
2135160,23
2135165,29
2135259,45
2135277,67
2135294,27
2135297,51
2135346,32
2135389,22
2135412,37
2135420,19
2135421,62
2135459,33
2135468,29
2135504,20
2135530,92
2135549,90
2135575,29
2135623,90
2135644,269
2135661,20
2135665,21
2135727,30
2135737,26
2135749,192
2135750,54
2135833,85
2135893,20
2135895,69
2135897,101
2135902,34
2135942,27
2135948,20
2135966,40
2136018,23
2136025,26
2136048,33
2136060,35
2136094,210
2136101,65
2136102,23
2136103,61
2136142,24
2136227,22
2136237,23
2136286,367
2136307,34
2136354,32
2136356,30
2136363,100
2136368,28
2136436,141
2136465,23
2136475,21
2136496,59
2136512,24
2136535,82
2136589,271
2136591,21
2136634,42
2136673,20
2136675,25
2136739,82
2136740,27
2136756,37
2136761,29
2136768,302
2136772,21
2136779,109
2136789,89
2136798,35
2136815,349
2136843,29
2136866,41
2136944,27
2136984,42
2137003,46
2137010,25
2137027,33
2137071,40
2137077,25
2137078,99
2137084,20
2137107,35
2137130,20
2137140,20
2137285,405
2137312,21
2137332,38
2137426,44
2137452,300
2137455,130
2137491,36
2137505,26
2137509,364
2137511,36
2137566,44
2137573,30
2137598,53
2137666,32
2137689,23
2137692,23
2137695,97
2137738,50
2137840,41
2137871,21
2137925,19
2137964,21
2137987,25
2137998,25
2138058,39
2138118,25
2138177,46
2138182,21
2138191,34
2138289,25
2138308,85
2138309,53
2138362,73
2138373,61
2138399,46
2138405,25
2138457,70
2138458,28
2138459,25
2138481,23
2138489,27
2138541,34
2138549,33
2138654,72
2138692,112
2138695,24
2138699,40
2138716,58
2138728,154
2138734,35
2138829,30
2138841,43
2138879,20
2138898,21
2138914,44
2138973,52
2138984,41
2139005,52
2139011,29
2139039,20
2139103,54
2139118,26
2139125,23
2139136,122
2139165,44
2139183,32
2139205,25
2139221,22
2139237,208
2139256,134
2139277,32
2139278,24
2139301,79
2139310,36
2139340,45
2139392,25
2139408,21
2139419,202
2139428,37
2139463,27
2139486,181
2139493,37
2139503,69
2139508,21
2139527,20
2139544,23
2139568,35
2139655,55
2139681,23
2139752,20
2139777,27
2139791,58
2139798,50
2139800,41
2139815,129
2139822,32
2139825,22
2139837,98
2139909,26
2139936,20
2139991,22
2139996,28
2140003,28
2140023,41
2140028,70
2140031,23
2140073,37
2140097,139
2140103,59
2140116,64
2140125,22
2140128,71
2140197,19
2140205,20
2140222,85
2140225,24
2140250,31
2140265,40
2140338,28
2140341,22
2140368,86
2140435,96
2140440,261
2140454,217
2140457,40
2140464,83
2140483,24
2140490,52
2140503,44
2140514,28
2140597,490
2140599,21
2140612,102
2140615,43
2140648,26
2140682,33
2140697,34
2140703,23
2140724,76
2140752,23
2140819,27
2140865,38
2140888,33
2140943,33
2140998,68
2141008,24
2141028,20
2141042,22
2141048,27
2141057,26
2141071,66
2141111,33
2141182,38
2141221,34
2141295,44
2141384,40
2141442,28
2141500,64
2141531,27
2141619,24
2141633,34
2141638,20
2141650,39
2141687,23
2141701,20
2141723,43
2141746,30
2141795,20
2141798,27
2141821,59
2141842,48
2141862,45
2141864,53
2141889,42
2141940,34
2141941,35
2141944,28
2141970,26
2141982,24
2142000,31
2142002,29
2142056,36
2142087,282
2142101,38
2142105,39
2142182,118
2142219,99
2142221,53
2142264,110
2142295,39
2142297,23
2142312,31
2142318,36
2142329,67
2142330,223
2142400,23
2142427,21
2142434,64
2142442,26
2142443,20
2142452,22
2142479,42
2142498,43
2142503,32
2142513,20
2142558,297
2142571,55
2142617,58
2142632,82
2142665,40
2142667,27
2142697,44
2142724,124
2142741,130
2142742,121
2142806,23
2142817,355
2142856,21
2142979,120
2142984,38
2143035,21
2143095,48
2143155,36
2143182,48
2143234,59
2143237,56
2143252,22
2143281,32
2143284,80
2143308,55
2143325,33
2143329,22
2143352,97
2143401,24
2143408,41
2143443,29
2143472,45
2143501,35
2143543,22
2143603,148
2143690,22
2143744,68
2143781,21
2143815,79
2143825,22
2143873,21
2143875,41
2143887,25
2143927,28
2143932,185
2143947,88
2143948,41
2143961,29
2143999,28
2144005,20
2144028,32
2144068,20
2144075,25
2144083,23
2144139,22
2144195,24
2144208,30
2144231,31
2144233,181
2144322,45
2144332,290
2144362,34
2144365,29
2144417,26
2144452,21
2144503,23
2144523,32
2144576,22
2144579,19
2144612,24
2144638,268
2144713,122
2144719,28
2144724,40
2144728,108
2144755,34
2144756,24
2144770,19
2144780,25
2144785,31
2144792,46
2144805,20
2144816,86
2144824,49
2144825,29
2144863,32
2144873,22
2144886,27
2144914,24
2144918,165
2144932,52
2144950,21
2144988,22
2145044,48
2145052,20
2145054,25
2145062,22
2145063,53
2145081,48
2145085,34
2145098,22
2145102,39
2145114,83
2145117,23
2145158,29
2145242,28
2145251,58
2145297,50
2145333,24
2145365,44
2145372,40
2145377,27
2145378,32
2145379,32
2145394,301
2145408,26
2145421,25
2145422,58
2145429,32
2145436,21
2145439,41
2145463,22
2145537,144
2145588,19
2145602,25
2145622,108
2145660,24
2145671,34
2145728,22
2145740,53
2145744,55
2145747,31
2145808,27
2145883,23
2145908,31
2145984,441
2146000,22
2146072,25
2146074,33
2146100,283
2146139,100
2146163,20
2146165,46
2146185,73
2146187,58
2146239,41
2146253,29
2146262,215
2146276,30
2146291,55
2146326,30
2146337,82
2146343,27
2146352,89
2146369,37
2146371,29
2146394,45
2146399,21
2146403,77
2146415,32
2146467,21
2146469,23
2146471,93
2146559,36
2146574,38
2146607,47
2146617,48
2146618,24
2146630,35
2146667,21
2146684,24
2146700,33
2146725,93
2146726,20
2146758,20
2146770,21
2146801,61
2146854,43
2146858,21
2146869,50
2146883,33
2146905,132
2146920,28
2146922,22
2146982,106
2147001,23
2147018,38
2147035,35
2147229,258
2147298,21
2147301,42
2147320,27
2147325,21
2147389,22
2147390,30
2147395,20
2147402,22
2147424,140
2147478,84
2147485,92
2147527,20
2147528,25
2147542,127
2147559,38
2147577,27
2147578,20
2147600,69
2147604,22
2147655,24
2147694,33
2147713,34
2147721,65
2147727,23
2147730,36
2147733,22
2147737,52
2147769,22
2147828,71
2147845,20
2147856,26
2147896,22
2147911,24
2147919,27
2147932,89
2147936,37
2147947,43
2147992,274
2147994,89
2148019,26
2148032,39
2148131,24
2148137,105
2148155,77
2148156,38
2148163,76
2148164,33
2148168,23
2148189,157
2148214,30
2148240,27
2148271,25
2148293,20
2148314,22
2148333,20
2148371,83
2148379,26
2148432,45
2148450,29
2148451,47
2148454,26
2148529,156
2148565,200
2148608,108
2148641,32
2148677,20
2148759,25
2148762,25
2148772,221
2148847,26
2148877,21
2148891,260
2148942,20
2148978,24
2149003,24
2149072,53
2149092,112
2149108,24
2149119,125
2149134,22
2149185,61
2149216,86
2149238,33
2149255,49
2149260,30
2149336,21
2149365,40
2149448,412
2149451,37
2149458,23
2149524,40
2149546,128
2149568,62
2149570,40
2149626,30
2149632,32
2149662,40
2149678,20
2149699,123
2149719,52
2149720,73
2149721,44
2149727,37
2149731,55
2149732,26
2149733,45
2149808,53
2149825,28
2149830,115
2149841,23
2149850,25
2149856,30
2149938,40
2150020,26
2150031,21
2150090,123
2150160,24
2150177,75
2150178,20
2150188,53
2150238,38
2150240,23
2150262,34
2150280,33
2150315,278
2150323,58
2150338,24
2150357,76
2150371,70
2150473,39
2150487,52
2150488,24
2150510,28
2150512,29
2150518,121
2150540,258
2150593,43
2150608,47
2150610,162
2150617,28
2150653,63
2150669,27
2150671,80
2150700,79
2150719,20
2150731,59
2150749,22
2150813,41
2150821,21
2150825,26
2150861,250
2150863,33
2150866,43
2150873,59
2150880,70
2150938,21
2150992,26
2151008,20
2151022,182
2151046,27
2151098,24
2151190,38
2151203,60
2151210,40
2151259,20
2151262,27
2151297,25
2151306,219
2151340,471
2151347,22
2151355,57
2151387,76
2151481,38
2151492,29
2151493,37
2151496,52
2151501,22
2151503,40
2151518,52
2151521,35
2151535,277
2151553,30
2151577,37
2151578,24
2151583,42
2151594,31
2151598,36
2151614,84
2151617,41
2151624,34
2151644,86
2151685,22
2151709,21
2151761,71
2151797,43
2151848,75
2151860,72
2151878,27
2151905,153
2151911,195
2151942,44
2151948,40
2151975,28
2151976,30
2152012,69
2152031,35
2152040,56
2152045,20
2152104,113
2152106,468
2152113,20
2152122,34
2152132,58
2152159,20
2152173,61
2152179,96
2152209,77
2152279,21
2152399,29
2152455,31
2152523,69
2152538,33
2152602,42
2152623,140
2152626,24
2152635,23
2152668,23
2152683,23
2152728,20
2152843,27
2152940,41
2152960,43
2153000,50
2153016,25
2153061,278
2153067,28
2153122,61
2153187,22
2153194,26
2153221,44
2153264,32
2153300,97
2153337,25
2153351,25
2153363,80
2153378,33
2153392,23
2153419,260
2153439,21
2153445,34
2153464,28
2153467,20
2153481,43
2153493,66
2153497,33
2153502,28
2153541,25
2153549,30
2153607,27
2153610,51
2153624,25
2153721,54
2153755,77
2153760,88
2153776,43
2153835,23
2153850,48
2153866,34
2153899,26
2153977,24
2153994,52
2154006,29
2154017,91
2154037,95
2154053,22
2154091,55
2154097,31
2154103,21
2154127,90
2154137,38
2154166,21
2154200,77
2154204,56
2154240,42
2154246,25
2154261,85
2154298,21
2154321,50
2154333,28
2154353,22
2154381,22
2154448,24
2154523,300
2154528,75
2154537,47
2154568,20
2154594,71
2154612,40
2154641,33
2154703,92
2154780,29
2154790,84
2154799,29
2154877,55
2154886,40
2154901,69
2154909,54
2154931,26
2154963,48
2155005,40
2155023,88
2155024,88
2155026,67
2155039,172
2155040,20
2155044,36
2155098,23
2155120,70
2155188,23
2155203,60
2155213,27
2155233,26
2155263,32
2155285,29
2155351,24
2155352,315
2155396,26
2155401,20
2155413,249
2155444,69
2155464,65
2155508,112
2155510,99
2155555,36
2155556,20
2155585,28
2155628,23
2155652,77
2155664,25
2155676,150
2155677,94
2155729,25
2155731,68
2155762,25
2155772,159
2155792,26
2155932,39
2155935,45
2155951,52
2155963,45
2155978,36
2156033,69
2156049,21
2156065,27
2156093,24
2156107,99
2156136,79
2156138,64
2156167,36
2156228,50
2156233,44
2156255,23
2156280,111
2156284,54
2156322,24
2156325,95
2156347,343
2156482,22
2156503,24
2156589,21
2156607,71
2156641,21
2156659,126
2156666,22
2156667,91
2156729,32
2156833,25
2156838,39
2156848,303
2156861,100
2156910,43
2156930,40
2156935,39
2157005,39
2157010,19
2157015,31
2157026,50
2157031,28
2157074,20
2157081,39
2157083,70
2157103,82
2157115,39
2157125,77
2157132,40
2157170,70
2157317,20
2157324,43
2157334,24
2157341,20
2157361,21
2157372,81
2157435,69
2157436,62
2157455,192
2157457,26
2157467,39
2157531,20
2157547,25
2157558,25
2157562,115
2157591,24
2157620,23
2157626,43
2157627,41
2157633,21
2157639,25
2157644,40
2157652,121
2157660,292
2157701,221
2157707,54
2157728,23
2157729,84
2157756,47
2157770,27
2157810,24
2157879,53
2157906,26
2157960,37
2157968,312
2158010,31
2158013,24
2158022,26
2158058,33
2158064,20
2158082,40
2158086,37
2158101,46
2158103,39
2158173,282
2158205,22
2158246,36
2158261,21
2158286,25
2158287,45
2158303,21
2158313,44
2158315,32
2158317,24
2158333,24
2158366,117
2158407,22
2158420,27
2158541,38
2158560,211
2158563,32
2158624,119
2158636,20
2158695,32
2158736,21
2158755,27
2158759,27
2158777,47
2158779,37
2158803,37
2158804,24
2158816,64
2158822,78
2158825,283
2158834,20
2158865,51
2158866,25
2158946,116
2158973,41
2158976,43
2159027,20
2159043,89
2159063,80
2159108,47
2159146,24
2159172,34
2159174,27
2159195,20
2159215,69
2159231,23
2159254,75
2159376,44
2159422,32
2159428,25
2159445,67
2159460,26
2159490,21
2159497,412
2159498,50
2159502,153
2159527,36
2159528,46
2159546,44
2159550,27
2159689,45
2159706,23
2159720,20
2159721,29
2159758,20
2159762,29
2159763,234
2159782,30
2159813,25
2159833,20
2159841,26
2159861,83
2159868,19
2159892,20
2159900,299
2159913,21
2159917,40
2159987,163
2160015,298
2160034,30
2160067,52
2160096,35
2160172,22
2160210,109
2160218,96
2160224,37
2160277,46
2160285,77
2160294,100
2160305,21
2160321,20
2160330,38
2160331,65
2160333,23
2160346,83
2160365,169
2160397,106
2160421,36
2160425,59
2160427,31
2160429,20
2160434,29
2160444,31
2160453,28
2160459,87
2160500,22
2160502,31
2160554,30
2160570,56
2160617,23
2160653,22
2160685,26
2160687,40
2160742,26
2160766,20
2160796,36
2160814,25
2160851,101
2160858,96
2160897,152
2160925,37
2160935,23
2160998,31
2161005,30
2161143,26
2161145,50
2161158,55
2161159,28
2161160,53
2161162,27
2161186,39
2161208,71
2161210,254
2161242,26
2161263,20
2161302,25
2161349,115
2161403,52
2161433,157
2161464,96
2161486,36
2161544,47
2161579,22
2161584,120
2161599,24
2161649,20
2161690,20
2161726,64
2161772,30
2161811,27
2161871,28
2161877,21
2161889,29
2161905,32
2161942,54
2161955,35
2162035,32
2162065,69
2162075,114
2162082,66
2162087,56
2162099,24
2162110,20
2162126,20
2162130,24
2162145,26
2162199,57
2162218,40
2162222,31
2162227,73
2162235,30
2162275,479
2162301,27
2162406,20
2162432,71
2162446,26
2162447,20
2162494,70
2162514,20
2162545,26
2162554,62
2162561,19
2162584,255
2162586,45
2162589,35
2162598,92
2162702,21
2162722,128
2162734,20
2162784,38
2162799,140
2162812,28
2162834,32
2162845,28
2162865,34
2162894,111
2162921,56
2162954,32
2162955,41
2163016,23
2163092,39
2163105,35
2163124,26
2163131,88
2163143,31
2163163,257
2163168,70
2163225,60
2163275,27
2163289,27
2163304,28
2163305,21
2163329,94
2163332,34
2163357,44
2163361,29
2163376,121
2163387,149
2163481,22
2163486,84
2163577,29
2163594,26
2163627,37
2163640,140
2163649,28
2163680,169
2163715,28
2163722,28
2163744,35
2163762,38
2163792,20
2163950,22
2163983,32
2164049,21
2164122,160
2164158,23
2164202,56
2164225,23
2164234,37
2164248,33
2164286,29
2164322,22
2164362,21
2164393,64
2164413,361
2164417,66
2164439,20
2164463,24
2164466,43
2164468,24
2164508,68
2164518,58
2164523,149
2164526,31
2164528,51
2164540,31
2164557,75
2164563,66
2164599,50
2164623,20
2164662,74
2164789,21
2164803,44
2164832,311
2164842,28
2164853,31
2164856,40
2164860,165
2164864,52
2164905,61
2164908,28
2164917,28
2164946,53
2164975,27
2164993,21
2164997,41
2165012,43
2165023,25
2165028,42
2165042,24
2165046,82
2165049,93
2165061,25
2165079,88
2165081,164
2165139,132
2165162,53
2165270,22
2165310,30
2165322,99
2165348,57
2165351,43
2165364,57
2165375,26
2165384,152
2165394,34
2165412,53
2165416,70
2165427,30
2165447,61
2165451,33
2165465,64
2165467,28
2165468,28
2165472,435
2165473,73
2165489,47
2165523,41
2165550,20
2165573,54
2165574,20
2165588,47
2165619,20
2165664,61
2165744,21
2165778,28
2165788,39
2165790,20
2165851,26
2165956,45
2165967,26
2165980,140
2165998,23
2166005,40
2166007,99
2166031,24
2166032,118
2166040,125
2166051,33
2166062,44
2166090,93
2166101,21
2166164,20
2166207,21
2166227,26
2166234,31
2166268,39
2166275,453
2166284,56
2166287,28
2166299,33
2166308,19
2166317,113
2166344,74
2166346,21
2166363,25
2166408,39
2166440,21
2166499,75
2166508,21
2166513,20
2166535,26
2166538,131
2166639,48
2166641,30
2166643,38
2166644,55
2166646,19
2166649,28
2166653,28
2166659,64
2166662,25
2166708,24
2166711,80
2166722,30
2166727,110
2166733,119
2166763,211
2166769,26
2166772,26
2166778,24
2166796,311
2166797,25
2166826,22
2166839,37
2166853,33
2166875,27
2166877,168
2166896,74
2166926,75
2166966,22
2166982,62
2167034,32
2167076,35
2167081,20
2167093,27
2167112,28
2167189,22
2167201,77
2167234,25
2167249,28
2167279,115
2167391,25
2167393,30
2167394,30
2167398,35
2167404,228
2167445,26
2167446,22
2167467,28
2167483,21
2167502,197
2167503,30
2167563,25
2167602,20
2167606,115
2167634,44
2167662,98
2167691,23
2167692,20
2167701,121
2167719,30
2167720,100
2167747,26
2167750,77
2167751,29
2167757,59
2167779,135
2167780,65
2167782,73
2167798,44
2167802,40
2167820,20
2167844,29
2167852,59
2167884,27
2167950,23
2168045,31
2168094,21
2168123,38
2168128,29
2168145,20
2168147,70
2168187,303
2168214,27
2168287,35
2168289,25
2168317,43
2168326,27
2168337,20
2168341,22
2168356,105
2168386,132
2168414,21
2168447,46
2168465,23
2168473,43
2168479,50
2168508,24
2168521,40
2168579,29
2168614,20
2168617,40
2168686,22
2168712,21
2168725,26
2168758,23
2168766,96
2168797,24
2168864,21
2168927,59
2168953,44
2168962,24
2169032,31
2169052,31
2169086,65
2169089,167
2169090,108
2169098,37
2169115,38
2169153,23
2169161,23
2169162,72
2169190,39
2169282,26
2169286,43
2169370,20
2169417,34
2169449,45
2169467,22
2169472,23
2169497,79
2169515,161
2169526,25
2169548,22
2169552,21
2169555,33
2169586,71
2169608,58
2169640,39
2169650,26
2169651,69
2169654,49
2169657,30
2169678,143
2169691,31
2169772,24
2169841,55
2169863,104
2169924,21
2169928,80
2169967,32
2169983,31
2170013,26
2170084,30
2170087,39
2170102,26
2170106,109
2170109,22
2170145,25
2170162,29
2170174,51
2170178,26
2170194,37
2170198,20
2170221,21
2170229,314
2170242,20
2170251,21
2170253,45
2170257,25
2170285,34
2170312,29
2170320,20
2170331,19
2170367,31
2170390,156
2170395,105
2170408,41
2170417,35
2170450,38
2170470,22
2170480,26
2170508,43
2170598,28
2170625,34
2170627,24
2170659,25
2170671,123
2170697,23
2170709,211
2170713,46
2170724,21
2170781,23
2170792,128
2170805,62
2170819,23
2170829,21
2170884,35
2170917,62
2170938,58
2170956,37
2170980,42
2170987,19
2171012,46
2171055,26
2171057,210
2171065,30
2171089,20
2171091,26
2171092,25
2171120,148
2171122,36
2171146,111
2171195,20
2171205,108
2171251,305
2171285,36
2171326,24
2171348,40
2171368,25
2171378,37
2171395,57
2171398,35
2171407,30
2171444,39
2171543,29
2171596,20
2171791,20
2171796,20
2171828,36
2171851,39
2171942,37
2171952,67
2171954,114
2171961,68
2171962,32
2171965,23
2171971,44
2171989,22
2171992,131
2172038,37
2172071,29
2172087,41
2172095,73
2172096,55
2172123,30
2172171,39
2172184,59
2172205,54
2172212,23
2172231,22
2172240,32
2172276,421
2172279,26
2172280,53
2172289,26
2172290,30
2172293,22
2172313,47
2172321,28
2172330,21
2172366,58
2172397,27
2172456,92
2172509,25
2172516,24
2172656,30
2172664,22
2172672,20
2172687,29
2172689,29
2172733,33
2172734,169
2172787,137
2172822,34
2172832,21
2172833,44
2172859,178
2172875,114
2172876,34
2172890,37
2172894,62
2172941,69
2172952,33
2172959,21
2172991,36
2173000,472
2173005,26
2173009,26
2173023,129
2173031,21
2173045,81
2173067,37
2173072,34
2173077,89
2173162,20
2173169,32
2173180,32
2173195,23
2173210,36
2173277,33
2173328,20
2173359,22
2173361,53
2173392,21
2173397,28
2173398,20
2173423,55
2173431,31
2173452,96
2173465,59
2173534,113
2173556,115
2173562,278
2173566,37
2173579,76
2173621,24
2173626,31
2173627,47
2173632,37
2173663,71
2173666,20
2173667,63
2173785,20
2173797,22
2173808,31
2173833,59
2173863,83
2173901,86
2173915,20
2173927,71
2173949,21
2173954,30
2173985,23
2173986,23
2173999,158
2174000,22
2174009,24
2174012,19
2174024,331
2174034,119
2174136,42
2174172,34
2174215,28
2174256,23
2174297,27
2174303,20
2174343,20
2174382,159
2174390,22
2174393,20
2174404,32
2174420,60
2174479,122
2174487,46
2174506,102
2174511,40
2174544,28
2174548,29
2174554,413
2174564,289
2174566,406
2174604,45
2174605,22
2174609,185
2174623,39
2174636,250
2174640,94
2174650,337
2174655,61
2174681,28
2174756,58
2174761,50
2174769,114
2174778,24
2174800,20
2174906,42
2174926,28
2174927,36
2174945,44
2174957,94
2174986,46
2174999,60
2175046,42
2175054,51
2175088,34
2175109,24
2175147,47
2175157,26
2175162,29
2175177,28
2175212,27
2175224,44
2175251,114
2175258,36
2175268,316
2175275,28
2175278,26
2175295,20
2175304,37
2175316,20
2175331,31
2175337,136
2175387,280
2175397,154
2175449,22
2175456,20
2175457,25
2175574,23
2175656,33
2175658,39
2175663,26
2175690,21
2175718,20
2175732,93
2175751,33
2175759,69
2175786,34
2175837,21
2175844,23
2175858,30
2175862,33
2175874,38
2175879,107
2175881,21
2175911,101
2175952,26
2175990,37
2176002,70
2176027,20
2176097,42
2176134,64
2176141,36
2176150,20
2176171,39
2176181,42
2176209,33
2176215,29
2176245,39
2176258,25
2176259,20
2176301,54
2176328,61
2176358,33
2176366,24
2176371,20
2176372,22
2176382,42
2176411,43
2176448,49
2176455,21
2176456,112
2176484,135
2176518,46
2176564,22
2176574,20
2176580,96
2176622,32
2176643,44
2176674,38
2176700,19
2176702,114
2176772,32
2176773,50
2176779,37
2176791,20
2176833,84
2176860,23
2176891,61
2176898,85
2176922,64
2176928,158
2177004,42
2177034,23
2177058,109
2177125,34
2177196,23
2177209,180
2177234,20
2177252,26
2177277,287
2177306,114
2177369,33
2177405,27
2177424,38
2177489,23
2177519,75
2177530,35
2177545,20
2177570,40
2177598,33
2177639,32
2177683,71
2177705,85
2177726,21
2177747,36
2177774,27
2177775,114
2177794,363
2177825,23
2177883,22
2177898,62
2177910,27
2177979,40
2178019,33
2178026,22
2178029,176
2178058,84
2178063,108
2178071,29
2178078,74
2178093,29
2178096,174
2178122,22
2178137,174
2178168,37
2178177,34
2178205,37
2178215,22
2178220,36
2178221,214
2178269,20
2178335,56
2178359,40
2178360,29
2178361,53
2178391,34
2178393,31
2178446,21
2178449,32
2178467,27
2178507,137
2178514,53
2178529,204
2178538,87
2178542,21
2178606,76
2178638,21
2178686,41
2178687,80
2178729,59
2178731,28
2178771,40
2178793,26
2178802,68
2178831,33
2178858,26
2178917,25
2178930,63
2178950,102
2178954,25
2178968,26
2179014,386
2179035,33
2179042,34
2179073,26
2179076,99
2179089,72
2179185,66
2179191,22
2179198,49
2179218,123
2179241,21
2179250,31
2179262,22
2179271,38
2179298,29
2179326,74
2179376,32
2179402,67
2179410,22
2179413,59
2179442,60
2179445,21
2179522,27
2179578,20
2179585,46
2179588,22
2179680,21
2179702,41
2179711,487
2179713,57
2179729,64
2179746,41
2179763,47
2179781,129
2179826,24
2179877,31
2179898,20
2179899,71
2179916,57
2179930,318
2179946,259
2179977,58
2179999,113
2180017,21
2180029,31
2180032,109
2180099,57
2180101,20
2180102,39
2180103,31
2180136,22
2180150,62
2180198,37
2180207,24
2180281,23
2180306,21
2180360,26
2180384,47
2180420,70
2180423,57
2180445,22
2180462,54
2180490,34
2180491,29
2180521,24
2180540,33
2180558,47
2180573,52
2180574,365
2180627,59
2180633,31
2180648,21
2180649,34
2180697,30
2180705,85
2180738,28
2180745,67
2180808,29
2180809,74
2180862,167
2180915,27
2180944,31
2180964,28
2180999,44
2181049,38
2181068,24
2181108,125
2181116,70
2181128,33
2181175,158
2181262,21
2181295,40
2181355,31
2181402,23
2181417,37
2181442,69
2181473,50
2181496,21
2181521,21
2181556,27
2181580,41
2181593,21
2181602,450
2181681,28
2181692,22
2181729,38
2181744,39
2181794,25
2181821,32
2181822,35
2181830,25
2181874,80
2181876,92
2181897,29
2181901,27
2181907,143
2181954,20
2181984,22
2182058,37
2182135,21
2182136,37
2182145,34
2182157,23
2182172,28
2182174,26
2182322,22
2182359,30
2182367,45
2182398,27
2182402,21
2182411,24
2182422,49
2182442,37
2182459,49
2182482,24
2182497,71
2182540,40
2182557,39
2182567,25
2182594,24
2182625,72
2182713,25
2182730,133
2182741,27
2182748,367
2182759,77
2182783,41
2182791,94
2182792,27
2182817,30
2182835,45
2182858,51
2182859,22
2182866,43
2182867,32
2182872,109
2182901,36
2182932,39
2182971,25
2183003,25
2183043,156
2183048,52
2183057,26
2183082,28
2183084,143
2183085,62
2183095,31
2183099,41
2183116,20
2183118,42
2183121,24
2183139,35
2183150,51
2183151,40
2183172,26
2183173,34
2183200,61
2183215,39
2183220,211
2183223,33
2183325,35
2183366,25
2183367,37
2183397,46
2183415,318
2183461,246
2183486,38
2183586,22
2183603,45
2183651,21
2183654,20
2183661,42
2183670,26
2183696,83
2183755,20
2183759,82
2183771,20
2183782,64
2183940,67
2183941,23
2183991,20
2183996,68
2184039,40
2184090,52
2184092,23
2184093,67
2184096,25
2184101,41
2184124,46
2184148,41
2184163,75
2184205,50
2184234,74
2184235,28
2184275,28
2184278,27
2184287,55
2184330,38
2184340,22
2184346,77
2184351,26
2184355,23
2184395,68
2184409,57
2184490,21
2184508,27
2184509,20
2184532,29
2184552,25
2184572,25
2184586,31
2184709,30
2184743,52
2184764,225
2184774,132
2184776,79
2184807,59
2184826,29
2184830,73
2184840,33
2184874,166
2184907,129
2184915,65
2184939,51
2184960,34
2184975,20
2184980,30
2185016,144
2185021,97
2185093,29
2185132,39
2185156,173
2185158,47
2185160,52
2185169,280
2185173,28
2185194,31
2185210,25
2185218,238
2185241,22
2185280,34
2185283,117
2185370,58
2185444,26
2185446,147
2185451,20
2185463,26
2185475,30
2185476,23
2185477,21
2185486,39
2185556,44
2185570,63
2185594,45
2185646,23
2185651,23
2185693,35
2185694,24
2185720,20
2185765,25
2185848,127
2185869,37
2185877,24
2185921,43
2185939,20
2186001,36
2186044,24
2186062,21
2186087,28
2186088,63
2186096,20
2186101,55
2186113,30
2186133,76
2186148,41
2186158,72
2186161,46
2186165,502
2186173,34
2186174,27
2186175,24
2186192,27
2186197,22
2186218,20
2186224,27
2186268,24
2186291,24
2186293,20
2186317,23
2186326,27
2186328,27
2186336,63
2186349,26
2186389,86
2186419,26
2186452,35
2186484,114
2186502,59
2186564,24
2186568,23
2186598,116
2186608,25
2186609,27
2186636,23
2186647,28
2186657,36
2186786,30
2186788,38
2186801,21
2186802,181
2186808,22
2186861,21
2186892,155
2186908,182
2186911,22
2186917,23
2186946,90
2186947,30
2186976,30
2186997,21
2187018,25
2187124,23
2187149,62
2187156,21
2187187,21
2187227,20
2187245,31
2187283,162
2187288,27
2187306,435
2187361,54
2187362,22
2187378,97
2187390,74
2187404,20
2187405,22
2187436,32
2187465,21
2187511,208
2187519,21
2187599,26
2187660,29
2187698,57
2187733,136
2187736,382
2187739,23
2187745,89
2187771,33
2187791,52
2187799,20
2187824,70
2187845,34
2187859,32
2187864,41
2187877,65
2187878,48
2187900,32
2187934,28
2187966,41
2188063,28
2188100,26
2188150,24
2188162,26
2188170,24
2188180,43
2188192,75
2188211,54
2188212,22
2188217,23
2188249,20
2188251,20
2188288,40
2188308,139
2188322,29
2188344,71
2188345,23
2188349,27
2188374,82
2188413,51
2188442,489
2188443,21
2188444,21
2188488,26
2188502,42
2188516,20
2188547,298
2188614,47
2188628,25
2188665,80
2188726,20
2188748,38
2188749,46
2188751,119
2188762,31
2188878,34
2188903,27
2188944,108
2188950,62
2188964,21
2188999,43
2189019,23
2189054,163
2189058,22
2189080,55
2189084,31
2189129,171
2189267,25
2189301,39
2189317,79
2189318,28
2189321,141
2189342,75
2189358,101
2189383,32
2189398,20
2189402,28
2189409,57
2189421,21
2189440,25
2189447,27
2189451,33
2189457,25
2189502,25
2189513,28
2189524,32
2189543,24
2189602,41
2189623,38
2189651,22
2189665,359
2189704,78
2189754,28
2189759,29
2189762,30
2189811,33
2189839,47
2189852,23
2189899,56
2189934,113
2189936,49
2189969,133
2189976,35
2190005,22
2190017,33
2190018,24
2190067,48
2190118,24
2190150,20
2190151,77
2190207,24
2190223,31
2190233,20
2190240,425
2190247,61
2190261,335
2190262,56
2190270,38
2190276,93
2190309,46
2190346,38
2190415,52
2190419,43
2190427,38
2190444,22
2190452,28
2190481,29
2190552,159
2190592,84
2190593,307
2190624,54
2190633,28
2190664,22
2190689,24
2190725,70
2190732,20
2190771,35
2190779,153
2190786,52
2190801,57
2190825,67
2190839,21
2190916,42
2190952,31
2190976,26
2191002,67
2191017,246
2191027,23
2191032,49
2191033,29
2191071,46
2191095,26
2191139,241
2191172,35
2191192,20
2191210,106
2191214,65
2191253,164
2191266,25
2191283,24
2191315,21
2191336,82
2191352,31
2191362,179
2191365,26
2191403,29
2191415,21
2191419,174
2191432,24
2191463,27
2191475,38
2191490,31
2191524,31
2191551,23
2191588,28
2191606,35
2191616,87
2191685,79
2191688,24
2191817,38
2191896,41
2191903,99
2191966,250
2191997,20
2192019,20
2192021,30
2192031,30
2192045,233
2192049,19
2192072,20
2192099,27
2192117,36
2192124,34
2192155,24
2192165,31
2192193,28
2192237,30
2192241,26
2192250,42
2192260,23
2192263,112
2192265,136
2192267,21
2192300,31
2192301,49
2192302,70
2192342,51
2192343,50
2192355,25
2192370,23
2192395,74
2192430,35
2192447,45
2192455,85
2192473,48
2192487,20
2192543,32
2192575,54
2192599,20
2192623,21
2192624,28
2192632,33
2192634,76
2192642,27
2192702,36
2192715,28
2192722,328
2192732,20
2192741,41
2192753,84
2192771,70
2192772,20
2192794,38
2192808,48
2192821,70
2192846,33
2192850,28
2192858,47
2192882,211
2192893,37
2192948,151
2192950,30
2192956,28
2192959,26
2193003,39
2193022,171
2193036,38
2193042,83
2193064,25
2193069,32
2193096,26
2193126,23
2193128,20
2193135,22
2193141,134
2193156,24
2193162,23
2193169,34
2193217,56
2193242,40
2193243,45
2193266,74
2193302,39
2193362,268
2193401,38
2193426,252
2193435,27
2193436,22
2193458,30
2193478,37
2193481,47
2193482,119
2193525,292
2193553,19
2193620,32
2193655,38
2193722,168
2193749,20
2193753,35
2193761,123
2193766,85
2193771,34
2193838,21
2193849,51
2193851,38
2193887,37
2193891,54
2193906,21
2193912,27
2193960,100
2193967,38
2193986,32
2193989,23
2194010,36
2194020,27
2194134,35
2194137,29
2194150,23
2194156,150
2194177,28
2194228,27
2194242,32
2194251,20
2194296,30
2194358,26
2194384,29
2194387,23
2194484,36
2194510,163
2194518,79
2194607,79
2194610,22
2194657,22
2194660,26
2194674,131
2194733,37
2194739,20
2194758,137
2194765,27
2194766,21
2194817,49
2194819,42
2194870,148
2194902,31
2194925,26
2194937,29
2194973,23
2194982,43
2194993,28
2194998,41
2195069,24
2195079,20
2195112,28
2195140,102
2195170,104
2195175,31
2195193,104
2195230,45
2195252,28
2195270,142
2195284,22
2195334,21
2195354,137
2195365,28
2195431,20
2195452,26
2195454,21
2195520,64
2195613,111
2195636,20
2195664,101
2195676,22
2195713,40
2195724,26
2195726,39
2195727,198
2195749,84
2195778,45
2195797,32
2195807,21
2195817,112
2195850,26
2195883,22
2195899,61
2195903,53
2195922,24
2195950,20
2195969,95
2195987,88
2196080,41
2196087,256
2196103,51
2196134,26
2196135,78
2196138,126
2196173,133
2196224,79
2196256,195
2196257,26
2196270,54
2196290,20
2196292,21
2196310,23
2196314,38
2196348,20
2196408,42
2196429,20
2196431,38
2196462,29
2196471,20
2196473,23
2196499,20
2196517,26
2196518,50
2196569,30
2196614,20
2196754,79
2196766,35
2196770,32
2196775,23
2196786,22
2196855,38
2196917,71
2196977,37
2196984,151
2196990,88
2196999,21
2197009,38
2197017,153
2197075,70
2197078,22
2197084,47
2197090,27
2197103,49
2197121,25
2197131,70
2197196,27
2197217,35
2197279,20
2197318,25
2197338,81
2197427,22
2197467,21
2197469,37
2197520,37
2197542,83
2197559,21
2197560,31
2197583,26
2197632,21
2197644,72
2197649,26
2197663,23
2197678,34
2197689,22
2197699,41
2197731,24
2197741,26
2197819,49
2197822,73
2197840,26
2197876,31
2197896,24
2197904,31
2197936,55
2197963,27
2198006,61
2198045,149
2198076,27
2198079,40
2198092,20
2198101,21
2198161,22
2198188,24
2198193,26
2198196,26
2198198,30
2198199,41
2198200,163
2198209,24
2198212,143
2198231,113
2198283,152
2198296,89
2198324,23
2198325,29
2198388,48
2198422,22
2198429,38
2198437,47
2198439,28
2198453,21
2198454,69
2198455,27
2198472,29
2198539,29
2198593,22
2198625,21
2198639,26
2198672,71
2198680,57
2198697,32
2198725,28
2198739,34
2198806,39
2198813,118
2198816,23
2198829,61
2198830,29
2198831,35
2198840,42
2198853,39
2198856,24
2198937,78
2198954,20
2198990,21
2198998,46
2199019,43
2199029,44
2199049,22
2199083,64
2199098,28
2199145,21
2199147,150
2199171,21
2199172,32
2199184,24
2199210,25
2199213,51
2199242,26
2199250,21
2199251,114
2199252,46
2199283,42
2199299,118
2199320,22
2199361,42
2199362,38
2199373,111
2199374,22
2199391,24
2199409,23
2199461,29
2199517,58
2199530,21
2199540,181
2199557,27
2199586,80
2199592,58
2199597,40
2199603,28
2199644,64
2199658,24
2199661,20
2199668,80
2199755,79
2199778,25
2199843,134
2199904,163
2199913,20
2199921,22
2199922,47
2199927,23
2199935,20
2199950,49
2199978,30
2199985,33
2199991,131
2200039,65
2200057,29
2200074,22
2200116,27
2200123,40
2200129,29
2200156,116
2200180,41
2200190,304
2200218,44
2200230,28
2200242,103
2200254,24
2200293,20
2200298,36
2200307,22
2200314,324
2200328,20
2200341,253
2200350,34
2200359,28
2200362,24
2200396,24
2200406,36
2200427,22
2200468,29
2200536,55
2200545,34
2200547,284
2200560,44
2200583,136
2200586,37
2200587,27
2200588,44
2200601,21
2200610,51
2200652,38
2200666,29
2200669,22
2200773,73
2200779,20
2200812,44
2200847,38
2200849,22
2200851,74
2200870,89
2200871,103
2200880,43
2200891,32
2200941,222
2200942,71
2200954,22
2200956,38
2200988,27
2200999,38
2201009,32
2201036,98
2201052,29
2201070,135
2201099,29
2201102,109
2201117,50
2201151,29
2201152,124
2201200,20
2201210,140
2201243,21
2201250,53
2201281,49
2201283,51
2201291,43
2201308,29
2201312,334
2201315,55
2201336,27
2201337,45
2201363,21
2201406,21
2201444,42
2201452,29
2201456,22
2201462,24
2201487,20
2201505,70
2201509,24
2201572,67
2201573,23
2201606,84
2201607,346
2201638,26
2201686,82
2201691,69
2201766,68
2201819,24
2201822,30
2201827,40
2201889,29
2201910,21
2201943,34
2201979,47
2202008,46
2202024,32
2202034,27
2202074,24
2202088,35
2202160,38
2202212,39
2202249,41
2202268,27
2202326,110
2202410,35
2202416,31
2202428,239
2202447,22
2202448,34
2202449,466
2202457,63
2202470,44
2202493,212
2202500,20
2202510,139
2202512,21
2202579,97
2202587,21
2202588,64
2202695,23
2202696,25
2202698,34
2202713,165
2202771,58
2202785,19
2202803,22
2202912,44
2202972,33
2202973,22
2202974,49
2202981,31
2203017,33
2203044,21
2203050,28
2203106,26
2203150,108
2203159,43
2203195,26
2203196,93
2203255,58
2203270,33
2203277,29
2203317,37
2203322,22
2203363,20
2203366,156
2203441,46
2203443,70
2203468,30
2203518,44
2203519,21
2203520,156
2203541,29
2203558,36
2203566,32
2203571,127
2203577,123
2203634,31
2203636,43
2203652,39
2203722,30
2203729,72
2203741,65
2203747,78
2203764,73
2203769,21
2203790,21
2203793,38
2203794,22
2203805,26
2203852,51
2203856,42
2203893,20
2203918,38
2203937,65
2203974,21
2204029,25
2204075,40
2204077,22
2204079,25
2204090,29
2204098,54
2204139,19
2204149,138
2204152,125
2204164,47
2204190,54
2204204,55
2204260,31
2204266,23
2204305,90
2204307,89
2204311,20
2204320,254
2204438,361
2204466,26
2204469,71
2204470,20
2204475,70
2204483,20
2204493,66
2204508,36
2204510,21
2204536,22
2204552,457
2204563,21
2204564,61
2204573,75
2204574,20
2204628,60
2204633,62
2204668,42
2204669,33
2204676,40
2204678,104
2204687,21
2204695,35
2204696,23
2204711,108
2204730,86
2204745,55
2204828,53
2204842,28
2204859,63
2204862,19
2204865,56
2204876,31
2204886,51
2204887,59
2204919,41
2204946,69
2204949,43
2204958,24
2205015,20
2205046,28
2205066,272
2205097,67
2205162,20
2205169,42
2205176,22
2205237,50
2205270,61
2205278,24
2205281,76
2205381,28
2205383,84
2205422,30
2205440,151
2205465,20
2205481,76
2205482,31
2205486,80
2205495,278
2205506,46
2205511,20
2205516,31
2205547,36
2205571,251
2205611,65
2205627,27
2205643,25
2205666,41
2205676,23
2205683,24
2205692,29
2205695,33
2205696,61
2205710,21
2205712,87
2205789,91
2205791,78
2205796,30
2205804,50
2205805,20
2205833,63
2205884,37
2205898,35
2205908,19
2206017,65
2206036,21
2206070,57
2206076,481
2206077,33
2206102,358
2206135,103
2206152,28
2206153,20
2206174,22
2206195,335
2206266,25
2206288,34
2206296,44
2206297,78
2206374,26
2206399,19
2206423,27
2206431,21
2206487,35
2206496,25
2206508,117
2206572,66
2206573,29
2206596,30
2206603,41
2206633,67
2206635,23
2206651,25
2206694,38
2206706,75
2206707,26
2206737,20
2206747,21
2206771,133
2206815,21
2206830,35
2206835,122
2206855,25
2206913,36
2206933,49
2206935,25
2206962,35
2207014,45
2207064,38
2207142,162
2207159,79
2207257,29
2207297,26
2207298,24
2207303,23
2207320,27
2207348,76
2207480,22
2207489,63
2207510,36
2207528,34
2207540,253
2207600,21
2207609,49
2207633,24
2207654,23
2207704,81
2207710,30
2207750,66
2207752,29
2207768,21
2207777,24
2207894,58
2207901,20
2207929,20
2208006,38
2208018,64
2208026,27
2208087,56
2208123,27
2208130,28
2208187,401
2208213,57
2208257,40
2208285,26
2208337,55
2208360,29
2208380,31
2208381,129
2208409,66
2208427,268
2208451,26
2208477,22
2208505,22
2208508,21
2208509,53
2208519,46
2208528,23
2208547,65
2208564,338
2208566,38
2208604,29
2208651,40
2208668,63
2208672,33
2208704,81
2208771,42
2208818,53
2208824,256
2208845,29
2208859,163
2208863,34
2208913,105
2208935,254
2208950,88
2208958,37
2208967,72
2208968,22
2208979,38
2209005,96
2209053,26
2209060,221
2209072,21
2209091,21
2209128,39
2209177,25
2209178,81
2209197,20
2209207,63
2209240,26
2209248,35
2209254,79
2209260,49
2209264,38
2209280,40
2209284,49
2209296,144
2209328,99
2209349,21
2209356,23
2209389,88
2209394,44
2209396,39
2209400,121
2209430,99
2209447,44
2209461,27
2209463,27
2209497,22
2209501,61
2209536,44
2209561,37
2209576,32
2209591,35
2209690,36
2209696,57
2209738,78
2209752,25
2209759,43
2209802,34
2209824,64
2209880,23
2209882,85
2209887,35
2209904,286
2209905,69
2209925,157
2209937,51
2209962,20
2209974,154
2210027,20
2210075,45
2210104,23
2210131,22
2210167,80
2210184,34
2210196,31
2210203,22
2210210,62
2210246,250
2210261,20
2210279,50
2210302,30
2210306,24
2210365,34
2210370,29
2210407,114
2210425,23
2210428,20
2210491,83
2210514,20
2210528,121
2210567,36
2210662,22
2210675,34
2210728,22
2210764,123
2210772,34
2210776,39
2210782,41
2210785,33
2210786,24
2210806,168
2210814,36
2210883,116
2210909,309
2210919,25
2210972,343
2210981,97
2210989,21
2211008,24
2211021,86
2211072,27
2211087,410
2211104,21
2211142,32
2211177,167
2211213,66
2211216,31
2211219,89
2211247,34
2211272,26
2211279,21
2211307,30
2211309,57
2211313,36
2211324,101
2211381,20
2211407,31
2211423,40
2211424,38
2211444,34
2211466,19
2211480,35
2211492,25
2211525,21
2211546,29
2211579,26
2211589,26
2211603,22
2211667,40
2211684,50
2211711,237
2211737,149
2211738,35
2211747,41
2211750,69
2211761,22
2211791,26
2211794,48
2211799,125
2211834,37
2211854,131
2211886,22
2211930,20
2211940,20
2211952,34
2211969,137
2211992,49
2211995,20
2212001,77
2212048,28
2212097,201
2212123,21
2212138,22
2212149,28
2212252,35
2212290,35
2212365,32
2212389,165
2212393,34
2212410,42
2212457,25
2212461,73
2212475,121
2212505,20
2212520,36
2212537,25
2212551,38
2212558,28
2212575,153
2212666,39
2212675,43
2212773,24
2212808,29
2212819,25
2212829,22
2212859,110
2212862,90
2212865,25
2212898,279
2212932,35
2212952,66
2213031,115
2213048,28
2213053,32
2213069,21
2213084,24
2213106,87
2213225,20
2213227,54
2213233,24
2213241,31
2213294,26
2213304,50
2213327,52
2213345,28
2213373,24
2213408,33
2213409,46
2213416,22
2213426,21
2213450,34
2213510,34
2213529,133
2213539,21
2213559,200
2213617,46
2213619,27
2213622,38
2213651,33
2213709,23
2213723,132
2213725,44
2213783,113
2213797,21
2213820,47
2213825,140
2213833,71
2213838,80
2213858,22
2213879,130
2213891,24
2213921,36
2214044,161
2214049,44
2214053,23
2214077,80
2214099,44
2214100,25
2214135,226
2214148,22
2214152,20
2214178,56
2214210,39
2214212,35
2214237,123
2214250,112
2214277,40
2214308,24
2214337,27
2214384,69
2214402,21
2214415,38
2214453,26
2214481,268
2214499,34
2214507,118
2214518,63
2214530,29
2214572,38
2214575,20
2214577,22
2214672,22
2214676,196
2214682,27
2214706,28
2214729,48
2214802,74
2214804,24
2214851,47
2214852,34
2214882,31
2214896,90
2214897,72
2214908,31
2214912,204
2214928,43
2214942,58
2214985,317
2215003,86
2215041,23
2215051,30
2215055,53
2215082,24
2215096,24
2215128,26
2215153,28
2215163,31
2215164,299
2215182,35
2215192,59
2215274,23
2215281,49
2215321,104
2215368,25
2215371,31
2215373,25
2215375,284
2215381,36
2215382,36
2215414,20
2215425,21
2215442,68
2215469,24
2215471,122
2215494,49
2215507,176
2215509,56
2215510,249
2215518,114
2215576,37
2215598,131
2215636,22
2215693,33
2215797,23
2215857,23
2215940,28
2215972,37
2215998,95
2216014,46
2216038,44
2216049,80
2216053,498
2216102,39
2216126,24
2216141,35
2216152,36
2216169,91
2216172,93
2216197,49
2216221,47
2216254,21
2216265,25
2216294,21
2216300,91
2216343,32
2216344,22
2216372,37
2216400,33
2216492,21
2216511,25
2216513,58
2216560,36
2216563,31
2216595,38
2216603,84
2216607,20
2216697,231
2216757,22
2216767,69
2216783,153
2216791,22
2216833,29
2216859,40
2216876,101
2216889,28
2216924,71
2216943,335
2216963,27
2216999,23
2217005,80
2217016,432
2217039,23
2217040,40
2217047,223
2217051,34
2217064,60
2217078,233
2217112,20
2217150,52
2217170,23
2217206,28
2217218,22
2217227,130
2217279,94
2217289,36
2217290,63
2217301,93
2217320,40
2217323,40
2217326,23
2217375,20
2217391,20
2217425,35
2217442,23
2217443,36
2217448,26
2217471,80
2217510,35
2217525,39
2217547,40
2217569,25
2217630,60
2217696,20
2217704,63
2217724,57
2217766,32
2217816,33
2217826,25
2217877,23
2217889,49
2217892,44
2217904,26
2217920,22
2217964,22
2217974,29
2217984,63
2218020,53
2218028,60
2218032,40
2218069,35
2218071,27
2218096,21
2218109,20
2218119,46
2218134,48
2218142,28
2218184,176
2218201,43
2218273,22
2218289,80
2218354,27
2218400,20
2218405,131
2218421,22
2218435,20
2218454,66
2218490,25
2218491,211
2218492,67
2218576,27
2218589,87
2218608,167
2218621,70
2218656,60
2218657,47
2218703,72
2218714,46
2218777,155
2218906,39
2218964,24
2218965,36
2218975,20
2219023,36
2219035,21
2219044,29
2219048,207
2219049,81
2219050,400
2219071,479
2219095,56
2219097,167
2219151,37
2219210,113
2219315,152
2219348,30
2219374,27
2219389,20
2219390,277
2219415,42
2219429,27
2219520,116
2219521,462
2219545,61
2219575,84
2219585,52
2219612,109
2219652,67
2219680,29
2219681,21
2219761,24
2219773,48
2219788,43
2219807,21
2219857,27
2219859,48
2219885,31
2219897,29
2219902,20
2219939,133
2219961,105
2219968,23
2219972,58
2220030,42
2220034,43
2220045,25
2220077,22
2220145,38
2220168,39
2220169,38
2220179,35
2220252,68
2220282,35
2220323,61
2220328,20
2220406,24
2220447,31
2220463,61
2220471,40
2220477,22
2220512,66
2220529,184
2220551,21
2220639,20
2220653,55
2220654,48
2220656,28
2220680,47
2220706,76
2220711,43
2220721,20
2220740,24
2220769,21
2220810,44
2220813,47
2220885,27
2220895,36
2220916,21
2220927,26
2220945,23
2220949,41
2220989,32
2221000,34
2221020,98
2221041,34
2221045,317
2221059,21
2221084,80
2221109,27
2221112,85
2221117,46
2221119,61
2221126,20
2221159,44
2221220,184
2221258,58
2221264,32
2221276,62
2221344,48
2221345,20
2221383,60
2221409,27
2221467,105
2221468,50
2221483,21
2221560,22
2221594,20
2221599,25
2221612,30
2221620,43
2221634,82
2221657,37
2221660,33
2221670,26
2221716,26
2221724,35
2221756,213
2221790,162
2221800,96
2221808,20
2221833,29
2221880,155
2221903,26
2221965,109
2221992,28
2222000,30
2222003,25
2222012,22
2222025,22
2222040,50
2222049,52
2222060,215
2222068,39
2222107,233
2222167,96
2222178,22
2222187,24
2222196,30
2222210,40
2222218,22
2222318,24
2222325,56
2222336,51
2222422,33
2222453,40
2222474,36
2222513,72
2222539,56
2222561,20
2222575,125
2222597,109
2222601,126
2222658,175
2222668,54
2222678,35
2222719,24
2222729,23
2222752,34
2222760,30
2222820,24
2222826,48
2222830,25
2222835,50
2222846,34
2222889,24
2222895,31
2222898,65
2222929,65
2222947,52
2222968,27
2223030,49
2223069,101
2223089,25
2223125,213
2223139,124
2223145,42
2223149,24
2223202,36
2223247,20
2223253,33
2223283,31
2223287,163
2223353,47
2223372,61
2223423,31
2223440,132
2223459,19
2223478,100
2223574,21
2223588,210
2223605,22
2223613,20
2223618,93
2223619,20
2223688,105
2223692,54
2223709,145
2223724,27
2223736,21
2223745,41
2223750,51
2223774,34
2223784,23
2223798,24
2223823,59
2223841,21
2223843,322
2223853,21
2223856,35
2223869,66
2223887,31
2223918,21
2223957,31
2223999,20
2224002,20
2224010,21
2224057,26
2224065,22
2224080,24
2224108,47
2224109,30
2224112,37
2224122,64
2224152,21
2224173,20
2224194,29
2224217,99
2224236,44
2224238,25
2224248,28
2224252,48
2224278,108
2224282,48
2224285,69
2224309,141
2224334,27
2224359,37
2224423,440
2224424,200
2224435,35
2224441,238
2224495,20
2224497,47
2224513,43
2224550,24
2224623,107
2224628,19
2224633,260
2224649,171
2224682,37
2224693,22
2224706,74
2224727,173
2224758,321
2224791,21
2224848,25
2224883,29
2224988,26
2224998,30
2225018,86
2225032,22
2225034,22
2225070,35
2225098,31
2225143,36
2225164,38
2225171,30
2225289,43
2225311,83
2225317,100
2225329,94
2225334,27
2225358,25
2225366,59
2225377,52
2225396,22
2225432,20
2225466,22
2225513,150
2225519,56
2225537,28
2225550,22
2225553,78
2225568,44
2225589,52
2225612,327
2225639,69
2225669,39
2225694,23
2225712,34
2225741,27
2225750,22
2225779,30
2225827,44
2225920,101
2225995,64
2226002,68
2226038,101
2226064,71
2226088,22
2226091,46
2226108,22
2226109,20
2226120,151
2226159,20
2226160,28
2226180,39
2226197,30
2226201,22
2226204,232
2226215,208
2226234,20
2226267,20
2226307,20
2226361,69
2226433,21
2226481,23
2226502,25
2226503,36
2226511,28
2226578,504
2226618,75
2226624,28
2226680,21
2226684,70
2226708,82
2226714,21
2226716,21
2226727,55
2226776,30
2226804,98
2226813,21
2226820,22
2226825,21
2226826,23
2226841,65
2226868,22
2226984,20
2226990,50
2227012,21
2227055,34
2227059,30
2227065,61
2227135,39
2227155,23
2227177,136
2227202,20
2227210,81
2227234,92
2227241,116
2227276,26
2227285,130
2227307,28
2227313,19
2227320,53
2227354,59
2227373,24
2227409,25
2227509,35
2227512,69
2227514,23
2227527,81
2227552,29
2227585,31
2227606,48
2227653,32
2227656,26
2227672,21
2227684,320
2227691,68
2227699,60
2227758,46
2227779,92
2227785,23
2227809,75
2227810,31
2227828,170
2227842,30
2227847,51
2227858,46
2227901,51
2227908,104
2227963,22
2227988,384
2228013,180
2228020,24
2228048,37
2228055,173
2228107,19
2228115,23
2228131,21
2228139,24
2228152,23
2228201,26
2228228,31
2228242,38
2228268,51
2228283,34
2228288,52
2228310,39
2228326,33
2228363,41
2228366,33
2228368,27
2228409,29
2228410,58
2228434,64
2228501,21
2228516,21
2228553,56
2228597,56
2228623,48
2228643,118
2228652,27
2228656,39
2228668,21
2228723,38
2228724,39
2228746,21
2228754,30
2228784,53
2228864,67
2228876,27
2228894,28
2228901,98
2228916,60
2228929,22
2228952,151
2228994,20
2229060,155
2229097,39
2229100,76
2229120,41
2229126,19
2229135,194
2229156,36
2229180,23
2229211,112
2229237,90
2229262,27
2229306,63
2229315,27
2229316,28
2229317,31
2229340,22
2229349,25
2229367,34
2229380,29
2229399,49
2229411,22
2229412,87
2229440,56
2229473,127
2229475,49
2229512,51
2229521,103
2229537,32
2229538,28
2229558,20
2229607,53
2229617,51
2229632,56
2229666,20
2229668,48
2229670,36
2229696,80
2229755,34
2229769,20
2229779,22
2229782,20
2229785,44
2229801,43
2229844,27
2229866,85
2229870,22
2229896,27
2229906,30
2229950,139
2230009,20
2230036,21
2230042,25
2230078,95
2230103,61
2230146,48
2230196,20
2230226,68
2230227,28
2230237,38
2230247,39
2230264,59
2230270,110
2230277,28
2230300,36
2230331,86
2230347,24
2230348,21
2230432,36
2230485,207
2230501,70
2230502,42
2230553,26
2230565,27
2230568,20
2230571,42
2230584,40
2230611,54
2230657,35
2230685,61
2230714,25
2230733,40
2230787,42
2230795,71
2230841,29
2230851,20
2230853,23
2230860,218
2230865,20
2230875,29
2230878,37
2230898,28
2230912,20
2230932,20
2231000,28
2231023,105
2231074,55
2231084,37
2231092,122
2231099,72
2231151,25
2231168,30
2231187,24
2231188,183
2231215,50
2231224,20
2231250,141
2231267,251
2231314,21
2231347,38
2231376,47
2231462,39
2231482,25
2231510,19
2231516,21
2231628,265
2231650,20
2231664,84
2231691,96
2231692,76
2231696,98
2231823,386
2231825,164
2231908,31
2231914,34
2231926,53
2231956,40
2231978,32
2231991,67
2232052,23
2232056,21
2232095,27
2232142,56
2232153,20
2232160,22
2232173,22
2232174,21
2232180,21
2232186,20
2232199,37
2232222,24
2232223,30
2232237,142
2232261,79
2232287,25
2232314,20
2232323,118
2232344,103
2232420,66
2232428,21
2232441,319
2232508,47
2232540,69
2232556,70
2232587,29
2232634,36
2232638,68
2232674,34
2232694,23
2232700,266
2232706,25
2232788,27
2232791,27
2232799,40
2232803,26
2232906,20
2232965,23
2233030,25
2233046,101
2233049,42
2233055,97
2233081,28
2233096,55
2233101,20
2233158,24
2233224,43
2233237,391
2233264,48
2233279,221
2233282,184
2233347,31
2233354,34
2233372,54
2233398,33
2233399,23
2233408,24
2233431,32
2233436,45
2233521,24
2233527,25
2233536,24
2233537,20
2233623,27
2233645,37
2233662,24
2233681,24
2233696,24
2233697,29
2233700,290
2233703,41
2233704,50
2233784,41
2233792,20
2233795,35
2233841,29
2233856,28
2233874,30
2233939,126
2233978,42
2233983,20
2233985,154
2233998,23
2234024,44
2234038,203
2234052,35
2234062,29
2234069,22
2234091,25
2234099,36
2234101,21
2234114,21
2234118,33
2234119,69
2234126,34
2234180,25
2234181,66
2234208,21
2234212,22
2234257,29
2234312,50
2234344,83
2234374,40
2234394,28
2234414,45
2234426,127
2234489,332
2234529,20
2234598,65
2234611,21
2234622,73
2234648,24
2234689,28
2234691,56
2234719,40
2234771,84
2234778,36
2234804,32
2234824,20
2234841,21
2234892,33
2234931,76
2234933,24
2234938,21
2234944,37
2234965,21
2234993,33
2235022,22
2235031,370
2235064,33
2235078,21
2235080,51
2235101,42
2235131,127
2235175,74
2235216,42
2235262,22
2235278,21
2235283,31
2235292,43
2235293,25
2235335,20
2235337,22
2235370,44
2235371,21
2235389,80
2235398,44
2235407,26
2235423,22
2235469,22
2235474,26
2235479,502
2235481,33
2235518,382
2235554,74
2235648,27
2235649,54
2235672,21
2235673,110
2235683,91
2235716,25
2235731,33
2235746,135
2235796,82
2235843,29
2235848,26
2235854,23
2235874,27
2235898,20
2235911,22
2235937,421
2235938,31
2235980,30
2236012,52
2236016,25
2236017,69
2236039,48
2236060,49
2236099,26
2236105,33
2236116,75
2236144,38
2236156,21
2236158,45
2236192,112
2236200,21
2236208,25
2236212,216
2236282,36
2236288,35
2236320,36
2236329,26
2236338,35
2236348,26
2236369,21
2236421,28
2236450,33
2236493,231
2236536,45
2236541,34
2236560,20
2236561,27
2236570,26
2236582,49
2236645,20
2236657,34
2236708,74
2236717,47
2236719,65
2236762,85
2236788,47
2236794,321
2236865,38
2236878,42
2236907,76
2236932,29
2236978,25
2237007,30
2237024,42
2237032,38
2237035,20
2237050,57
2237094,96
2237105,24
2237131,22
2237133,175
2237160,50
2237171,32
2237186,43
2237194,38
2237216,35
2237237,23
2237283,25
2237298,32
2237429,38
2237430,23
2237458,38
2237470,106
2237523,38
2237532,41
2237682,22
2237711,38
2237730,22
2237743,26
2237780,21
2237796,32
2237806,22
2237840,84
2237846,28
2237855,106
2237871,165
2237914,46
2237929,109
2237947,39
2237954,22
2237964,27
2238010,63
2238033,142
2238070,63
2238099,73
2238133,59
2238139,97
2238164,22
2238174,22
2238219,158
2238228,20
2238237,29
2238276,32
2238280,57
2238321,27
2238322,99
2238348,33
2238354,22
2238381,22
2238458,30
2238459,27
2238464,175
2238507,41
2238551,20
2238606,67
2238611,25
2238616,45
2238617,30
2238636,72
2238639,21
2238725,33
2238726,20
2238735,72
2238739,71
2238746,34
2238782,29
2238791,28
2238816,25
2238818,37
2238827,66
2238838,186
2238841,57
2238910,32
2238958,36
2238960,31
2239034,20
2239041,20
2239123,33
2239137,223
2239167,21
2239170,27
2239258,171
2239276,23
2239338,49
2239386,97
2239396,80
2239411,49
2239414,20
2239420,210
2239425,40
2239430,21
2239431,424
2239460,57
2239488,55
2239491,26
2239591,25
2239636,32
2239647,132
2239650,21
2239659,39
2239713,165
2239731,35
2239756,24
2239763,29
2239786,21
2239796,23
2239797,25
2239837,94
2239841,88
2239847,66
2239851,31
2239872,108
2239916,23
2240019,431
2240050,28
2240075,68
2240086,39
2240093,26
2240110,33
2240112,25
2240134,56
2240139,289
2240143,23
2240158,20
2240177,28
2240179,48
2240203,75
2240209,34
2240233,49
2240234,25
2240304,20
2240388,46
2240391,62
2240464,72
2240504,108
2240527,20
2240541,19
2240548,24
2240553,24
2240555,28
2240592,20
2240609,21
2240620,23
2240643,58
2240659,209
2240704,20
2240784,26
2240817,31
2240819,37
2240842,35
2240851,293
2240887,25
2240943,66
2240977,23
2240978,57
2241019,65
2241028,25
2241049,21
2241059,27
2241077,35
2241084,69
2241101,160
2241186,284
2241214,31
2241288,42
2241289,31
2241302,29
2241326,33
2241341,21
2241361,30
2241449,20
2241457,102
2241478,36
2241496,27
2241521,42
2241542,121
2241591,31
2241625,27
2241635,25
2241651,34
2241756,81
2241768,26
2241806,48
2241879,20
2241882,167
2241893,47
2241938,26
2241946,40
2242054,37
2242055,30
2242109,154
2242116,113
2242146,34
2242175,23
2242180,36
2242199,241
2242200,75
2242209,36
2242242,40
2242265,28
2242289,77
2242316,68
2242326,24
2242340,29
2242343,43
2242353,50
2242354,25
2242415,22
2242419,21
2242439,54
2242444,60
2242478,27
2242489,46
2242557,26
2242595,25
2242619,47
2242632,53
2242660,20
2242673,25
2242717,37
2242728,30
2242794,20
2242797,22
2242806,25
2242885,19
2242932,115
2243024,105
2243052,21
2243063,33
2243096,31
2243139,20
2243164,34
2243207,35
2243212,24
2243230,58
2243303,22
2243326,20
2243327,63
2243362,63
2243366,148
2243372,27
2243402,166
2243467,24
2243477,25
2243478,27
2243523,27
2243529,61
2243574,101
2243581,21
2243591,52
2243599,54
2243625,232
2243661,43
2243678,43
2243729,23
2243734,28
2243748,20
2243814,33
2243840,57
2243853,28
2243861,273
2243875,21
2243885,30
2243893,27
2243897,391
2243936,27
2243939,184
2243943,22
2244015,79
2244063,38
2244071,81
2244080,149
2244119,24
2244129,24
2244137,27
2244173,41
2244188,25
2244194,29
2244231,104
2244257,47
2244261,193
2244291,27
2244301,26
2244311,43
2244363,20
2244412,21
2244450,52
2244461,34
2244462,179
2244532,364
2244551,26
2244557,26
2244562,36
2244566,54
2244616,37
2244620,26
2244627,25
2244647,25
2244680,59
2244685,25
2244693,57
2244695,23
2244696,31
2244714,20
2244758,20
2244776,27
2244790,66
2244794,21
2244797,77
2244852,26
2244945,21
2245063,26
2245076,32
2245097,20
2245127,37
2245219,34
2245235,22
2245265,66
2245275,52
2245315,40
2245348,27
2245410,28
2245425,35
2245466,131
2245481,20
2245556,21
2245593,44
2245594,35
2245612,28
2245634,21
2245658,33
2245696,25
2245700,133
2245701,30
2245710,99
2245739,33
2245854,53
2245878,22
2245891,38
2245892,44
2245894,34
2245910,38
2245917,57
2245921,20
2245930,113
2245938,42
2245939,132
2246004,49
2246023,95
2246072,51
2246113,113
2246173,24
2246210,23
2246224,57
2246228,213
2246231,32
2246242,34
2246289,38
2246306,257
2246314,20
2246325,61
2246327,29
2246364,199
2246386,21
2246400,49
2246409,102
2246477,25
2246513,200
2246553,28
2246626,68
2246638,29
2246653,360
2246656,23
2246676,25
2246685,21
2246688,26
2246712,29
2246714,33
2246728,85
2246743,20
2246750,54
2246756,192
2246770,20
2246777,31
2246779,43
2246799,22
2246802,23
2246804,54
2246821,34
2246823,101
2246843,25
2246858,20
2247027,26
2247048,30
2247082,29
2247091,53
2247118,24
2247129,22
2247150,74
2247157,51
2247203,31
2247207,28
2247240,27
2247250,26
2247258,33
2247265,21
2247295,39
2247324,121
2247367,24
2247377,58
2247420,20
2247440,23
2247460,20
2247469,44
2247506,57
2247523,208
2247525,20
2247566,138
2247573,42
2247589,127
2247601,61
2247619,21
2247691,39
2247692,55
2247723,128
2247736,28
2247800,367
2247855,57
2247884,56
2247929,22
2247955,21
2247962,38
2247984,27
2248072,26
2248085,20
2248113,45
2248166,109
2248177,32
2248186,54
2248198,61
2248205,34
2248233,28
2248259,26
2248314,103
2248322,68
2248340,28
2248383,32
2248416,21
2248455,28
2248490,31
2248496,32
2248501,22
2248600,90
2248635,290
2248646,22
2248659,21
2248661,83
2248666,29
2248683,30
2248689,25
2248697,60
2248700,91
2248714,29
2248740,142
2248771,27
2248807,29
2248812,36
2248895,29
2248909,71
2248912,23
2248992,50
2249001,48
2249006,49
2249035,23
2249078,43
2249084,58
2249090,24
2249144,37
2249157,117
2249171,96
2249204,32
2249217,31
2249246,31
2249295,105
2249334,22
2249351,25
2249384,56
2249388,33
2249401,24
2249402,157
2249415,47
2249433,82
2249436,43
2249463,42
2249515,25
2249520,96
2249522,22
2249524,42
2249530,20
2249531,30
2249552,22
2249606,34
2249621,33
2249641,30
2249687,23
2249703,55
2249719,24
2249760,42
2249770,107
2249783,43
2249798,27
2249850,35
2249882,42
2249897,33
2249899,25
2249932,34
2249934,54
2249938,40
2249975,40
2250011,24
2250015,40
2250097,38
2250143,21
2250170,22
2250184,66
2250212,36
2250213,31
2250275,25
2250305,31
2250331,22
2250366,36
2250370,86
2250402,22
2250416,47
2250421,33
2250453,287
2250454,25
2250459,28
2250476,86
2250494,36
2250502,40
2250520,83
2250533,172
2250628,28
2250665,70
2250706,49
2250722,105
2250744,59
2250756,31
2250758,33
2250763,37
2250787,20
2250799,26
2250811,118
2250822,23
2250833,23
2250837,291
2250905,29
2250937,163
2250943,44
2250959,26
2250963,27
2250981,80
2251005,42
2251037,44
2251064,45
2251068,34
2251110,32
2251114,48
2251117,46
2251146,102
2251157,477
2251191,36
2251217,28
2251220,95
2251224,30
2251372,25
2251396,26
2251431,45
2251434,37
2251471,32
2251480,23
2251539,30
2251550,38
2251553,69
2251556,43
2251616,28
2251640,20
2251711,28
2251798,81
2251896,25
2251939,344
2251950,66
2251989,44
2252003,220
2252078,25
2252094,20
2252118,511
2252138,390
2252178,27
2252184,19
2252193,29
2252234,20
2252242,55
2252245,24
2252253,33
2252259,37
2252328,134
2252348,63
2252359,48
2252384,83
2252405,437
2252423,47
2252460,66
2252463,60
2252474,246
2252484,20
2252489,52
2252492,22
2252504,30
2252509,88
2252512,29
2252517,21
2252526,55
2252548,23
2252586,32
2252655,23
2252663,24
2252673,79
2252705,36
2252716,28
2252732,55
2252747,31
2252762,38
2252770,24
2252771,22
2252797,36
2252907,22
2252969,24
2252974,20
2252976,46
2253038,45
2253048,26
2253055,38
2253069,87
2253168,27
2253173,26
2253190,33
2253209,35
2253325,225
2253328,112
2253349,56
2253357,50
2253386,38
2253472,27
2253502,23
2253567,182
2253576,21
2253592,20
2253608,20
2253610,138
2253614,96
2253633,24
2253650,24
2253668,24
2253698,48
2253738,48
2253752,26
2253776,22
2253815,24
2253817,29
2253819,210
2253834,71
2253856,35
2253888,98
2253910,30
2253917,46
2253982,24
2253997,37
2254025,41
2254033,42
2254055,29
2254067,27
2254079,20
2254134,74
2254137,20
2254145,57
2254149,37
2254170,26
2254214,21
2254222,47
2254283,21
2254299,26
2254424,46
2254457,30
2254467,42
2254483,39
2254496,20
2254537,42
2254540,69
2254577,32
2254580,55
2254591,32
2254594,95
2254661,105
2254681,27
2254685,31
2254691,42
2254712,66
2254729,22
2254744,21
2254761,61
2254774,28
2254780,476
2254799,27
2254802,71
2254846,34
2254890,45
2254922,22
2254954,197
2254962,28
2255054,22
2255119,52
2255173,23
2255181,27
2255193,65
2255210,28
2255213,167
2255230,48
2255247,295
2255273,21
2255313,23
2255362,52
2255363,41
2255385,24
2255401,29
2255407,23
2255442,36
2255474,20
2255528,31
2255561,106
2255606,32
2255643,36
2255660,24
2255676,45
2255704,73
2255707,24
2255729,49
2255754,142
2255802,151
2255803,63
2255819,19
2255826,28
2255833,19
2255850,21
2255861,32
2255876,102
2255880,20
2255886,21
2255901,22
2255940,22
2255980,47
2255995,103
2256003,51
2256004,22
2256032,37
2256061,28
2256073,21
2256113,46
2256115,47
2256116,43
2256159,34
2256168,31
2256170,41
2256267,40
2256272,50
2256332,24
2256390,183
2256393,30
2256418,112
2256434,35
2256437,23
2256447,24
2256474,52
2256475,35
2256487,47
2256497,107
2256499,55
2256641,27
2256643,21
2256696,35
2256700,26
2256707,21
2256776,118
2256898,414
2256908,125
2256910,31
2256916,24
2256954,84
2256980,28
2256994,142
2256996,32
2257017,31
2257020,40
2257054,24
2257090,21
2257098,35
2257110,215
2257143,25
2257144,75
2257145,29
2257220,28
2257228,21
2257259,354
2257267,50
2257284,30
2257326,31
2257327,186
2257334,39
2257356,41
2257391,20
2257422,26
2257424,29
2257438,51
2257480,66
2257503,28
2257559,20
2257565,24
2257592,80
2257616,40
2257621,32
2257638,79
2257660,79
2257686,41
2257700,27
2257706,372
2257709,29
2257714,28
2257718,54
2257762,33
2257787,20
2257805,32
2257824,20
2257841,28
2257851,34
2257861,55
2257956,499
2257957,56
2257960,60
2257966,35
2257971,37
2257981,34
2257983,26
2257990,21
2258009,38
2258014,20
2258015,26
2258081,85
2258082,44
2258128,62
2258136,46
2258137,85
2258233,262
2258259,29
2258266,35
2258294,97
2258302,74
2258312,38
2258339,77
2258420,84
2258424,50
2258484,46
2258521,31
2258575,359
2258606,108
2258609,30
2258686,23
2258714,57
2258719,54
2258777,86
2258779,21
2258783,55
2258784,26
2258794,30
2258808,59
2258812,27
2258816,24
2258848,37
2258900,85
2258927,68
2258965,37
2258988,90
2259047,31
2259068,20
2259090,332
2259094,22
2259134,83
2259136,57
2259138,20
2259157,57
2259184,35
2259199,25
2259208,34
2259231,63
2259235,40
2259244,386
2259272,31
2259275,21
2259276,98
2259309,35
2259311,25
2259318,25
2259333,28
2259388,31
2259443,27
2259447,42
2259456,88
2259465,54
2259490,301
2259491,115
2259507,24
2259518,164
2259563,111
2259577,58
2259643,31
2259716,21
2259717,188
2259727,23
2259763,36
2259788,31
2259805,115
2259854,22
2259871,25
2259888,62
2259900,218
2259954,33
2259957,87
2259963,47
2259970,114
2259980,205
2260004,64
2260016,21
2260030,34
2260033,30
2260053,139
2260067,29
2260077,25
2260095,28
2260099,20
2260127,20
2260128,21
2260234,158
2260240,22
2260313,34
2260315,132
2260347,39
2260354,26
2260390,39
2260400,25
2260464,40
2260473,34
2260513,31
2260558,22
2260563,34
2260588,26
2260589,203
2260624,19
2260688,48
2260690,36
2260781,49
2260797,49
2260798,25
2260829,20
2260841,25
2260921,101
2260945,98
2260956,29
2260970,52
2260990,20
2261000,38
2261008,24
2261016,20
2261105,29
2261146,28
2261161,228
2261184,21
2261200,31
2261258,28
2261265,31
2261289,90
2261303,37
2261305,73
2261312,36
2261315,20
2261399,28
2261456,24
2261493,38
2261513,111
2261537,28
2261563,26
2261569,20
2261616,20
2261645,109
2261654,22
2261670,21
2261678,69
2261679,29
2261686,24
2261696,21
2261698,35
2261719,94
2261726,21
2261737,23
2261785,327
2261797,148
2261817,34
2261824,59
2261828,20
2261835,150
2261851,34
2261854,22
2261868,25
2261882,23
2261907,59
2261958,27
2261962,32
2261964,21
2262099,57
2262129,20
2262180,21
2262203,69
2262240,117
2262296,102
2262321,50
2262324,110
2262360,164
2262365,36
2262396,425
2262398,26
2262456,109
2262499,23
2262528,19
2262537,20
2262548,23
2262574,35
2262600,71
2262616,57
2262622,20
2262630,20
2262658,21
2262678,46
2262770,29
2262774,22
2262794,24
2262825,25
2262830,44
2262841,24
2262854,29
2262876,31
2262915,27
2262946,28
2262981,20
2262991,55
2263034,68
2263035,37
2263036,33
2263084,23
2263098,116
2263100,25
2263109,83
2263112,29
2263115,45
2263148,45
2263153,41
2263169,48
2263170,38
2263191,37
2263220,58
2263231,36
2263261,37
2263305,30
2263387,334
2263448,28
2263450,215
2263465,20
2263503,59
2263516,55
2263545,43
2263550,28
2263559,29
2263596,57
2263615,199
2263649,74
2263676,25
2263728,49
2263731,195
2263769,20
2263801,53
2263840,21
2263907,21
2263911,181
2263917,82
2263949,64
2263964,308
2263988,450
2264001,22
2264002,20
2264019,29
2264041,21
2264117,87
2264180,35
2264196,35
2264204,83
2264205,47
2264223,85
2264228,22
2264229,28
2264277,23
2264279,20
2264301,21
2264311,25
2264355,97
2264359,28
2264397,48
2264487,37
2264519,327
2264541,52
2264545,25
2264562,25
2264576,21
2264577,26
2264588,23
2264595,71
2264602,20
2264634,24
2264637,28
2264647,22
2264650,41
2264681,22
2264691,31
2264791,22
2264819,40
2264866,21
2264886,21
2264917,28
2264941,308
2264973,53
2264990,40
2264999,94
2265034,413
2265074,23
2265142,37
2265194,28
2265242,41
2265244,61
2265267,51
2265287,36
2265305,136
2265330,62
2265337,43
2265367,262
2265410,42
2265429,20
2265437,65
2265450,52
2265452,63
2265464,32
2265490,26
2265502,33
2265504,21
2265539,20
2265540,22
2265592,35
2265611,46
2265630,39
2265645,22
2265646,21
2265689,78
2265764,48
2265779,20
2265829,23
2265913,35
2265952,52
2265957,26
2265965,42
2265968,159
2266000,217
2266025,32
2266036,29
2266088,33
2266160,77
2266242,126
2266301,36
2266318,20
2266319,20
2266339,27
2266340,223
2266387,110
2266391,443
2266396,27
2266425,166
2266451,34
2266479,25
2266511,26
2266573,79
2266605,31
2266628,42
2266638,22
2266640,23
2266740,24
2266747,71
2266770,112
2266779,41
2266782,32
2266794,25
2266833,21
2266865,24
2266867,30
2266870,20
2266871,146
2266879,107
2266920,30
2266932,156
2266935,30
2266946,68
2267018,20
2267027,20
2267071,33
2267082,48
2267091,25
2267103,21
2267113,27
2267119,23
2267122,33
2267128,38
2267134,20
2267177,37
2267222,50
2267316,23
2267354,24
2267375,42
2267394,37
2267395,26
2267414,375
2267428,37
2267441,26
2267449,62
2267471,72
2267486,20
2267488,31
2267495,65
2267499,28
2267523,34
2267614,46
2267626,21
2267660,57
2267701,20
2267720,28
2267723,24
2267741,20
2267743,24
2267746,74
2267758,23
2267760,201
2267778,102
2267789,34
2267790,22
2267815,216
2267824,21
2267867,30
2267885,22
2267902,25
2267905,24
2267933,52
2267947,26
2267967,20
2267983,24
2268005,255
2268013,78
2268030,81
2268047,25
2268069,52
2268077,24
2268122,306
2268137,20
2268152,44
2268188,190
2268221,32
2268307,20
2268326,47
2268338,25
2268409,62
2268428,25
2268510,99
2268535,34
2268536,40
2268548,42
2268553,41
2268584,104
2268586,66
2268627,20
2268628,65
2268629,130
2268646,27
2268664,34
2268697,54
2268722,60
2268747,106
2268750,22
2268837,22
2268881,22
2268882,381
2268893,25
2268945,30
2268960,22
2268964,178
2268972,33
2268994,49
2269023,21
2269032,24
2269055,145
2269066,391
2269067,45
2269071,22
2269079,47
2269141,30
2269145,90
2269150,49
2269193,121
2269198,28
2269222,59
2269243,41
2269261,30
2269270,60
2269295,20
2269300,25
2269335,20
2269382,26
2269389,52
2269458,21
2269504,41
2269514,31
2269528,27
2269552,176
2269566,82
2269597,28
2269659,86
2269682,22
2269703,21
2269730,39
2269746,35
2269790,32
2269799,86
2269833,28
2269845,31
2269846,86
2269857,82
2269862,88
2269886,278
2269895,68
2269906,41
2269944,40
2269957,215
2269970,36
2269984,23
2269998,31
2270031,20
2270074,20
2270113,24
2270136,25
2270145,50
2270164,48
2270215,354
2270217,20
2270221,25
2270229,27
2270252,20
2270288,52
2270295,33
2270300,181
2270310,33
2270318,57
2270464,45
2270546,130
2270555,119
2270556,21
2270557,30
2270558,35
2270561,22
2270563,253
2270632,21
2270661,22
2270680,42
2270713,25
2270715,35
2270724,47
2270757,38
2270782,22
2270797,36
2270859,52
2270904,58
2270915,84
2271018,42
2271040,29
2271048,26
2271100,296
2271139,55
2271189,31
2271308,114
2271348,21
2271381,90
2271384,457
2271391,20
2271399,27
2271447,26
2271460,93
2271468,26
2271474,111
2271547,50
2271557,42
2271619,330
2271641,20
2271663,24
2271677,51
2271680,37
2271704,27
2271705,114
2271724,41
2271727,21
2271755,32
2271811,29
2271820,102
2271865,54
2271870,42
2271871,55
2271892,129
2272040,21
2272075,57
2272081,55
2272097,27
2272098,56
2272165,94
2272199,33
2272200,24
2272253,37
2272276,326
2272306,434
2272320,77
2272357,77
2272363,50
2272369,75
2272373,22
2272374,45
2272396,40
2272397,20
2272402,34
2272415,29
2272424,33
2272435,28
2272437,86
2272524,21
2272557,24
2272561,77
2272565,19
2272571,50
2272599,44
2272625,41
2272628,21
2272671,22
2272709,20
2272711,93
2272719,21
2272740,32
2272753,35
2272784,30
2272799,167
2272817,19
2272837,67
2272925,77
2272960,20
2273035,50
2273052,28
2273079,22
2273119,21
2273126,20
2273133,22
2273141,20
2273161,152
2273212,28
2273217,59
2273246,105
2273316,26
2273322,22
2273324,33
2273357,23
2273394,327
2273397,37
2273401,44
2273409,69
2273431,173
2273442,40
2273446,173
2273456,27
2273467,31
2273483,30
2273484,53
2273503,38
2273519,37
2273541,61
2273570,306
2273661,143
2273683,23
2273768,36
2273782,31
2273791,28
2273866,22
2273868,93
2273893,25
2273905,109
2273906,36
2273915,27
2273940,73
2273985,20
2273986,140
2274027,47
2274066,142
2274084,34
2274123,157
2274126,32
2274139,67
2274142,48
2274143,42
2274164,32
2274197,21
2274205,190
2274240,30
2274241,22
2274263,39
2274264,42
2274293,20
2274340,61
2274348,35
2274349,53
2274361,21
2274376,73
2274415,99
2274431,56
2274511,38
2274512,21
2274521,248
2274543,27
2274566,24
2274585,46
2274595,20
2274604,21
2274605,26
2274645,22
2274660,22
2274682,31
2274683,112
2274712,25
2274733,23
2274754,21
2274797,40
2274817,28
2274819,22
2274823,116
2274837,37
2274850,121
2274860,26
2274863,22
2274878,43
2274887,144
2274929,69
2274961,56
2274973,21
2274992,66
2274997,34
2275027,31
2275048,102
2275058,20
2275071,21
2275102,29
2275121,49
2275150,21
2275155,26
2275182,44
2275185,28
2275186,24
2275202,23
2275240,21
2275246,36
2275286,24
2275334,21
2275381,170
2275406,56
2275451,27
2275456,29
2275460,23
2275508,31
2275520,97
2275551,22
2275582,28
2275588,47
2275590,20
2275593,27
2275605,31
2275630,19
2275679,25
2275683,68
2275748,96
2275750,36
2275772,40
2275783,22
2275807,58
2275820,20
2275829,58
2275845,197
2275872,66
2275943,23
2275953,55
2276013,20
2276055,35
2276059,123
2276061,31
2276068,54
2276087,89
2276098,70
2276109,38
2276124,86
2276153,100
2276164,26
2276169,28
2276227,291
2276243,20
2276262,31
2276274,201
2276355,27
2276383,38
2276466,149
2276476,22
2276487,177
2276492,20
2276517,23
2276541,24
2276593,86
2276612,20
2276615,46
2276624,59
2276630,37
2276648,42
2276685,46
2276694,46
2276715,66
2276763,28
2276767,43
2276782,28
2276797,55
2276833,39
2276843,57
2276844,112
2276864,32
2276894,57
2276910,157
2276917,28
2276931,23
2276945,192
2276948,149
2277012,26
2277037,49
2277047,274
2277097,52
2277105,24
2277113,25
2277193,109
2277220,234
2277245,31
2277248,57
2277306,24
2277315,147
2277324,22
2277410,26
2277421,69
2277442,21
2277446,33
2277453,37
2277459,28
2277499,28
2277502,34
2277528,79
2277558,22
2277612,30
2277648,21
2277659,40
2277679,52
2277728,80
2277745,224
2277769,37
2277787,24
2277848,238
2277872,41
2277909,74
2277910,22
2277975,50
2277978,23
2277993,32
2277994,27
2278038,31
2278115,47
2278128,29
2278138,44
2278160,25
2278166,31
2278167,29
2278199,43
2278203,27
2278244,25
2278248,20
2278260,39
2278287,381
2278297,21
2278432,67
2278504,31
2278523,259
2278524,61
2278531,43
2278588,140
2278594,53
2278602,27
2278614,123
2278618,48
2278649,34
2278659,27
2278716,187
2278731,23
2278752,24
2278777,28
2278810,21
2278816,21
2278825,139
2278840,32
2278884,24
2278924,214
2278925,21
2278958,52
2278991,32
2279026,42
2279078,20
2279082,65
2279085,149
2279087,35
2279095,24
2279098,21
2279107,20
2279120,38
2279134,98
2279138,24
2279202,30
2279207,35
2279215,26
2279216,45
2279221,32
2279225,62
2279232,165
2279260,29
2279286,21
2279289,48
2279331,30
2279332,173
2279346,54
2279356,25
2279364,53
2279375,34
2279401,27
2279419,145
2279421,33
2279458,41
2279463,54
2279471,28
2279496,99
2279529,26
2279530,20
2279533,50
2279536,29
2279649,26
2279669,21
2279774,23
2279775,25
2279778,28
2279790,154
2279809,61
2279829,32
2279865,164
2279874,48
2279887,25
2279918,28
2279942,24
2279946,27
2279973,22
2280036,51
2280049,40
2280083,33
2280092,475
2280097,24
2280134,23
2280144,19
2280146,361
2280151,22
2280184,36
2280198,21
2280237,21
2280238,31
2280256,27
2280271,230
2280279,53
2280285,26
2280311,78
2280317,153
2280344,41
2280360,28
2280389,35
2280393,122
2280493,26
2280554,166
2280567,27
2280570,167
2280608,33
2280611,20
2280654,106
2280693,21
2280704,249
2280726,33
2280728,44
2280764,29
2280768,21
2280812,122
2280832,21
2280833,29
2280855,21
2280858,34
2280872,404
2280918,40
2280947,23
2280956,46
2280962,23
2280985,29
2281071,22
2281167,39
2281184,22
2281211,30
2281265,22
2281286,26
2281321,24
2281332,25
2281342,78
2281361,32
2281405,20
2281491,21
2281525,117
2281546,127
2281605,32
2281626,21
2281628,50
2281653,36
2281658,24
2281705,26
2281722,20
2281767,35
2281786,38
2281823,37
2281893,27
2281894,42
2281898,117
2281915,35
2281924,445
2281934,91
2281957,33
2281958,28
2281991,33
2281999,31
2282005,38
2282044,48
2282055,31
2282056,99
2282077,21
2282107,121
2282108,99
2282122,42
2282139,280
2282168,54
2282178,34
2282193,26
2282209,33
2282294,35
2282349,21
2282379,26
2282386,33
2282429,21
2282473,56
2282474,22
2282492,34
2282496,173
2282522,28
2282539,285
2282560,197
2282601,83
2282621,20
2282640,25
2282692,21
2282740,29
2282773,53
2282825,27
2282829,38
2282838,33
2282843,82
2282935,39
2282982,25
2282999,97
2283009,32
2283010,28
2283014,35
2283033,23
2283073,110
2283116,23
2283127,23
2283144,149
2283227,311
2283252,32
2283256,95
2283260,27
2283264,34
2283316,48
2283354,23
2283357,22
2283387,221
2283463,32
2283467,24
2283489,113
2283498,47
2283509,75
2283545,25
2283608,45
2283631,77
2283650,67
2283661,64
2283668,177
2283714,69
2283729,21
2283730,48
2283811,44
2283821,92
2283860,44
2283861,22
2283867,43
2283891,38
2283910,34
2283921,44
2283940,27
2283950,33
2283963,36
2284025,73
2284041,32
2284043,88
2284081,28
2284085,35
2284100,20
2284141,275
2284142,42
2284151,36
2284157,86
2284178,61
2284179,30
2284189,170
2284210,31
2284340,73
2284367,34
2284383,261
2284431,34
2284444,54
2284483,323
2284531,27
2284538,89
2284550,20
2284576,26
2284584,78
2284588,46
2284623,174
2284652,32
2284659,72
2284679,43
2284682,22
2284712,92
2284726,53
2284742,26
2284769,48
2284777,77
2284823,23
2284848,48
2284855,82
2284879,20
2284889,52
2284921,25
2284922,24
2284963,42
2285000,19
2285011,151
2285026,41
2285052,35
2285053,24
2285061,76
2285091,23
2285112,52
2285134,62
2285140,274
2285159,23
2285178,20
2285192,22
2285194,22
2285224,61
2285237,67
2285249,205
2285259,22
2285261,45
2285267,21
2285314,24
2285317,24
2285390,159
2285407,25
2285418,30
2285428,28
2285485,21
2285501,150
2285524,68
2285546,24
2285548,22
2285550,48
2285572,78
2285612,47
2285646,33
2285647,108
2285710,93
2285735,26
2285742,63
2285749,33
2285752,28
2285768,22
2285777,30
2285785,68
2285786,33
2285790,42
2285823,34
2285831,32
2285841,50
2285878,44
2285949,68
2285972,42
2285973,20
2286042,22
2286049,28
2286079,25
2286095,38
2286137,366
2286167,27
2286168,102
2286170,24
2286184,21
2286247,65
2286254,34
2286278,77
2286304,20
2286318,24
2286336,29
2286344,30
2286346,60
2286358,22
2286391,25
2286395,57
2286428,39
2286445,31
2286452,23
2286461,23
2286472,83
2286490,135
2286496,26
2286537,19
2286540,25
2286547,21
2286603,100
2286637,26
2286683,77
2286706,25
2286713,24
2286714,155
2286776,70
2286817,36
2286831,34
2286870,28
2286901,32
2286903,21
2286906,21
2286924,26
2286963,26
2287072,50
2287103,25
2287110,27
2287132,25
2287224,20
2287225,22
2287314,96
2287333,324
2287350,20
2287368,30
2287373,43
2287472,36
2287495,34
2287500,395
2287515,76
2287517,311
2287524,58
2287539,72
2287550,35
2287598,22
2287622,225
2287635,61
2287702,436
2287703,20
2287763,21
2287765,31
2287772,26
2287785,74
2287796,68
2287884,28
2287894,19
2287929,46
2287943,280
2287985,25
2287987,42
2288010,53
2288019,26
2288020,30
2288063,31
2288064,25
2288087,32
2288096,33
2288123,48
2288134,20
2288143,52
2288190,28
2288238,50
2288255,44
2288324,41
2288334,40
2288335,120
2288337,43
2288351,54
2288402,27
2288472,489
2288484,34
2288492,37
2288496,21
2288522,31
2288550,34
2288554,48
2288586,51
2288620,71
2288632,183
2288743,21
2288813,48
2288838,28
2288871,21
2288917,49
2288918,21
2288952,40
2289001,21
2289013,26
2289014,21
2289036,31
2289049,21
2289076,59
2289110,20
2289265,20
2289365,133
2289389,54
2289411,27
2289418,185
2289432,29
2289455,28
2289464,66
2289470,55
2289484,54
2289509,28
2289521,33
2289527,21
2289532,23
2289559,21
2289588,184
2289638,33
2289639,81
2289645,25
2289661,251
2289671,99
2289713,56
2289714,35
2289718,22
2289722,108
2289734,104
2289736,30
2289753,31
2289795,36
2289843,20
2289870,22
2289921,27
2289982,40
2290013,41
2290016,22
2290030,70
2290041,328
2290069,26
2290090,44
2290116,36
2290117,34
2290225,28
2290232,72
2290279,34
2290280,54
2290302,20
2290355,55
2290378,43
2290410,108
2290428,25
2290469,364
2290476,157
2290513,93
2290522,118
2290552,23
2290572,38
2290616,79
2290728,23
2290756,31
2290815,20
2290852,69
2290855,35
2290879,23
2290897,78
2290942,27
2290951,21
2290990,47
2291016,102
2291079,38
2291085,40
2291105,37
2291126,264
2291145,26
2291176,439
2291184,23
2291203,134
2291214,36
2291225,52
2291266,35
2291269,401
2291283,31
2291337,21
2291343,71
2291384,23
2291417,19
2291513,22
2291533,221
2291612,23
2291626,180
2291650,27
2291657,34
2291676,24
2291683,26
2291684,25
2291719,29
2291730,23
2291756,29
2291782,20
2291916,31
2291941,33
2291942,27
2291953,35
2291956,28
2292015,33
2292033,39
2292066,276
2292093,80
2292098,73
2292110,31
2292140,143
2292191,75
2292226,27
2292236,254
2292284,115
2292288,37
2292324,25
2292337,172
2292354,47
2292367,28
2292445,57
2292447,480
2292450,88
2292451,25
2292480,35
2292508,30
2292534,20
2292539,23
2292569,42
2292571,33
2292619,40
2292684,25
2292714,34
2292726,41
2292729,46
2292736,30
2292807,418
2292840,32
2292857,124
2292859,49
2292873,25
2292898,28
2292918,26
2292930,22
2292953,53
2292969,117
2292970,25
2292994,20
2292995,25
2293008,20
2293030,368
2293072,31
2293088,23
2293114,69
2293131,27
2293132,35
2293164,138
2293202,43
2293236,27
2293239,20
2293243,129
2293245,33
2293255,49
2293265,29
2293289,53
2293291,28
2293295,21
2293314,43
2293315,22
2293317,41
2293325,52
2293344,39
2293420,25
2293441,21
2293453,53
2293498,28
2293537,28
2293545,36
2293562,24
2293591,177
2293604,40
2293611,32
2293629,44
2293698,100
2293741,28
2293745,25
2293841,22
2293876,31
2293911,40
2293954,38
2293988,20
2293991,27
2294020,30
2294021,42
2294083,231
2294085,22
2294100,31
2294113,75
2294131,26
2294143,23
2294152,80
2294185,116
2294187,32
2294206,29
2294236,24
2294267,20
2294269,70
2294294,65
2294318,134
2294323,27
2294335,40
2294365,92
2294432,23
2294433,84
2294444,29
2294478,26
2294484,62
2294514,98
2294532,22
2294571,35
2294608,39
2294631,47
2294641,45
2294702,28
2294705,60
2294740,21
2294764,59
2294775,43
2294785,23
2294816,23
2294843,22
2294846,159
2294927,21
2294966,38
2294985,28
2295017,26
2295034,30
2295049,125
2295061,218
2295126,21
2295128,123
2295154,35
2295163,63
2295178,21
2295226,36
2295229,30
2295267,69
2295292,34
2295305,23
2295336,50
2295337,104
2295367,22
2295421,21
2295446,43
2295479,20
2295480,26
2295505,19
2295515,25
2295516,24
2295542,134
2295562,20
2295649,23
2295652,38
2295730,21
2295741,27
2295755,24
2295797,20
2295837,28
2295848,26
2295865,45
2295866,25
2295926,69
2295949,72
2295956,211
2296012,31
2296043,32
2296048,57
2296070,31
2296074,31
2296078,32
2296092,31
2296096,20
2296112,25
2296122,26
2296151,73
2296198,22
2296205,145
2296221,49
2296234,79
2296258,23
2296279,33
2296416,66
2296420,28
2296434,49
2296451,137
2296473,43
2296512,48
2296545,33
2296548,28
2296572,24
2296620,31
2296629,46
2296676,114
2296681,27
2296708,192
2296712,25
2296764,36
2296785,52
2296846,21
2296951,35
2296993,23
2297013,51
2297038,24
2297079,19
2297099,24
2297125,167
2297159,22
2297201,218
2297209,26
2297263,275
2297266,29
2297307,28
2297334,33
2297346,132
2297357,37
2297397,108
2297417,309
2297425,26
2297486,36
2297569,39
2297585,28
2297601,64
2297669,24
2297691,60
2297699,41
2297716,23
2297761,118
2297789,95
2297813,30
2297830,84
2297854,41
2297881,30
2297927,25
2297987,63
2297996,33
2297999,33
2298015,26
2298022,22
2298025,32
2298030,26
2298072,43
2298076,340
2298097,56
2298109,22
2298125,79
2298126,36
2298137,31
2298148,25
2298164,104
2298203,67
2298232,249
2298261,47
2298267,32
2298320,337
2298367,27
2298420,20
2298440,24
2298464,96
2298476,289
2298477,25
2298487,36
2298491,21
2298540,82
2298572,55
2298591,149
2298599,20
2298609,48
2298615,26
2298617,45
2298625,79
2298631,87
2298657,49
2298676,28
2298754,24
2298763,29
2298805,25
2298811,37
2298838,41
2298839,47
2298847,20
2298855,30
2298912,27
2298937,26
2298941,55
2298947,87
2298956,28
2298975,41
2298983,38
2298988,48
2298991,19
2298995,24
2299030,22
2299036,64
2299050,111
2299056,105
2299081,31
2299094,48
2299130,36
2299173,22
2299181,44
2299185,24
2299188,64
2299200,30
2299204,34
2299221,25
2299245,22
2299246,24
2299250,31
2299285,28
2299304,61
2299312,26
2299330,37
2299331,23
2299334,195
2299345,46
2299351,122
2299360,29
2299373,108
2299403,23
2299419,21
2299460,22
2299499,40
2299525,40
2299564,35
2299597,25
2299611,59
2299633,105
2299634,39
2299661,85
2299680,75
2299684,24
2299689,44
2299710,47
2299731,30
2299748,22
2299814,44
2299818,21
2299858,25
2299872,38
2299897,24
2299910,21
2299935,60
2299976,43
2299978,20
2299992,42
2300005,19
2300064,20
2300153,86
2300184,29
2300270,43
2300276,262
2300277,66
2300302,257
2300319,149
2300345,48
2300350,23
2300374,42
2300375,118
2300378,81
2300391,32
2300410,33
2300432,25
2300457,25
2300470,28
2300488,32
2300491,22
2300535,22
2300555,42
2300560,24
2300572,39
2300586,26
2300594,27
2300631,293
2300647,22
2300649,22
2300692,41
2300694,20
2300695,31
2300712,92
2300713,24
2300748,27
2300779,24
2300780,181
2300792,57
2300799,24
2300801,75
2300819,90
2300843,22
2300862,26
2300867,23
2300885,44
2300886,31
2300946,23
2300986,42
2301093,26
2301134,113
2301138,93
2301206,28
2301248,144
2301276,33
2301281,29
2301293,80
2301300,30
2301305,97
2301327,66
2301339,41
2301340,64
2301341,24
2301371,33
2301374,27
2301435,50
2301436,36
2301464,25
2301493,97
2301525,180
2301567,93
2301591,50
2301615,34
2301639,217
2301645,25
2301675,51
2301681,26
2301728,21
2301795,98
2301821,76
2301832,24
2301835,71
2301843,24
2301851,23
2301909,28
2302097,46
2302151,164
2302204,39
2302229,25
2302243,20
2302276,42
2302281,88
2302339,64
2302348,49
2302350,66
2302355,24
2302386,47
2302418,47
2302419,61
2302423,46
2302427,21
2302432,41
2302488,51
2302498,55
2302531,20
2302532,35
2302537,52
2302579,44
2302586,22
2302618,119
2302624,48
2302656,34
2302668,191
2302674,44
2302691,25
2302697,216
2302710,39
2302711,79
2302752,337
2302777,36
2302794,32
2302957,40
2302961,60
2303008,22
2303014,442
2303028,41
2303040,59
2303049,157
2303051,19
2303058,21
2303059,58
2303060,22
2303139,22
2303143,35
2303145,63
2303186,24
2303192,20
2303212,25
2303214,25
2303257,29
2303266,98
2303276,174
2303304,49
2303321,22
2303343,42
2303356,77
2303398,21
2303420,24
2303446,26
2303501,70
2303514,34
2303535,42
2303541,21
2303551,70
2303583,146
2303591,27
2303605,67
2303615,32
2303617,49
2303668,24
2303676,24
2303699,38
2303740,20
2303751,349
2303762,70
2303771,31
2303772,25
2303810,20
2303834,27
2303887,32
2303899,21
2303902,300
2303922,31
2303980,21
2303997,55
2304024,36
2304038,21
2304052,48
2304055,28
2304104,38
2304105,217
2304165,421
2304192,183
2304329,62
2304360,22
2304366,37
2304389,26
2304409,26
2304441,20
2304493,21
2304496,47
2304535,43
2304562,27
2304580,26
2304613,25
2304620,29
2304650,336
2304654,20
2304667,24
2304686,34
2304711,61
2304725,38
2304727,22
2304736,29
2304799,82
2304820,41
2304958,34
2304983,20
2304992,20
2305042,23
2305045,41
2305057,21
2305102,70
2305165,163
2305168,42
2305191,33
2305265,25
2305381,33
2305410,41
2305440,219
2305441,93
2305501,22
2305515,89
2305516,23
2305558,126
2305560,23
2305620,64
2305634,35
2305656,50
2305673,29
2305706,107
2305729,25
2305791,41
2305881,66
2305894,20
2305950,28
2305951,64
2306000,30
2306011,139
2306040,43
2306046,30
2306050,21
2306066,134
2306067,38
2306068,26
2306072,443
2306088,21
2306124,30
2306134,20
2306165,52
2306168,113
2306213,25
2306218,26
2306223,32
2306260,21
2306273,23
2306296,22
2306307,227
2306343,34
2306354,29
2306362,19
2306377,34
2306378,30
2306389,31
2306399,25
2306513,41
2306520,26
2306545,27
2306604,49
2306618,39
2306639,36
2306676,26
2306702,20
2306704,43
2306735,20
2306745,28
2306749,210
2306777,33
2306780,30
2306808,243
2306816,21
2306825,75
2306827,33
2306843,23
2306852,35
2306859,174
2306884,37
2306922,29
2306923,28
2306982,41
2306988,38
2306998,20
2307004,40
2307046,93
2307055,72
2307090,169
2307091,85
2307094,106
2307107,296
2307113,91
2307126,21
2307146,41
2307199,23
2307201,98
2307247,65
2307250,24
2307255,20
2307300,225
2307318,20
2307371,75
2307377,63
2307400,68
2307404,77
2307425,34
2307440,25
2307449,24
2307453,25
2307478,36
2307519,24
2307526,78
2307530,93
2307563,37
2307565,253
2307591,202
2307618,58
2307621,22
2307696,34
2307738,25
2307814,69
2307831,37
2307868,314
2307873,50
2307912,389
2307935,64
2307959,42
2307970,38
2307975,21
2308026,24
2308062,32
2308150,82
2308152,327
2308177,40
2308180,35
2308183,34
2308203,66
2308222,34
2308257,65
2308271,56
2308298,24
2308314,33
2308343,168
2308386,21
2308397,29
2308398,48
2308433,34
2308449,135
2308450,20
2308451,30
2308493,21
2308537,21
2308538,85
2308577,39
2308592,23
2308637,38
2308687,25
2308736,209
2308741,21
2308769,21
2308819,23
2308827,65
2308855,96
2308869,31
2308878,31
2308883,43
2308890,85
2308964,65
2309027,23
2309045,64
2309060,63
2309081,25
2309123,20
2309183,61
2309190,36
2309205,39
2309227,53
2309235,231
2309260,78
2309370,26
2309397,49
2309404,20
2309408,61
2309477,24
2309507,75
2309523,31
2309526,62
2309537,22
2309558,21
2309575,31
2309613,22
2309671,25
2309677,22
2309713,178
2309714,32
2309732,45
2309739,41
2309758,67
2309786,35
2309834,30
2309877,180
2309879,32
2309917,101
2309922,25
2309932,22
2309959,25
2310002,73
2310012,26
2310054,56
2310081,21
2310090,23
2310141,31
2310169,31
2310173,42
2310193,22
2310218,293
2310225,155
2310375,31
2310380,80
2310399,25
2310400,94
2310408,72
2310409,31
2310415,23
2310427,25
2310433,31
2310454,65
2310465,22
2310466,45
2310493,42
2310514,21
2310532,31
2310611,90
2310689,47
2310736,36
2310737,332
2310818,30
2310821,35
2310830,38
2310868,29
2310901,33
2310961,30
2310965,24
2310985,22
2310997,34
2311005,27
2311093,36
2311121,38
2311138,46
2311142,69
2311143,46
2311219,257
2311246,28
2311261,26
2311271,22
2311341,54
2311345,68
2311362,52
2311488,22
2311541,90
2311560,200
2311600,20
2311620,31
2311653,24
2311654,20
2311669,31
2311681,169
2311710,20
2311754,28
2311759,42
2311776,138
2311779,21
2311801,27
2311866,28
2311874,39
2311901,23
2311914,20
2311932,128
2311955,45
2312003,58
2312074,102
2312090,31
2312096,58
2312112,37
2312126,101
2312137,21
2312190,37
2312193,65
2312201,33
2312275,93
2312329,50
2312334,335
2312342,24
2312376,24
2312418,23
2312436,25
2312438,27
2312455,24
2312465,103
2312560,43
2312580,53
2312623,23
2312677,25
2312690,29
2312700,99
2312709,152
2312769,21
2312786,171
2312822,21
2312834,32
2312851,145
2312890,24
2312913,20
2312955,255
2312957,28
2312958,32
2312959,95
2312996,46
2313035,24
2313057,25
2313067,29
2313092,25
2313101,32
2313146,26
2313167,30
2313182,95
2313186,34
2313192,24
2313198,110
2313203,53
2313227,41
2313243,20
2313264,29
2313266,24
2313267,78
2313290,34
2313297,35
2313343,55
2313353,24
2313379,389
2313412,54
2313414,24
2313426,29
2313430,181
2313438,29
2313445,45
2313448,236
2313452,45
2313456,21
2313457,175
2313547,40
2313555,20
2313568,25
2313606,132
2313616,40
2313660,28
2313698,33
2313703,46
2313717,31
2313742,31
2313750,63
2313801,29
2313821,36
2313828,22
2313922,35
2313927,33
2313957,118
2314021,35
2314038,22
2314053,22
2314083,481
2314117,23
2314144,24
2314169,24
2314170,22
2314188,20
2314197,22
2314228,21
2314257,26
2314273,29
2314307,41
2314350,55
2314382,40
2314386,52
2314388,59
2314422,26
2314460,22
2314516,45
2314531,53
2314532,28
2314535,94
2314573,60
2314584,30
2314605,22
2314622,54
2314671,34
2314681,27
2314690,53
2314722,20
2314744,38
2314746,24
2314771,36
2314782,29
2314801,20
2314869,31
2314872,22
2314885,26
2314905,31
2314922,42
2314999,51
2315021,52
2315039,97
2315122,491
2315150,21
2315160,29
2315192,25
2315286,75
2315292,28
2315342,26
2315355,154
2315371,22
2315443,208
2315455,25
2315478,162
2315482,33
2315548,44
2315557,22
2315596,40
2315634,41
2315636,55
2315659,76
2315687,20
2315751,144
2315778,25
2315799,20
2315831,104
2315872,37
2315890,172
2315892,92
2315949,100
2315951,28
2315956,21
2316031,27
2316044,192
2316053,60
2316116,47
2316147,38
2316155,26
2316157,55
2316227,29
2316293,23
2316304,280
2316307,37
2316311,22
2316385,27
2316390,23
2316411,33
2316444,28
2316465,52
2316467,24
2316479,35
2316492,230
2316552,22
2316567,60
2316575,76
2316584,126
2316603,38
2316618,22
2316625,62
2316641,39
2316642,25
2316673,55
2316689,23
2316713,34
2316850,21
2316856,27
2316859,28
2316867,34
2316881,39
2316882,22
2316957,30
2316985,22
2316992,21
2317075,32
2317084,21
2317085,66
2317090,19
2317091,85
2317206,39
2317213,61
2317217,22
2317246,36
2317249,31
2317258,53
2317267,47
2317272,29
2317294,47
2317307,32
2317316,21
2317324,27
2317339,35
2317344,284
2317368,39
2317412,52
2317436,35
2317449,30
2317488,28
2317499,162
2317511,47
2317532,32
2317533,22
2317667,29
2317670,41
2317705,27
2317734,186
2317754,120
2317810,21
2317813,274
2317837,24
2317881,39
2317903,80
2317907,28
2317938,29
2317943,48
2317978,20
2317992,26
2318038,34
2318043,44
2318054,22
2318084,48
2318089,37
2318096,22
2318158,22
2318174,20
2318205,23
2318250,38
2318288,20
2318340,52
2318386,30
2318387,20
2318403,19
2318409,137
2318450,236
2318466,65
2318473,25
2318522,29
2318554,50
2318560,34
2318593,22
2318594,20
2318595,24
2318613,78
2318631,22
2318635,24
2318641,107
2318674,75
2318679,41
2318695,30
2318701,88
2318708,37
2318793,88
2318841,29
2318865,30
2318884,42
2318940,30
2318946,50
2318952,35
2319009,24
2319053,74
2319064,57
2319094,102
2319099,147
2319114,21
2319159,43
2319173,103
2319197,26
2319217,319
2319228,31
2319256,106
2319269,46
2319272,37
2319276,34
2319287,28
2319312,21
2319318,76
2319322,153
2319356,24
2319357,35
2319412,21
2319415,27
2319436,21
2319447,23
2319474,65
2319487,122
2319498,85
2319520,34
2319578,25
2319593,21
2319631,133
2319636,65
2319654,56
2319655,54
2319658,62
2319674,26
2319698,74
2319721,27
2319745,189
2319833,63
2319869,20
2319883,59
2319898,20
2319905,22
2319947,100
2319950,25
2319959,50
2319992,21
2320030,52
2320031,179
2320043,23
2320060,25
2320089,49
2320100,73
2320171,40
2320186,90
2320197,44
2320219,58
2320221,109
2320258,20
2320260,38
2320287,20
2320318,21
2320358,52
2320374,45
2320387,24
2320396,31
2320398,23
2320405,109
2320436,44
2320446,29
2320461,24
2320529,19
2320537,378
2320582,114
2320585,48
2320586,49
2320587,27
2320606,20
2320611,22
2320616,51
2320632,23
2320649,23
2320662,143
2320672,77
2320682,92
2320727,22
2320785,20
2320787,24
2320806,29
2320819,72
2320826,255
2320860,49
2320861,171
2320872,79
2320920,66
2320940,41
2321042,31
2321054,80
2321126,24
2321136,25
2321165,43
2321173,62
2321257,66
2321286,20
2321292,33
2321298,39
2321304,34
2321329,29
2321359,23
2321374,107
2321375,133
2321537,71
2321547,56
2321553,27
2321576,31
2321580,20
2321581,50
2321616,22
2321631,29
2321635,29
2321671,89
2321679,32
2321685,21
2321692,39
2321722,29
2321736,26
2321741,35
2321778,29
2321814,21
2321816,31
2321825,363
2321828,39
2321866,44
2321888,139
2321889,40
2321907,20
2321910,21
2321919,21
2321954,340
2321963,40
2322010,35
2322011,49
2322123,32
2322136,21
2322143,24
2322224,89
2322233,22
2322251,21
2322253,27
2322278,170
2322294,20
2322295,95
2322344,28
2322365,87
2322383,34
2322396,21
2322410,28
2322421,27
2322435,219
2322442,197
2322450,227
2322468,47
2322479,20
2322542,85
2322558,21
2322591,22
2322630,35
2322632,41
2322664,47
2322686,210
2322719,51
2322724,104
2322735,36
2322741,101
2322778,27
2322794,22
2322857,23
2322874,26
2322885,32
2322892,59
2322893,363
2322896,38
2322902,22
2322911,30
2322925,22
2322954,116
2322959,35
2322984,28
2323025,30
2323051,51
2323131,34
2323140,20
2323155,23
2323191,91
2323270,304
2323276,21
2323383,21
2323420,180
2323435,51
2323442,46
2323452,23
2323456,43
2323512,191
2323516,24
2323518,25
2323533,28
2323552,303
2323600,40
2323610,193
2323611,57
2323644,22
2323672,106
2323677,27
2323683,21
2323684,34
2323773,22
2323774,22
2323815,24
2323843,101
2323874,80
2323886,22
2323887,140
2323911,55
2323927,21
2323959,21
2324011,81
2324036,24
2324055,24
2324112,40
2324136,23
2324158,73
2324180,90
2324282,23
2324291,38
2324293,28
2324299,41
2324346,30
2324351,53
2324381,58
2324382,41
2324384,20
2324417,86
2324539,25
2324624,24
2324630,46
2324636,21
2324647,48
2324662,45
2324675,31
2324686,27
2324709,137
2324759,20
2324871,23
2324878,36
2324880,103
2324881,24
2324889,80
2324918,69
2324935,26
2324959,215
2324983,24
2324984,36
2324988,49
2325010,89
2325011,20
2325028,27
2325061,24
2325063,37
2325092,349
2325124,19
2325135,24
2325136,61
2325141,24
2325195,34
2325197,20
2325251,37
2325253,38
2325305,180
2325306,49
2325314,29
2325334,137
2325346,23
2325366,29
2325367,142
2325381,48
2325404,31
2325440,188
2325459,20
2325468,22
2325496,48
2325503,43
2325506,24
2325516,22
2325525,24
2325535,64
2325597,20
2325661,22
2325678,21
2325689,22
2325705,43
2325720,57
2325745,20
2325762,71
2325798,48
2325847,37
2325878,39
2325879,56
2325893,20
2325903,24
2325935,42
2325939,27
2325946,27
2325967,96
2326013,20
2326043,45
2326077,37
2326084,65
2326085,24
2326092,20
2326146,26
2326156,25
2326157,146
2326195,22
2326230,26
2326237,188
2326281,32
2326292,21
2326294,192
2326332,30
2326349,30
2326352,96
2326361,41
2326386,20
2326394,65
2326399,24
2326427,41
2326433,86
2326463,30
2326493,48
2326500,21
2326557,24
2326576,30
2326623,46
2326635,28
2326745,146
2326772,117
2326809,21
2326844,39
2326868,176
2326910,20
2326922,64
2326927,154
2326932,441
2326935,29
2326944,22
2326966,32
2326984,89
2326985,30
2327030,24
2327121,176
2327262,22
2327308,66
2327312,127
2327340,45
2327379,25
2327412,57
2327423,30
2327443,43
2327444,25
2327525,21
2327538,24
2327551,40
2327603,37
2327634,148
2327636,24
2327671,27
2327697,120
2327698,20
2327706,127
2327714,39
2327735,160
2327807,94
2327831,34
2327847,112
2327858,41
2327883,30
2327910,26
2327911,36
2327947,57
2327964,26
2328006,34
2328007,36
2328057,20
2328080,27
2328100,35
2328135,66
2328168,23
2328169,25
2328206,48
2328209,180
2328229,29
2328251,37
2328260,152
2328300,25
2328325,26
2328395,37
2328398,20
2328405,28
2328421,20
2328438,28
2328503,26
2328507,276
2328581,43
2328588,92
2328605,28
2328607,72
2328622,34
2328650,22
2328742,265
2328743,84
2328766,34
2328847,28
2328871,215
2328946,231
2328976,37
2328996,65
2329011,22
2329047,75
2329051,47
2329160,24
2329173,24
2329186,52
2329191,182
2329313,36
2329345,99
2329346,56
2329424,71
2329469,49
2329480,25
2329483,29
2329484,35
2329497,92
2329504,180
2329518,70
2329540,29
2329545,26
2329546,21
2329599,21
2329657,221
2329696,46
2329708,71
2329729,20
2329755,177
2329757,46
2329789,31
2329793,37
2329848,23
2329870,36
2329885,62
2329888,41
2329899,306
2329906,23
2329918,28
2329929,23
2329930,54
2329936,75
2329987,195
2330002,61
2330015,107
2330071,23
2330075,35
2330089,24
2330090,47
2330098,81
2330113,87
2330124,27
2330134,22
2330142,33
2330163,64
2330179,26
2330197,21
2330216,39
2330217,237
2330224,50
2330258,56
2330294,23
2330352,35
2330389,26
2330390,30
2330403,22
2330462,37
2330521,51
2330529,49
2330543,70
2330556,28
2330576,22
2330586,29
2330687,24
2330712,41
2330717,20
2330732,182
2330784,27
2330785,25
2330788,20
2330789,279
2330809,49
2330830,56
2330843,27
2330865,209
2330874,31
2330917,100
2330932,29
2330937,34
2330947,137
2330973,73
2330974,65
2331036,61
2331043,20
2331120,52
2331155,92
2331187,131
2331223,19
2331231,23
2331238,62
2331242,53
2331259,29
2331261,22
2331275,49
2331290,25
2331320,40
2331340,23
2331358,84
2331447,51
2331493,61
2331513,49
2331514,93
2331562,33
2331648,27
2331658,24
2331708,24
2331714,29
2331716,25
2331740,21
2331800,57
2331801,24
2331838,36
2331852,29
2331890,113
2331925,33
2331927,26
2331951,26
2332016,51
2332019,29
2332031,38
2332109,75
2332134,20
2332135,258
2332160,28
2332179,46
2332204,63
2332215,22
2332237,32
2332269,47
2332273,276
2332277,52
2332322,36
2332337,41
2332358,198
2332401,47
2332426,20
2332448,41
2332455,26
2332472,471
2332473,44
2332475,77
2332582,134
2332652,23
2332653,116
2332666,45
2332724,19
2332745,141
2332762,20
2332763,23
2332793,22
2332825,39
2332829,23
2332836,24
2332838,23
2332868,59
2332894,199
2332895,27
2332905,30
2332956,22
2332967,33
2332983,28
2333103,58
2333107,51
2333114,40
2333138,47
2333141,28
2333143,46
2333144,26
2333153,454
2333175,25
2333204,66
2333246,40
2333279,23
2333301,25
2333345,29
2333368,32
2333378,22
2333417,22
2333430,27
2333450,40
2333456,27
2333467,43
2333476,27
2333481,20
2333484,39
2333506,30
2333518,24
2333562,50
2333563,59
2333585,22
2333588,24
2333594,21
2333647,35
2333653,219
2333669,21
2333718,40
2333756,118
2333772,26
2333801,102
2333813,34
2333814,44
2333823,28
2333840,23
2333850,97
2333866,194
2333898,33
2333914,28
2333918,44
2333919,124
2333941,244
2333987,37
2334043,47
2334051,27
2334054,27
2334060,56
2334122,94
2334129,132
2334158,21
2334161,88
2334172,36
2334235,83
2334241,239
2334256,27
2334308,46
2334310,80
2334317,24
2334334,25
2334363,24
2334402,68
2334403,79
2334423,52
2334425,67
2334437,22
2334438,27
2334466,32
2334527,22
2334559,113
2334579,121
2334600,45
2334602,20
2334604,29
2334619,37
2334636,28
2334665,41
2334666,45
2334674,29
2334714,32
2334719,46
2334785,22
2334795,29
2334836,308
2334845,35
2334853,22
2334885,22
2334895,21
2334921,23
2334922,118
2334965,41
2334971,47
2334983,23
2335002,25
2335006,25
2335013,28
2335060,24
2335064,52
2335135,27
2335143,31
2335171,39
2335218,29
2335224,195
2335245,63
2335249,20
2335263,34
2335271,30
2335276,24
2335315,31
2335319,38
2335335,21
2335367,50
2335394,20
2335424,37
2335426,26
2335481,57
2335593,180
2335599,42
2335614,22
2335649,38
2335697,30
2335743,171
2335769,34
2335786,46
2335909,20
2335913,39
2335933,21
2335943,30
2335957,20
2335979,21
2335991,163
2336027,30
2336055,20
2336097,415
2336103,38
2336149,23
2336174,40
2336180,26
2336249,20
2336251,118
2336321,54
2336326,66
2336335,81
2336418,91
2336434,23
2336437,22
2336465,78
2336486,139
2336577,26
2336580,23
2336602,25
2336612,24
2336615,45
2336616,21
2336640,46
2336642,45
2336718,324
2336818,55
2336869,62
2336910,78
2336911,57
2336931,124
2336934,23
2336960,48
2336982,40
2337039,20
2337040,131
2337102,76
2337136,35
2337142,28
2337145,20
2337152,53
2337165,109
2337190,56
2337231,44
2337254,31
2337337,153
2337340,44
2337366,25
2337371,131
2337377,29
2337405,45
2337467,28
2337513,37
2337529,31
2337554,31
2337561,31
2337603,52
2337614,21
2337639,26
2337660,22
2337718,51
2337806,19
2337811,36
2337848,29
2337849,40
2337886,109
2337895,36
2337907,35
2337920,26
2337952,24
2337954,21
2337961,24
2337970,24
2337982,24
2338017,115
2338033,27
2338045,35
2338060,22
2338072,50
2338077,20
2338087,77
2338109,26
2338155,57
2338165,39
2338175,157
2338193,22
2338203,22
2338230,50
2338235,36
2338251,195
2338254,25
2338285,44
2338286,28
2338312,25
2338335,39
2338336,21
2338380,227
2338391,42
2338408,23
2338429,23
2338466,21
2338502,45
2338505,28
2338523,20
2338595,31
2338614,95
2338644,24
2338651,20
2338684,23
2338713,27
2338721,77
2338748,21
2338756,39
2338758,62
2338771,65
2338783,20
2338793,31
2338856,26
2338884,144
2338891,20
2338963,64
2338975,25
2339087,91
2339110,162
2339158,22
2339174,78
2339204,45
2339214,122
2339215,24
2339223,33
2339229,101
2339241,25
2339246,54
2339266,53
2339269,453
2339310,31
2339315,25
2339318,22
2339354,136
2339427,111
2339431,135
2339499,40
2339506,29
2339532,35
2339555,33
2339581,24
2339583,21
2339585,77
2339604,52
2339619,145
2339628,35
2339643,37
2339668,22
2339693,22
2339702,32
2339740,40
2339743,500
2339747,27
2339761,70
2339762,35
2339783,155
2339789,156
2339806,25
2339807,38
2339858,19
2339936,31
2339955,131
2340033,34
2340041,29
2340060,70
2340065,31
2340097,39
2340111,34
2340132,41
2340198,140
2340212,33
2340220,22
2340226,31
2340235,54
2340265,22
2340270,30
2340307,20
2340310,38
2340357,194
2340398,28
2340402,20
2340440,22
2340441,27
2340454,24
2340455,37
2340468,27
2340471,333
2340475,46
2340502,28
2340516,70
2340526,19
2340534,115
2340538,21
2340560,24
2340568,59
2340570,20
2340582,34
2340585,134
2340607,30
2340616,230
2340715,38
2340721,23
2340786,49
2340788,26
2340802,34
2340814,58
2340845,20
2340878,37
2340884,51
2340885,31
2340887,35
2340950,61
2340987,31
2340991,57
2340996,21
2341000,29
2341003,24
2341094,46
2341102,29
2341115,19
2341130,44
2341205,22
2341236,24
2341272,169
2341273,21
2341275,25
2341280,458
2341281,25
2341306,25
2341329,29
2341359,22
2341389,85
2341401,40
2341426,57
2341440,24
2341441,31
2341446,20
2341507,30
2341535,32
2341580,41
2341583,21
2341607,53
2341656,21
2341664,19
2341687,20
2341696,23
2341723,29
2341736,28
2341749,27
2341787,157
2341818,32
2341847,25
2341878,152
2341918,32
2341922,21
2341955,31
2341970,74
2341972,30
2341996,27
2342007,28
2342068,28
2342069,43
2342073,48
2342102,20
2342117,23
2342132,124
2342171,135
2342232,65
2342241,55
2342242,30
2342246,23
2342247,20
2342262,43
2342273,37
2342274,126
2342275,161
2342328,21
2342340,74
2342351,34
2342359,37
2342396,61
2342468,40
2342471,216
2342481,20
2342546,24
2342577,33
2342584,20
2342638,22
2342720,40
2342724,83
2342732,41
2342735,37
2342754,26
2342783,28
2342813,39
2342851,21
2342893,130
2342896,26
2343033,44
2343110,54
2343118,55
2343124,69
2343159,29
2343245,40
2343257,25
2343266,117
2343298,24
2343303,33
2343329,51
2343345,24
2343381,48
2343393,85
2343400,59
2343474,149
2343552,31
2343581,117
2343667,30
2343694,43
2343696,20
2343701,19
2343710,21
2343725,46
2343729,20
2343753,41
2343767,60
2343821,21
2343834,26
2343880,24
2343903,109
2343917,290
2343938,50
2343953,81
2343954,51
2343991,22
2344040,25
2344080,23
2344104,29
2344127,20
2344138,26
2344167,24
2344202,140
2344264,337
2344330,26
2344334,36
2344339,29
2344358,78
2344423,30
2344425,27
2344517,135
2344559,28
2344572,45
2344602,25
2344620,32
2344630,31
2344638,233
2344656,41
2344694,41
2344708,103
2344721,20
2344722,26
2344757,38
2344767,27
2344779,26
2344795,26
2344799,61
2344802,30
2344804,51
2344817,38
2344853,109
2344903,39
2344949,28
2345024,64
2345027,61
2345034,28
2345045,53
2345059,31
2345060,21
2345066,62
2345076,30
2345115,30
2345116,23
2345148,21
2345149,30
2345200,42
2345203,35
2345293,24
2345322,25
2345329,20
2345366,24
2345378,32
2345397,176
2345419,63
2345452,40
2345453,46
2345455,174
2345506,56
2345538,24
2345559,31
2345560,72
2345586,140
2345590,161
2345591,20
2345630,79
2345643,78
2345647,53
2345676,30
2345711,40
2345713,21
2345740,42
2345790,27
2345848,38
2345860,56
2345878,27
2345896,27
2345916,21
2345948,130
2346024,50
2346036,25
2346047,34
2346057,21
2346080,95
2346086,34
2346089,22
2346092,48
2346093,181
2346115,118
2346130,52
2346188,107
2346189,53
2346198,22
2346216,29
2346224,20
2346267,40
2346290,24
2346363,29
2346381,31
2346388,69
2346392,44
2346398,74
2346447,79
2346458,23
2346459,32
2346473,30
2346486,30
2346507,46
2346512,34
2346517,20
2346521,32
2346526,82
2346539,64
2346541,42
2346543,21
2346554,36
2346579,167
2346610,123
2346611,53
2346624,50
2346645,54
2346655,219
2346666,22
2346680,293
2346701,67
2346716,168
2346739,60
2346756,23
2346773,56
2346777,31
2346791,31
2346799,45
2346834,92
2346872,33
2346879,42
2346912,446
2346936,42
2346940,21
2346947,25
2346970,31
2347000,177
2347017,38
2347019,37
2347030,20
2347064,103
2347074,23
2347106,27
2347176,22
2347200,152
2347218,22
2347252,369
2347257,87
2347300,30
2347319,254
2347362,75
2347377,20
2347443,34
2347460,22
2347481,29
2347522,322
2347541,40
2347700,128
2347724,182
2347757,34
2347766,209
2347820,25
2347882,29
2347891,85
2347938,25
2347941,22
2347967,22
2347989,452
2347996,45
2347997,188
2348020,28
2348029,30
2348101,37
2348109,30
2348146,40
2348176,25
2348195,20
2348198,143
2348201,23
2348203,20
2348225,113
2348276,22
2348286,35
2348295,33
2348378,68
2348422,23
2348433,102
2348481,27
2348498,19
2348541,22
2348550,64
2348565,26
2348586,32
2348620,204
2348626,59
2348652,22
2348673,69
2348715,25
2348745,29
2348769,27
2348788,20
2348818,23
2348824,21
2348859,51
2348862,41
2348881,22
2348882,71
2348924,39
2348958,27
2348979,88
2348988,32
2349001,209
2349029,21
2349038,40
2349057,25
2349061,27
2349085,37
2349165,23
2349246,20
2349305,21
2349316,51
2349348,30
2349358,57
2349367,23
2349394,59
2349432,23
2349446,31
2349470,33
2349475,146
2349487,24
2349496,44
2349515,77
2349517,25
2349527,30
2349560,56
2349594,99
2349606,21
2349639,30
2349664,30
2349723,31
2349733,25
2349777,28
2349786,60
2349813,21
2349824,44
2349867,50
2349916,21
2349918,29
2349931,23
2349941,23
2349959,34
2349978,97
2349981,20
2349987,22
2349988,215
2350001,187
2350009,69
2350015,27
2350022,209
2350083,28
2350085,22
2350093,53
2350123,30
2350128,438
2350134,22
2350147,29
2350166,21
2350199,21
2350206,27
2350276,21
2350277,37
2350291,34
2350292,66
2350327,148
2350360,105
2350373,29
2350392,263
2350403,20
2350419,85
2350428,28
2350463,68
2350499,36
2350550,44
2350613,24
2350629,23
2350644,32
2350686,76
2350690,169
2350718,20
2350724,24
2350755,24
2350805,61
2350819,20
2350861,124
2350900,45
2350909,23
2350930,26
2350944,102
2350958,30
2351000,22
2351003,36
2351037,88
2351055,33
2351086,31
2351134,231
2351144,25
2351167,21
2351170,27
2351175,27
2351199,36
2351200,35
2351201,35
2351215,27
2351227,37
2351253,43
2351288,93
2351292,19
2351352,70
2351376,45
2351400,20
2351415,36
2351467,38
2351475,22
2351497,31
2351523,24
2351544,28
2351572,28
2351640,26
2351654,83
2351658,57
2351663,23
2351692,83
2351695,34
2351700,30
2351727,80
2351728,30
2351766,24
2351769,69
2351781,26
2351800,125
2351855,28
2351860,49
2351927,28
2351973,69
2352006,27
2352020,38
2352049,91
2352063,402
2352079,27
2352088,29
2352099,25
2352115,20
2352147,22
2352151,77
2352169,25
2352195,123
2352213,24
2352219,72
2352238,245
2352242,28
2352252,41
2352265,20
2352276,34
2352287,25
2352324,41
2352325,39
2352341,21
2352342,95
2352354,72
2352381,54
2352421,26
2352432,21
2352452,114
2352465,42
2352493,20
2352533,34
2352558,65
2352570,84
2352571,38
2352577,26
2352592,61
2352624,50
2352630,36
2352684,34
2352753,26
2352755,89
2352769,30
2352788,93
2352862,26
2352874,46
2352941,29
2352969,22
2353002,27
2353005,25
2353056,31
2353071,78
2353078,25
2353114,80
2353146,60
2353156,23
2353183,37
2353193,39
2353231,42
2353237,22
2353259,20
2353265,27
2353332,80
2353336,112
2353337,23
2353350,403
2353420,53
2353435,20
2353526,219
2353606,21
2353634,23
2353659,22
2353663,41
2353674,40
2353675,43
2353681,23
2353712,90
2353733,29
2353745,20
2353774,216
2353780,25
2353797,24
2353833,20
2353918,160
2353929,22
2353941,25
2353951,25
2353969,24
2353983,41
2354008,72
2354021,43
2354087,47
2354116,35
2354123,22
2354125,39
2354144,24
2354161,57
2354246,30
2354275,29
2354281,30
2354301,69
2354304,59
2354327,21
2354343,21
2354345,67
2354362,32
2354400,111
2354412,34
2354429,27
2354430,51
2354442,38
2354448,39
2354474,59
2354485,68
2354526,20
2354548,64
2354596,22
2354611,109
2354623,42
2354648,32
2354710,37
2354715,35
2354722,143
2354746,52
2354752,53
2354764,36
2354781,23
2354818,36
2354834,97
2354851,356
2354879,21
2354898,217
2355013,20
2355034,38
2355081,29
2355112,62
2355140,24
2355172,35
2355178,32
2355222,37
2355239,61
2355253,191
2355260,25
2355265,28
2355300,38
2355307,91
2355311,33
2355336,57
2355356,135
2355387,46
2355392,25
2355430,29
2355431,46
2355445,27
2355453,37
2355457,41
2355459,20
2355470,39
2355476,40
2355481,21
2355504,62
2355563,112
2355571,44
2355598,41
2355621,29
2355637,43
2355661,20
2355662,29
2355675,51
2355737,20
2355739,29
2355753,29
2355759,173
2355841,25
2355893,40
2355898,36
2355938,44
2355962,22
2355963,55
2355964,20
2355969,30
2355985,37
2355989,25
2356002,31
2356003,56
2356055,30
2356069,59
2356082,45
2356121,154
2356185,67
2356216,28
2356277,62
2356278,24
2356309,25
2356325,77
2356348,26
2356355,53
2356356,24
2356364,49
2356365,79
2356381,28
2356383,28
2356414,25
2356442,43
2356452,26
2356453,33
2356461,32
2356478,21
2356500,23
2356516,71
2356549,24
2356594,28
2356607,296
2356608,36
2356635,34
2356645,25
2356646,42
2356668,76
2356722,28
2356728,43
2356750,104
2356757,445
2356814,212
2356825,43
2356918,202
2356919,22
2356930,19
2357042,33
2357052,79
2357069,31
2357131,73
2357137,59
2357181,50
2357253,33
2357280,35
2357307,27
2357310,20
2357313,23
2357331,162
2357362,68
2357367,52
2357385,30
2357418,36
2357456,55
2357512,26
2357583,49
2357616,87
2357665,21
2357689,92
2357789,26
2357812,35
2357814,40
2357822,54
2357834,45
2357843,34
2357857,39
2357868,134
2357876,54
2357886,41
2357919,60
2357922,43
2357937,20
2358008,23
2358057,21
2358059,29
2358071,22
2358077,44
2358092,27
2358115,26
2358173,41
2358238,37
2358245,29
2358273,77
2358330,24
2358334,41
2358389,67
2358493,103
2358521,29
2358527,58
2358571,155
2358590,23
2358723,31
2358724,52
2358737,37
2358766,23
2358767,32
2358794,32
2358808,22
2358831,22
2358897,21
2358932,28
2358953,64
2358977,22
2358986,21
2359004,47
2359016,20
2359062,27
2359199,395
2359214,121
2359247,21
2359255,33
2359263,34
2359280,36
2359284,25
2359285,33
2359309,23
2359338,22
2359350,67
2359359,25
2359365,27
2359465,44
2359470,22
2359516,20
2359541,21
2359554,112
2359577,57
2359588,24
2359598,35
2359693,23
2359704,283
2359712,20
2359719,56
2359732,25
2359747,37
2359755,23
2359773,33
2359802,27
2359808,35
2359810,45
2359823,25
2359834,31
2359851,260
2359861,23
2359883,25
2359888,32
2359899,38
2359903,99
2359904,24
2359937,40
2359951,27
2359990,32
2360007,23
2360021,26
2360070,21
2360097,21
2360130,24
2360245,51
2360252,196
2360284,20
2360333,21
2360358,29
2360361,33
2360389,25
2360403,429
2360442,26
2360451,20
2360468,48
2360481,20
2360546,24
2360552,49
2360575,88
2360610,43
2360616,20
2360668,25
2360686,21
2360710,145
2360717,37
2360728,55
2360739,29
2360766,27
2360773,25
2360780,32
2360792,31
2360849,22
2360867,35
2360919,90
2360929,44
2360930,33
2360945,36
2361011,275
2361033,22
2361047,102
2361072,47
2361113,22
2361140,30
2361146,35
2361150,22
2361156,35
2361186,62
2361196,21
2361232,29
2361292,30
2361295,45
2361341,37
2361360,28
2361386,24
2361441,25
2361443,20
2361492,30
2361500,26
2361580,307
2361581,46
2361595,34
2361634,22
2361642,32
2361697,22
2361705,58
2361722,39
2361724,38
2361753,57
2361782,127
2361872,42
2361889,22
2361900,29
2361902,507
2361936,128
2361944,23
2361946,30
2361970,36
2361989,80
2362021,30
2362026,92
2362052,22
2362063,35
2362079,35
2362093,42
2362099,26
2362100,21
2362203,24
2362206,27
2362249,74
2362269,21
2362294,32
2362307,243
2362326,29
2362364,204
2362407,27
2362435,30
2362456,22
2362459,28
2362462,23
2362474,35
2362495,28
2362497,35
2362498,240
2362508,20
2362515,29
2362516,85
2362543,22
2362546,46
2362566,43
2362645,51
2362658,25
2362684,69
2362701,40
2362730,23
2362735,76
2362758,159
2362808,495
2362817,37
2362829,21
2362851,21
2362930,26
2362958,306
2362965,21
2362968,68
2362969,84
2362979,39
2363004,51
2363071,19
2363102,123
2363115,23
2363231,22
2363236,45
2363238,63
2363298,275
2363313,32
2363341,44
2363342,54
2363346,41
2363367,27
2363368,22
2363373,22
2363383,28
2363384,154
2363395,26
2363436,26
2363442,21
2363510,37
2363511,45
2363537,203
2363545,45
2363561,30
2363586,83
2363591,153
2363603,23
2363626,150
2363628,66
2363633,24
2363654,65
2363661,29
2363679,21
2363712,31
2363754,55
2363849,49
2363850,37
2363852,32
2363930,79
2363936,60
2363975,21
2363983,22
2363984,305
2363999,186
2364041,24
2364082,21
2364101,43
2364113,144
2364144,366
2364153,36
2364166,54
2364168,54
2364178,66
2364245,65
2364265,58
2364296,36
2364307,32
2364308,58
2364343,164
2364416,66
2364418,72
2364434,23
2364459,28
2364481,25
2364532,272
2364576,20
2364587,21
2364598,39
2364599,23
2364609,25
2364635,30
2364690,20
2364705,85
2364710,63
2364729,43
2364746,21
2364750,27
2364816,30
2364851,24
2364852,64
2364895,27
2364990,51
2365044,32
2365079,20
2365105,22
2365145,49
2365165,35
2365178,27
2365226,29
2365232,30
2365255,22
2365276,61
2365301,39
2365335,20
2365342,20
2365364,41
2365400,36
2365429,310
2365471,22
2365516,20
2365520,35
2365561,20
2365601,75
2365613,23
2365623,71
2365641,73
2365659,58
2365668,83
2365671,23
2365673,34
2365704,23
2365721,48
2365723,23
2365728,47
2365735,33
2365746,68
2365765,22
2365768,24
2365806,43
2365840,50
2365847,61
2365861,33
2365888,33
2365905,136
2365913,112
2365923,31
2366020,39
2366025,22
2366099,50
2366119,38
2366120,506
2366124,27
2366188,39
2366189,102
2366212,61
2366213,89
2366217,20
2366272,170
2366314,108
2366323,27
2366326,29
2366373,25
2366394,20
2366395,39
2366419,30
2366454,90
2366520,26
2366570,116
2366572,59
2366582,118
2366620,25
2366664,162
2366667,33
2366692,35
2366757,25
2366764,22
2366770,34
2366783,31
2366811,30
2366832,25
2366883,22
2366891,20
2366896,50
2366905,40
2366917,37
2366924,27
2366981,57
2367015,32
2367021,45
2367036,60
2367041,47
2367134,20
2367141,132
2367172,20
2367174,20
2367193,21
2367199,21
2367204,59
2367238,27
2367280,23
2367289,21
2367361,25
2367380,50
2367457,108
2367536,91
2367562,86
2367611,31
2367614,30
2367621,21
2367622,38
2367643,28
2367649,75
2367661,42
2367662,45
2367674,72
2367675,57
2367699,27
2367713,23
2367734,27
2367738,22
2367739,22
2367741,22
2367747,26
2367755,76
2367778,21
2367788,94
2367798,24
2367808,20
2367839,73
2367840,28
2367846,22
2367857,42
2367874,43
2367929,116
2367944,54
2367948,23
2367978,31
2367994,23
2368006,50
2368018,40
2368067,32
2368100,86
2368106,36
2368137,25
2368158,36
2368175,20
2368199,20
2368205,29
2368209,25
2368244,35
2368269,27
2368288,46
2368289,90
2368363,29
2368383,38
2368388,457
2368393,58
2368394,23
2368404,26
2368429,25
2368441,46
2368457,32
2368466,26
2368511,31
2368531,52
2368583,33
2368613,27
2368621,30
2368670,133
2368708,37
2368711,85
2368732,35
2368752,265
2368771,26
2368789,23
2368807,112
2368865,33
2368934,22
2368945,21
2368950,32
2368956,23
2368988,57
2369109,30
2369110,70
2369140,124
2369147,235
2369151,68
2369208,22
2369221,24
2369291,71
2369315,28
2369350,77
2369352,47
2369360,66
2369404,29
2369410,32
2369510,47
2369570,187
2369595,27
2369600,39
2369617,227
2369636,22
2369653,20
2369655,37
2369657,28
2369702,76
2369707,44
2369711,22
2369715,21
2369728,160
2369755,352
2369759,20
2369790,42
2369792,30
2369794,31
2369850,215
2369902,57
2369920,197
2369934,147
2369965,94
2369984,64
2370014,22
2370030,28
2370039,20
2370049,82
2370053,21
2370140,25
2370176,25
2370247,108
2370285,85
2370311,29
2370329,24
2370348,85
2370362,36
2370363,21
2370535,103
2370540,40
2370590,225
2370612,262
2370633,22
2370647,67
2370671,61
2370686,31
2370694,52
2370708,165
2370724,22
2370729,60
2370824,25
2370881,59
2370896,116
2370926,46
2370950,54
2370954,107
2370976,22
2370980,38
2370991,59
2370998,56
2371008,27
2371022,32
2371067,38
2371077,35
2371084,39
2371086,22
2371087,29
2371088,20
2371092,20
2371115,49
2371144,291
2371162,30
2371232,22
2371270,29
2371300,73
2371305,30
2371316,41
2371353,51
2371416,36
2371423,57
2371464,27
2371475,23
2371484,23
2371496,94
2371532,31
2371546,120
2371586,23
2371605,29
2371606,53
2371608,21
2371650,55
2371705,20
2371725,68
2371728,160
2371738,21
2371754,21
2371761,417
2371798,24
2371898,20
2372006,88
2372019,33
2372023,40
2372045,35
2372075,26
2372077,44
2372099,32
2372157,51
2372170,160
2372187,35
2372211,95
2372212,99
2372219,33
2372234,31
2372247,24
2372257,20
2372259,97
2372311,44
2372312,24
2372334,57
2372341,102
2372342,20
2372377,61
2372389,21
2372404,26
2372414,107
2372449,53
2372459,74
2372475,45
2372500,45
2372518,31
2372524,45
2372525,24
2372532,195
2372560,26
2372584,68
2372596,57
2372621,22
2372651,42
2372676,43
2372694,19
2372766,92
2372780,30
2372849,28
2372900,31
2372911,31
2372942,100
2372966,21
2372988,174
2373023,46
2373028,23
2373040,21
2373041,39
2373048,48
2373089,29
2373224,93
2373232,20
2373236,128
2373279,22
2373298,68
2373341,30
2373346,24
2373370,27
2373371,36
2373374,70
2373473,49
2373486,28
2373567,29
2373592,20
2373605,24
2373613,20
2373675,112
2373721,22
2373757,26
2373759,54
2373766,72
2373768,43
2373770,20
2373800,49
2373827,48
2373854,276
2373886,124
2373902,171
2374010,25
2374019,45
2374022,27
2374023,44
2374040,25
2374043,41
2374044,30
2374068,26
2374124,52
2374134,32
2374138,54
2374174,51
2374175,37
2374186,20
2374258,30
2374263,20
2374310,107
2374324,29
2374329,50
2374367,20
2374370,30
2374413,21
2374429,27
2374442,52
2374494,44
2374502,138
2374529,41
2374553,21
2374565,24
2374572,72
2374597,25
2374634,48
2374635,20
2374644,101
2374682,59
2374689,46
2374709,247
2374747,42
2374767,27
2374794,88
2374807,36
2374821,64
2374865,29
2374891,30
2374929,21
2374965,139
2374980,32
2375022,69
2375023,23
2375031,66
2375049,102
2375088,80
2375125,128
2375161,22
2375164,45
2375175,65
2375187,26
2375203,44
2375204,22
2375205,52
2375240,32
2375293,33
2375308,30
2375323,24
2375333,41
2375340,53
2375355,46
2375368,124
2375385,21
2375391,33
2375440,23
2375586,20
2375610,46
2375618,27
2375623,52
2375665,85
2375666,26
2375673,35
2375764,57
2375824,24
2375839,406
2375853,35
2375867,28
2375877,20
2375886,29
2375887,20
2375893,24
2375958,175
2375964,22
2375968,29
2375997,121
2375998,50
2376072,29
2376112,21
2376118,46
2376124,46
2376156,86
2376172,21
2376239,23
2376296,20
2376372,42
2376392,34
2376428,37
2376441,27
2376475,24
2376496,36
2376504,23
2376508,35
2376527,29
2376555,43
2376568,22
2376585,24
2376603,88
2376655,20
2376673,23
2376682,84
2376698,20
2376700,20
2376704,42
2376733,22
2376740,38
2376812,33
2376819,61
2376926,251
2376928,127
2376932,92
2376960,20
2376985,28
2377014,41
2377074,70
2377076,31
2377089,35
2377112,39
2377117,34
2377122,38
2377134,33
2377149,22
2377172,103
2377221,139
2377250,23
2377325,60
2377352,28
2377357,34
2377373,39
2377377,112
2377404,21
2377450,35
2377477,32
2377496,81
2377552,28
2377561,174
2377562,52
2377569,28
2377579,39
2377582,24
2377587,28
2377696,26
2377739,20
2377774,172
2377780,21
2377803,225
2377808,26
2377835,20
2377848,20
2377900,61
2377903,26
2377912,26
2377917,60
2377999,384
2378018,47
2378089,33
2378118,98
2378143,23
2378149,22
2378194,22
2378218,41
2378240,37
2378252,22
2378300,22
2378304,23
2378306,133
2378315,46
2378373,75
2378401,21
2378478,26
2378479,20
2378557,34
2378563,34
2378568,23
2378644,20
2378688,21
2378695,71
2378707,31
2378708,249
2378732,36
2378736,28
2378738,33
2378782,105
2378841,38
2378872,23
2378903,77
2378951,49
2378990,30
2379001,49
2379126,56
2379133,21
2379153,40
2379169,23
2379194,23
2379196,25
2379198,24
2379209,32
2379231,25
2379236,19
2379265,36
2379288,39
2379296,21
2379300,40
2379316,33
2379355,41
2379366,98
2379367,53
2379385,24
2379392,64
2379466,25
2379474,22
2379593,147
2379623,20
2379634,159
2379702,47
2379707,28
2379715,74
2379719,19
2379741,22
2379767,26
2379794,23
2379827,30
2379842,39
2379858,31
2379893,30
2379947,69
2380009,25
2380015,20
2380062,41
2380128,41
2380132,62
2380138,35
2380160,103
2380174,35
2380185,41
2380201,154
2380220,23
2380231,508
2380255,25
2380288,20
2380310,39
2380333,27
2380350,26
2380364,20
2380380,145
2380474,70
2380478,42
2380490,139
2380504,24
2380505,22
2380506,32
2380533,35
2380557,21
2380565,28
2380566,35
2380567,73
2380571,64
2380579,32
2380601,38
2380630,21
2380650,53
2380667,89
2380672,61
2380692,98
2380723,31
2380731,44
2380751,41
2380764,24
2380811,36
2380815,93
2380816,58
2380819,293
2380877,55
2380894,20
2380909,20
2380930,36
2380952,25
2380956,268
2380976,434
2380990,42
2380998,87
2381012,22
2381030,24
2381045,23
2381053,133
2381091,40
2381104,35
2381152,76
2381178,28
2381189,23
2381191,26
2381209,32
2381227,29
2381295,33
2381369,34
2381381,31
2381399,19
2381405,131
2381410,115
2381436,39
2381447,165
2381514,51
2381570,68
2381647,39
2381732,143
2381749,66
2381774,111
2381788,40
2381812,23
2381830,30
2381847,58
2381882,62
2381918,30
2381921,34
2381923,65
2381928,44
2381938,245
2381968,30
2382032,40
2382045,20
2382116,20
2382186,86
2382195,28
2382217,31
2382247,30
2382249,298
2382329,46
2382364,52
2382419,41
2382423,82
2382447,31
2382491,28
2382516,38
2382556,35
2382569,21
2382594,35
2382615,94
2382650,25
2382671,47
2382693,75
2382813,64
2382840,20
2382845,28
2382890,32
2382955,62
2382958,25
2382959,24
2382985,71
2382999,25
2383052,31
2383067,78
2383077,20
2383083,21
2383090,106
2383159,33
2383164,33
2383175,38
2383176,21
2383188,130
2383227,35
2383242,43
2383302,40
2383339,20
2383449,29
2383505,20
2383529,75
2383533,79
2383546,158
2383580,23
2383599,21
2383607,30
2383610,21
2383622,23
2383652,20
2383666,30
2383670,249
2383674,21
2383677,254
2383682,312
2383685,424
2383689,20
2383724,31
2383746,23
2383778,44
2383822,35
2383835,90
2383877,32
2383886,25
2383907,106
2383923,21
2383926,171
2383927,42
2383973,23
2383974,28
2384025,40
2384043,181
2384056,195
2384066,60
2384068,92
2384069,27
2384082,24
2384118,104
2384159,146
2384162,101
2384182,66
2384201,21
2384202,53
2384208,23
2384224,28
2384232,33
2384253,21
2384293,102
2384332,20
2384387,24
2384408,94
2384450,387
2384517,22
2384531,55
2384545,46
2384635,63
2384636,87
2384681,38
2384719,221
2384810,21
2384877,63
2384881,54
2384882,25
2384905,30
2384930,42
2384954,21
2384989,21
2384990,212
2385009,48
2385031,20
2385105,226
2385120,169
2385129,33
2385146,32
2385159,71
2385169,25
2385213,66
2385249,155
2385290,22
2385316,50
2385374,25
2385376,33
2385400,62
2385412,21
2385472,342
2385522,29
2385570,124
2385593,29
2385613,213
2385620,24
2385662,27
2385666,43
2385682,31
2385733,28
2385749,291
2385763,167
2385772,69
2385840,25
2385859,20
2385865,315
2385900,28
2385905,25
2385961,34
2385969,23
2385987,59
2386007,35
2386051,146
2386078,60
2386084,43
2386092,25
2386123,52
2386157,43
2386192,33
2386239,149
2386243,73
2386245,21
2386265,333
2386333,48
2386342,33
2386362,24
2386375,26
2386387,25
2386397,21
2386409,40
2386411,27
2386417,21
2386434,27
2386453,36
2386461,140
2386469,22
2386476,27
2386491,25
2386529,34
2386535,42
2386539,32
2386542,83
2386569,26
2386577,73
2386585,22
2386593,110
2386614,23
2386638,320
2386714,23
2386730,26
2386744,24
2386811,48
2386880,31
2386894,41
2387022,22
2387105,177
2387109,38
2387117,326
2387182,32
2387197,74
2387260,30
2387277,44
2387283,32
2387298,33
2387302,101
2387303,30
2387307,24
2387310,183
2387316,142
2387324,402
2387328,127
2387329,48
2387338,46
2387353,25
2387354,44
2387364,51
2387366,82
2387392,26
2387407,142
2387411,26
2387473,38
2387518,23
2387527,61
2387581,30
2387589,23
2387644,23
2387668,39
2387674,35
2387687,27
2387704,34
2387711,20
2387732,22
2387734,24
2387746,26
2387763,26
2387771,37
2387787,65
2387801,26
2387818,20
2387852,28
2387857,20
2387875,30
2387911,72
2387914,20
2387915,21
2387953,128
2387954,54
2387965,41
2387970,21
2388072,32
2388081,24
2388117,62
2388163,38
2388173,25
2388185,26
2388213,22
2388214,379
2388223,25
2388229,21
2388241,33
2388311,52
2388327,27
2388353,62
2388363,62
2388366,43
2388374,20
2388380,21
2388414,23
2388425,99
2388445,29
2388472,24
2388496,53
2388497,21
2388505,45
2388527,38
2388533,27
2388578,243
2388597,21
2388652,20
2388657,42
2388732,44
2388751,415
2388773,20
2388788,32
2388811,35
2388815,23
2388852,166
2388904,58
2388921,25
2388955,33
2388974,30
2388976,27
2388992,32
2388996,22
2388999,21
2389025,35
2389044,21
2389063,105
2389103,461
2389117,21
2389119,20
2389120,26
2389178,32
2389195,20
2389230,41
2389235,88
2389258,85
2389325,55
2389350,30
2389352,43
2389384,145
2389400,33
2389408,66
2389498,38
2389510,43
2389516,21
2389521,69
2389567,20
2389581,26
2389604,29
2389619,208
2389660,110
2389680,39
2389687,260
2389693,25
2389707,50
2389710,39
2389721,46
2389723,462
2389731,29
2389798,60
2389818,36
2389827,76
2389854,21
2389864,24
2389865,45
2389874,42
2389876,26
2389897,24
2389906,102
2389926,27
2389941,42
2389973,26
2389991,44
2390002,131
2390020,28
2390056,20
2390095,153
2390105,32
2390123,60
2390138,28
2390152,27
2390170,20
2390174,24
2390184,26
2390220,54
2390224,23
2390237,21
2390258,20
2390263,52
2390289,23
2390331,37
2390352,45
2390429,254
2390453,30
2390463,22
2390467,47
2390494,19
2390505,27
2390517,27
2390533,51
2390560,20
2390561,27
2390590,25
2390599,40
2390602,29
2390618,144
2390621,23
2390628,21
2390634,50
2390698,119
2390726,35
2390730,20
2390778,74
2390854,271
2390861,129
2390890,27
2390892,49
2390893,31
2390902,20
2390964,26
2390987,33
2391008,44
2391009,96
2391017,88
2391032,23
2391043,31
2391050,47
2391094,56
2391098,40
2391100,34
2391134,33
2391187,40
2391188,23
2391251,23
2391312,26
2391474,252
2391496,23
2391533,253
2391562,24
2391595,405
2391603,21
2391604,21
2391619,89
2391625,258
2391626,72
2391651,104
2391659,23
2391688,26
2391693,191
2391694,23
2391711,33
2391819,31
2391826,122
2391861,68
2391883,22
2391894,46
2391896,69
2391900,64
2391939,43
2391961,22
2391979,25
2392000,30
2392003,44
2392012,29
2392014,24
2392054,20
2392064,25
2392080,36
2392100,40
2392107,98
2392108,28
2392125,23
2392151,37
2392160,177
2392185,20
2392194,47
2392280,53
2392307,93
2392368,23
2392369,35
2392374,28
2392381,21
2392411,64
2392427,22
2392442,193
2392519,38
2392533,42
2392606,195
2392618,40
2392639,112
2392641,53
2392648,81
2392711,28
2392737,32
2392740,32
2392749,23
2392795,23
2392806,37
2392812,31
2392850,23
2392880,21
2392902,31
2392915,22
2392929,42
2392962,50
2393015,37
2393033,21
2393087,21
2393107,21
2393153,81
2393155,24
2393228,29
2393290,20
2393293,21
2393296,65
2393303,30
2393306,88
2393310,38
2393405,110
2393407,105
2393414,38
2393439,20
2393467,60
2393493,34
2393505,128
2393592,50
2393596,34
2393623,20
2393654,32
2393713,24
2393787,29
2393795,44
2393810,51
2393821,26
2393835,44
2393844,228
2393863,20
2393878,21
2393892,33
2393916,42
2393966,20
2393973,118
2393989,38
2394000,24
2394006,20
2394039,163
2394072,81
2394074,26
2394098,34
2394105,46
2394107,51
2394130,85
2394138,157
2394144,20
2394145,30
2394158,28
2394276,25
2394316,26
2394353,24
2394385,35
2394391,63
2394404,46
2394464,41
2394478,52
2394492,33
2394528,24
2394529,425
2394540,89
2394548,23
2394591,32
2394607,83
2394656,29
2394668,40
2394696,166
2394718,75
2394719,27
2394749,20
2394755,28
2394771,116
2394822,20
2394862,31
2394865,55
2394885,36
2394898,37
2395000,56
2395005,29
2395041,27
2395074,27
2395105,94
2395110,66
2395164,39
2395169,25
2395175,20
2395200,38
2395202,20
2395224,21
2395250,430
2395262,19
2395293,92
2395306,34
2395315,36
2395331,33
2395360,50
2395385,26
2395396,28
2395400,331
2395413,269
2395433,71
2395443,27
2395474,95
2395482,264
2395530,22
2395548,34
2395578,31
2395608,33
2395617,51
2395809,23
2395812,28
2395840,26
2395871,53
2395908,106
2395931,133
2395972,45
2395994,45
2395998,25
2396011,27
2396014,31
2396037,26
2396061,120
2396078,21
2396136,269
2396145,21
2396147,155
2396151,30
2396178,28
2396245,48
2396246,47
2396260,20
2396279,28
2396292,23
2396296,36
2396305,129
2396319,84
2396320,334
2396321,42
2396328,20
2396373,21
2396384,72
2396399,55
2396402,22
2396427,25
2396434,49
2396449,51
2396467,24
2396504,28
2396527,25
2396540,22
2396542,120
2396557,61
2396558,24
2396581,27
2396632,26
2396660,193
2396690,46
2396724,20
2396753,25
2396771,37
2396773,31
2396786,26
2396823,84
2396829,51
2396834,34
2396851,21
2396860,21
2396877,23
2396935,22
2397016,52
2397036,27
2397037,131
2397041,22
2397092,111
2397166,49
2397175,425
2397177,20
2397198,52
2397210,20
2397269,36
2397318,36
2397329,167
2397331,28
2397334,24
2397337,32
2397357,21
2397376,38
2397383,128
2397413,33
2397428,21
2397465,22
2397529,23
2397542,33
2397565,52
2397569,57
2397578,84
2397601,86
2397606,209
2397609,22
2397635,29
2397659,105
2397667,27
2397691,20
2397724,28
2397738,51
2397756,37
2397757,23
2397790,57
2397804,22
2397814,30
2397851,39
2397869,21
2397872,24
2397913,40
2397966,53
2397982,22
2398019,43
2398024,48
2398026,101
2398080,40
2398104,28
2398115,164
2398143,56
2398151,54
2398157,24
2398221,65
2398230,62
2398303,75
2398321,25
2398336,39
2398346,30
2398378,27
2398407,33
2398436,31
2398437,26
2398451,40
2398473,30
2398499,29
2398519,21
2398545,130
2398575,49
2398580,33
2398582,60
2398636,25
2398697,65
2398709,20
2398746,28
2398775,29
2398871,95
2398939,20
2398976,24
2398981,220
2398996,27
2399000,26
2399029,25
2399030,65
2399039,29
2399062,101
2399069,49
2399075,44
2399082,51
2399216,24
2399221,21
2399232,27
2399271,33
2399276,384
2399319,84
2399358,20
2399409,22
2399432,32
2399481,78
2399492,91
2399493,21
2399709,35
2399764,25
2399778,32
2399783,136
2399863,53
2399867,128
2399880,61
2399905,28
2399919,34
2399937,26
2399949,62
2399955,377
2399960,63
2399964,32
2400013,48
2400014,65
2400024,125
2400033,41
2400036,78
2400115,23
2400116,25
2400128,44
2400153,40
2400196,29
2400221,67
2400251,148
2400264,49
2400324,31
2400331,23
2400334,89
2400341,25
2400342,38
2400349,35
2400369,20
2400389,90
2400424,33
2400475,57
2400533,34
2400568,21
2400599,40
2400607,51
2400675,79
2400707,33
2400708,25
2400710,24
2400714,21
2400746,34
2400764,24
2400768,24
2400840,33
2400841,49
2400858,35
2400897,24
2400909,21
2400912,22
2400917,27
2400940,377
2400963,20
2400972,34
2401086,34
2401091,24
2401092,333
2401109,24
2401113,130
2401143,35
2401220,143
2401252,49
2401268,25
2401299,24
2401347,36
2401492,29
2401590,45
2401591,21
2401596,53
2401615,19
2401625,45
2401626,326
2401629,27
2401671,53
2401747,63
2401752,34
2401756,31
2401763,39
2401896,31
2401945,22
2401954,26
2401981,25
2402013,26
2402025,22
2402053,22
2402154,261
2402170,25
2402231,90
2402258,23
2402275,82
2402285,23
2402287,36
2402339,32
2402381,123
2402452,97
2402481,27
2402484,46
2402503,23
2402536,27
2402555,43
2402560,59
2402570,264
2402576,24
2402611,27
2402634,298
2402655,21
2402710,43
2402714,21
2402755,33
2402780,31
2402817,32
2402849,41
2402887,36
2402899,23
2402940,66
2402955,53
2402983,29
2403013,23
2403186,22
2403189,194
2403191,76
2403216,24
2403268,30
2403286,24
2403305,20
2403326,27
2403330,23
2403338,58
2403364,84
2403370,44
2403421,20
2403434,46
2403467,48
2403492,55
2403507,29
2403535,26
2403610,28
2403647,57
2403690,25
2403703,24
2403715,28
2403725,33
2403727,32
2403751,67
2403767,31
2403788,48
2403803,43
2403823,20
2403833,66
2403855,56
2403932,21
2403939,103
2403941,47
2403947,78
2403958,37
2403975,39
2404012,276
2404081,52
2404104,28
2404110,44
2404138,20
2404139,26
2404146,22
2404157,35
2404173,69
2404191,34
2404199,36
2404203,69
2404219,98
2404234,91
2404235,86
2404276,21
2404290,50
2404293,30
2404371,21
2404406,40
2404440,41
2404446,75
2404457,25
2404458,47
2404485,47
2404565,36
2404587,35
2404651,49
2404665,64
2404684,27
2404743,23
2404801,21
2404826,77
2404829,23
2404851,30
2404863,41
2404890,22
2404903,34
2404918,23
2404938,52
2404957,30
2404964,48
2404968,54
2405003,36
2405023,26
2405041,53
2405052,23
2405068,494
2405082,84
2405119,181
2405120,28
2405129,67
2405147,26
2405255,26
2405296,58
2405310,71
2405333,62
2405343,38
2405357,20
2405380,39
2405388,22
2405411,28
2405432,68
2405445,122
2405457,26
2405481,32
2405482,87
2405484,346
2405487,97
2405492,32
2405496,194
2405543,81
2405571,24
2405591,90
2405605,23
2405608,47
2405653,380
2405658,22
2405659,55
2405669,21
2405674,464
2405679,91
2405696,32
2405702,29
2405752,44
2405819,40
2405841,63
2405861,23
2405868,72
2405927,50
2405929,133
2405933,203
2405991,46
2406008,21
2406041,38
2406104,53
2406162,22
2406171,58
2406212,54
2406216,48
2406260,43
2406262,65
2406294,50
2406334,29
2406344,29
2406345,20
2406393,80
2406412,60
2406428,53
2406457,30
2406487,27
2406561,43
2406587,30
2406604,38
2406634,37
2406643,120
2406660,20
2406662,22
2406679,97
2406685,309
2406687,62
2406716,103
2406717,48
2406742,27
2406749,23
2406751,77
2406753,37
2406816,466
2406823,41
2406839,31
2406873,98
2406898,22
2406903,106
2406936,48
2406948,26
2407027,58
2407028,28
2407094,26
2407124,74
2407162,77
2407168,21
2407214,24
2407221,23
2407274,25
2407303,45
2407308,30
2407340,22
2407357,28
2407440,59
2407457,104
2407494,29
2407517,46
2407564,19
2407587,21
2407609,33
2407628,46
2407659,20
2407715,28
2407738,48
2407739,179
2407823,52
2407842,28
2407889,26
2407966,28
2408002,83
2408011,32
2408018,79
2408111,185
2408115,23
2408171,47
2408173,30
2408178,90
2408230,57
2408234,128
2408238,29
2408250,21
2408265,130
2408322,52
2408382,22
2408399,25
2408405,22
2408417,61
2408418,440
2408429,126
2408432,26
2408437,49
2408462,26
2408477,115
2408526,20
2408528,60
2408567,41
2408577,23
2408578,29
2408594,71
2408597,32
2408626,21
2408656,223
2408681,278
2408782,34
2408806,71
2408817,23
2408818,31
2408819,50
2408821,120
2408876,20
2408919,43
2408974,42
2408991,24
2408993,263
2408994,31
2409019,37
2409033,35
2409052,54
2409069,28
2409091,46
2409138,24
2409151,29
2409189,26
2409263,73
2409301,21
2409302,56
2409310,31
2409328,50
2409346,128
2409359,35
2409397,49
2409410,27
2409423,56
2409429,78
2409465,164
2409482,388
2409483,33
2409494,28
2409547,21
2409635,20
2409643,20
2409743,64
2409777,31
2409778,43
2409784,20
2409794,36
2409851,36
2409852,26
2409854,46
2409887,42
2409996,28
2410033,95
2410040,19
2410050,62
2410056,30
2410073,27
2410089,36
2410096,38
2410098,20
2410118,19
2410119,51
2410140,44
2410177,38
2410251,27
2410259,20
2410284,25
2410321,22
2410345,64
2410355,131
2410358,237
2410426,19
2410433,27
2410486,27
2410517,20
2410524,20
2410529,43
2410569,36
2410601,75
2410631,54
2410649,57
2410651,26
2410654,31
2410742,39
2410776,162
2410792,31
2410849,82
2410858,28
2410862,21
2410870,351
2410890,345
2410925,34
2410937,36
2410940,22
2410969,62
2411051,139
2411069,21
2411132,23
2411167,56
2411178,32
2411363,93
2411364,35
2411377,74
2411379,34
2411383,64
2411403,24
2411426,66
2411438,55
2411455,34
2411476,33
2411488,20
2411492,260
2411505,21
2411507,38
2411510,53
2411537,39
2411543,160
2411544,30
2411576,23
2411601,47
2411608,23
2411638,61
2411697,22
2411709,37
2411747,94
2411753,20
2411795,102
2411806,67
2411862,40
2411894,41
2411925,49
2411956,32
2411971,30
2411999,52
2412070,44
2412104,30
2412113,28
2412130,145
2412216,90
2412234,21
2412239,58
2412248,39
2412253,58
2412254,24
2412286,23
2412303,155
2412307,132
2412313,35
2412337,46
2412346,36
2412351,46
2412390,33
2412508,27
2412568,54
2412624,29
2412667,148
2412671,21
2412677,30
2412681,25
2412685,95
2412694,37
2412714,28
2412715,32
2412729,370
2412799,57
2412816,26
2412830,20
2412868,22
2412936,39
2412954,25
2412955,27
2412960,21
2412970,22
2413011,126
2413012,55
2413020,30
2413032,161
2413041,29
2413066,133
2413093,48
2413105,46
2413116,37
2413126,65
2413147,126
2413157,48
2413188,91
2413196,54
2413223,22
2413238,37
2413241,21
2413259,24
2413318,32
2413320,20
2413332,133
2413344,19
2413350,25
2413371,73
2413379,73
2413382,48
2413457,33
2413463,23
2413474,27
2413485,28
2413506,21
2413580,31
2413585,20
2413609,54
2413652,272
2413708,38
2413733,25
2413760,57
2413765,19
2413782,84
2413798,31
2413892,20
2413904,40
2413927,41
2413929,49
2413945,43
2413964,25
2414002,100
2414032,22
2414072,31
2414099,23
2414135,19
2414137,20
2414181,50
2414189,182
2414216,76
2414238,41
2414254,21
2414270,54
2414288,40
2414296,44
2414363,19
2414364,61
2414379,34
2414388,23
2414401,43
2414414,30
2414470,91
2414478,48
2414530,20
2414531,32
2414532,71
2414551,71
2414568,24
2414619,136
2414621,21
2414642,82
2414677,167
2414694,21
2414742,31
2414802,95
2414809,38
2414918,38
2414961,24
2414966,40
2414979,20
2414985,19
2415010,28
2415035,24
2415038,25
2415065,55
2415069,26
2415102,33
2415122,83
2415153,137
2415174,22
2415192,38
2415202,28
2415209,70
2415238,46
2415331,23
2415359,322
2415427,22
2415431,53
2415453,22
2415459,68
2415465,80
2415481,21
2415486,24
2415488,30
2415502,30
2415526,23
2415539,21
2415555,20
2415602,80
2415620,73
2415625,34
2415635,70
2415642,62
2415644,31
2415684,81
2415735,24
2415741,40
2415769,22
2415788,42
2415820,57
2415832,20
2415846,47
2415869,39
2415872,29
2415903,25
2415909,137
2415947,27
2415976,354
2415983,22
2416004,26
2416005,146
2416022,41
2416033,27
2416057,30
2416070,22
2416100,57
2416113,24
2416174,61
2416181,82
2416262,51
2416271,46
2416280,47
2416342,79
2416353,49
2416377,50
2416415,52
2416416,45
2416439,21
2416440,23
2416448,53
2416463,27
2416514,33
2416539,87
2416550,31
2416589,20
2416606,43
2416607,36
2416660,29
2416775,45
2416790,252
2416807,23
2416842,423
2416859,191
2416863,35
2416893,22
2416943,77
2416944,52
2416955,23
2416956,103
2416975,80
2417039,48
2417101,21
2417116,69
2417117,127
2417183,53
2417187,36
2417198,36
2417207,39
2417220,45
2417222,78
2417257,39
2417264,74
2417273,150
2417299,29
2417339,39
2417349,53
2417363,64
2417371,33
2417386,20
2417416,133
2417419,26
2417437,33
2417444,70
2417448,21
2417467,159
2417473,25
2417494,41
2417506,22
2417522,81
2417557,39
2417560,69
2417586,21
2417597,43
2417598,260
2417638,51
2417642,469
2417650,33
2417656,28
2417669,75
2417709,25
2417713,25
2417754,28
2417820,50
2417827,33
2417830,37
2417851,30
2417915,41
2417916,21
2417960,21
2417968,38
2418014,45
2418017,29
2418033,20
2418036,60
2418110,205
2418121,34
2418144,22
2418174,20
2418187,26
2418195,40
2418197,465
2418217,26
2418222,333
2418232,61
2418254,39
2418270,27
2418308,74
2418358,182
2418387,76
2418412,49
2418427,31
2418557,60
2418567,20
2418568,43
2418597,25
2418638,24
2418639,27
2418640,35
2418660,56
2418736,23
2418748,36
2418749,23
2418750,49
2418754,20
2418762,47
2418821,63
2418839,276
2418868,23
2418911,29
2418924,21
2418925,109
2418930,27
2418943,64
2418988,28
2419063,28
2419090,30
2419101,27
2419107,62
2419125,21
2419133,56
2419140,52
2419143,22
2419144,24
2419220,67
2419372,51
2419412,27
2419418,94
2419428,20
2419457,21
2419485,31
2419525,195
2419528,157
2419535,33
2419576,44
2419615,74
2419617,53
2419618,34
2419621,40
2419628,33
2419643,29
2419838,41
2419905,52
2419930,46
2420013,50
2420020,22
2420024,26
2420032,30
2420075,29
2420096,31
2420099,68
2420105,44
2420149,101
2420150,49
2420151,20
2420174,42
2420189,33
2420203,80
2420207,31
2420228,33
2420258,25
2420299,25
2420302,31
2420306,28
2420318,22
2420381,21
2420385,26
2420390,52
2420423,39
2420444,23
2420473,182
2420496,28
2420504,20
2420524,21
2420527,69
2420536,30
2420561,72
2420604,71
2420711,24
2420745,21
2420818,116
2420855,33
2420894,20
2420936,53
2420940,113
2420953,29
2421000,34
2421023,27
2421056,27
2421080,90
2421081,32
2421095,31
2421105,27
2421120,130
2421128,21
2421131,28
2421136,252
2421137,34
2421145,39
2421174,95
2421203,41
2421224,33
2421234,104
2421238,47
2421278,39
2421285,41
2421288,76
2421289,78
2421307,132
2421312,342
2421376,38
2421381,33
2421397,20
2421425,77
2421523,30
2421533,88
2421534,36
2421547,24
2421642,26
2421652,21
2421653,94
2421691,99
2421696,32
2421713,24
2421720,47
2421729,154
2421741,37
2421760,244
2421762,27
2421764,30
2421772,24
2421776,47
2421777,203
2421791,22
2421844,22
2421871,31
2421897,23
2421916,25
2421920,470
2421930,27
2421961,21
2421964,25
2421994,36
2422031,26
2422061,21
2422125,27
2422156,24
2422193,20
2422198,49
2422269,57
2422276,35
2422285,30
2422313,47
2422334,40
2422356,20
2422367,42
2422388,21
2422413,35
2422429,28
2422452,33
2422486,25
2422574,33
2422577,31
2422582,23
2422588,30
2422594,276
2422648,26
2422653,103
2422656,53
2422664,40
2422669,20
2422706,21
2422747,28
2422760,85
2422770,103
2422800,27
2422803,157
2422804,166
2422805,23
2422842,200
2422884,26
2422912,36
2422923,23
2422957,25
2422959,182
2422978,77
2422983,67
2422989,48
2422990,24
2423025,28
2423030,228
2423034,43
2423071,31
2423074,59
2423084,29
2423101,39
2423166,43
2423171,43
2423227,37
2423281,55
2423282,45
2423304,33
2423336,100
2423339,31
2423351,30
2423374,27
2423387,25
2423408,117
2423432,335
2423507,82
2423513,21
2423547,357
2423577,71
2423648,54
2423693,40
2423718,34
2423727,20
2423735,105
2423773,34
2423814,176
2423862,30
2423863,20
2423868,78
2423880,50
2423902,38
2423941,22
2423946,26
2423949,20
2423954,63
2423958,27
2423977,29
2423998,29
2423999,122
2424000,30
2424029,78
2424045,29
2424061,66
2424068,29
2424075,30
2424097,31
2424183,35
2424195,126
2424234,143
2424252,77
2424282,50
2424288,45
2424320,24
2424362,25
2424367,67
2424378,22
2424381,102
2424392,31
2424394,191
2424400,119
2424492,82
2424498,58
2424524,38
2424536,24
2424554,29
2424612,25
2424625,78
2424635,85
2424637,22
2424676,25
2424712,52
2424715,79
2424716,53
2424725,41
2424756,92
2424779,25
2424790,28
2424855,34
2424920,39
2424921,43
2424945,74
2424958,108
2425006,59
2425019,32
2425058,55
2425063,21
2425107,28
2425109,452
2425147,39
2425190,96
2425191,23
2425196,35
2425206,72
2425241,20
2425250,39
2425268,61
2425287,33
2425289,29
2425301,30
2425338,95
2425357,51
2425403,56
2425407,24
2425420,79
2425437,78
2425466,46
2425478,27
2425571,77
2425620,22
2425634,21
2425638,502
2425657,56
2425665,54
2425681,24
2425688,28
2425711,50
2425727,23
2425732,71
2425737,39
2425781,145
2425824,39
2425832,82
2425849,73
2425868,386
2425917,46
2425920,33
2425939,39
2426027,24
2426061,98
2426062,89
2426105,23
2426147,81
2426153,70
2426237,25
2426307,23
2426308,40
2426334,93
2426358,39
2426361,24
2426376,28
2426392,440
2426393,144
2426453,61
2426464,35
2426503,48
2426506,42
2426550,22
2426569,91
2426607,73
2426608,53
2426635,26
2426636,30
2426643,40
2426658,23
2426668,310
2426684,20
2426711,47
2426745,24
2426775,20
2426776,76
2426782,30
2426854,143
2426902,24
2426969,34
2426985,24
2426986,187
2427007,102
2427053,42
2427057,62
2427081,44
2427101,24
2427106,35
2427128,91
2427142,29
2427170,61
2427225,51
2427248,104
2427265,48
2427269,66
2427270,25
2427302,35
2427311,51
2427313,34
2427321,64
2427357,23
2427366,209
2427391,28
2427395,24
2427411,61
2427451,45
2427528,43
2427529,88
2427617,67
2427622,45
2427640,24
2427666,135
2427698,55
2427711,23
2427736,29
2427756,43
2427784,58
2427803,29
2427872,166
2427908,66
2427923,35
2427930,30
2427946,36
2427965,34
2427983,71
2428011,21
2428032,98
2428040,71
2428042,26
2428053,50
2428078,36
2428094,182
2428095,31
2428106,226
2428114,40
2428134,23
2428152,51
2428167,43
2428172,80
2428174,32
2428201,25
2428215,29
2428223,29
2428309,88
2428423,31
2428427,278
2428451,76
2428471,43
2428485,68
2428491,37
2428518,25
2428529,127
2428544,45
2428547,21
2428557,26
2428558,27
2428561,39
2428575,20
2428626,94
2428662,44
2428719,41
2428727,29
2428730,65
2428731,25
2428746,39
2428754,72
2428785,41
2428788,20
2428791,43
2428802,33
2428839,51
2428846,29
2428857,20
2428883,20
2428902,29
2428907,21
2428919,32
2428957,66
2428973,21
2428988,20
2428999,38
2429000,296
2429004,51
2429028,100
2429035,38
2429094,63
2429120,36
2429183,41
2429187,35
2429195,26
2429200,30
2429204,20
2429211,195
2429222,25
2429224,26
2429238,25
2429254,19
2429276,20
2429287,42
2429299,78
2429309,38
2429310,28
2429326,45
2429344,32
2429353,52
2429354,58
2429361,323
2429366,35
2429438,175
2429448,137
2429463,37
2429526,53
2429566,26
2429568,119
2429583,20
2429590,34
2429611,27
2429643,64
2429649,27
2429654,27
2429655,92
2429656,47
2429676,66
2429683,67
2429715,63
2429730,20
2429789,23
2429803,23
2429811,27
2429819,70
2429875,26
2429929,20
2429931,24
2429941,23
2430016,26
2430023,70
2430039,20
2430059,20
2430091,22
2430111,75
2430114,32
2430116,51
2430134,101
2430155,20
2430171,21
2430215,103
2430232,31
2430291,32
2430292,20
2430311,21
2430319,57
2430335,21
2430338,34
2430341,171
2430351,22
2430414,38
2430464,252
2430485,118
2430490,40
2430491,76
2430560,56
2430564,212
2430579,23
2430604,433
2430622,39
2430644,42
2430646,84
2430715,22
2430749,28
2430763,36
2430796,25
2430819,23
2430828,39
2430860,27
2430871,74
2430872,68
2430900,29
2430954,40
2430962,22
2430996,29
2431018,25
2431029,26
2431064,52
2431126,23
2431128,31
2431174,55
2431180,21
2431213,67
2431275,20
2431300,27
2431301,42
2431302,28
2431305,32
2431382,41
2431394,50
2431418,53
2431420,20
2431422,29
2431500,28
2431575,28
2431606,204
2431629,38
2431635,123
2431643,37
2431653,179
2431740,246
2431797,56
2431823,79
2431844,23
2431866,73
2431905,30
2431971,33
2432049,20
2432118,21
2432131,190
2432153,62
2432168,123
2432169,51
2432205,27
2432230,20
2432231,56
2432242,71
2432254,20
2432263,21
2432273,47
2432307,55
2432320,365
2432353,22
2432387,302
2432388,26
2432402,57
2432415,39
2432423,66
2432427,56
2432469,42
2432500,41
2432542,35
2432597,43
2432598,41
2432607,21
2432649,102
2432657,23
2432665,76
2432682,26
2432740,405
2432746,119
2432754,35
2432756,29
2432777,32
2432778,26
2432795,22
2432802,44
2432845,340
2432848,86
2432924,128
2432988,101
2433005,42
2433033,75
2433046,39
2433047,39
2433049,83
2433062,45
2433080,32
2433123,171
2433139,46
2433147,25
2433149,20
2433164,23
2433188,29
2433199,47
2433202,98
2433250,22
2433261,52
2433271,20
2433313,23
2433314,30
2433364,39
2433413,87
2433438,52
2433448,118
2433552,30
2433630,51
2433698,139
2433702,70
2433723,30
2433725,36
2433751,22
2433761,117
2433780,95
2433784,32
2433787,55
2433805,43
2433810,47
2433831,64
2433849,274
2433874,42
2433881,65
2433892,330
2433931,20
2433953,99
2433973,50
2433974,45
2433980,41
2434045,23
2434052,27
2434064,59
2434068,45
2434080,31
2434107,23
2434111,50
2434114,79
2434156,27
2434158,310
2434183,42
2434187,99
2434206,42
2434209,63
2434218,34
2434222,20
2434294,72
2434362,106
2434372,53
2434481,90
2434500,36
2434559,29
2434582,40
2434600,35
2434643,74
2434645,25
2434693,24
2434706,79
2434711,23
2434753,28
2434777,22
2434847,96
2434852,236
2434853,33
2434857,66
2434859,28
2434879,19
2434892,46
2434899,20
2434914,42
2434920,32
2434939,92
2434973,24
2434989,22
2435012,52
2435018,27
2435038,74
2435044,54
2435045,23
2435068,28
2435070,23
2435081,39
2435104,28
2435134,43
2435135,30
2435147,32
2435239,81
2435245,21
2435251,41
2435256,20
2435273,79
2435314,41
2435323,318
2435327,37
2435331,31
2435380,20
2435436,217
2435437,38
2435445,50
2435519,21
2435534,117
2435538,178
2435571,19
2435632,26
2435639,20
2435650,65
2435651,21
2435674,31
2435682,22
2435695,64
2435721,22
2435757,26
2435764,34
2435765,51
2435769,73
2435786,88
2435790,29
2435795,28
2435821,23
2435832,27
2435849,72
2435882,24
2435887,23
2435903,22
2435904,21
2435927,126
2435963,21
2435991,20
2435993,33
2435995,50
2436009,23
2436045,27
2436046,27
2436089,25
2436102,142
2436140,56
2436145,24
2436157,36
2436172,34
2436177,25
2436183,26
2436253,36
2436255,86
2436301,74
2436319,32
2436338,24
2436354,27
2436356,277
2436368,133
2436371,29
2436428,65
2436495,59
2436496,21
2436510,30
2436640,22
2436679,22
2436721,24
2436723,194
2436759,51
2436802,20
2436811,63
2436826,27
2436862,31
2436879,21
2436897,25
2436900,56
2436959,54
2436977,25
2437006,37
2437043,85
2437048,21
2437053,40
2437058,25
2437093,435
2437142,30
2437168,23
2437176,22
2437201,29
2437205,32
2437217,20
2437218,37
2437271,65
2437294,30
2437295,48
2437322,26
2437338,25
2437348,20
2437357,25
2437366,23
2437375,490
2437376,20
2437380,22
2437446,185
2437472,61
2437486,48
2437579,37
2437590,67
2437607,207
2437660,26
2437668,21
2437679,30
2437702,165
2437720,28
2437732,21
2437755,50
2437819,92
2437830,35
2437856,24
2437880,19
2437886,23
2437912,116
2437969,39
2437984,20
2438059,19
2438078,46
2438100,57
2438113,72
2438150,122
2438156,226
2438170,25
2438175,21
2438190,23
2438216,34
2438245,23
2438261,311
2438272,59
2438349,27
2438386,116
2438393,21
2438394,28
2438421,27
2438474,27
2438486,21
2438489,40
2438491,27
2438498,25
2438539,49
2438544,64
2438562,21
2438565,28
2438636,25
2438647,35
2438653,148
2438657,61
2438670,28
2438675,30
2438702,28
2438721,31
2438728,21
2438752,31
2438779,23
2438836,66
2438846,22
2438863,24
2438864,27
2438869,46
2438883,151
2438902,21
2438927,22
2438928,47
2438960,26
2439002,26
2439034,166
2439043,30
2439079,30
2439096,31
2439114,38
2439131,32
2439194,112
2439283,49
2439306,27
2439317,22
2439325,26
2439360,233
2439479,20
2439505,28
2439560,97
2439616,20
2439623,26
2439629,49
2439633,22
2439654,23
2439672,38
2439721,28
2439772,37
2439774,47
2439779,35
2439803,81
2439808,47
2439810,24
2439811,127
2439825,80
2439851,168
2439875,23
2439898,23
2439899,73
2439925,82
2439951,34
2439954,41
2439967,21
2439999,24
2440126,20
2440146,24
2440147,104
2440149,20
2440188,38
2440205,32
2440218,22
2440228,91
2440240,24
2440271,87
2440317,20
2440369,101
2440449,69
2440502,30
2440503,22
2440560,22
2440583,33
2440585,286
2440596,77
2440598,40
2440672,39
2440680,112
2440706,44
2440715,29
2440747,20
2440749,23
2440753,25
2440788,35
2440812,77
2440817,25
2440858,22
2440932,49
2440945,25
2440969,21
2440980,42
2440988,34
2440997,20
2440998,58
2441005,30
2441046,22
2441058,22
2441065,30
2441067,21
2441078,55
2441164,21
2441192,63
2441199,25
2441208,79
2441231,26
2441294,38
2441313,33
2441427,22
2441452,59
2441461,38
2441466,82
2441473,213
2441492,24
2441494,34
2441507,37
2441533,22
2441538,91
2441539,23
2441549,48
2441551,60
2441552,29
2441555,82
2441597,78
2441654,27
2441680,50
2441762,48
2441790,49
2441814,31
2441834,21
2441840,20
2441858,20
2441868,21
2441902,22
2441936,20
2441984,26
2441986,28
2442056,70
2442073,25
2442088,19
2442114,82
2442141,52
2442156,116
2442159,249
2442182,152
2442186,30
2442192,45
2442203,29
2442270,133
2442277,23
2442291,96
2442351,83
2442356,25
2442374,34
2442386,40
2442391,63
2442396,45
2442414,21
2442447,31
2442473,75
2442484,42
2442489,21
2442501,23
2442516,38
2442524,21
2442532,22
2442554,20
2442572,26
2442617,25
2442637,64
2442645,22
2442653,27
2442656,49
2442701,40
2442714,61
2442728,27
2442731,95
2442744,28
2442749,49
2442762,20
2442847,20
2442870,23
2442891,33
2442907,42
2442981,49
2443014,210
2443017,99
2443053,234
2443147,36
2443184,43
2443214,24
2443225,31
2443227,148
2443257,26
2443296,34
2443314,43
2443319,22
2443387,245
2443465,59
2443483,46
2443505,43
2443548,29
2443551,20
2443552,45
2443593,36
2443610,76
2443611,20
2443613,176
2443614,21
2443617,70
2443676,81
2443704,20
2443722,20
2443734,32
2443736,77
2443791,30
2443821,29
2443840,65
2443852,30
2443858,35
2443903,35
2443912,23
2443918,24
2444048,20
2444055,29
2444093,20
2444101,22
2444135,51
2444139,20
2444184,36
2444195,45
2444215,123
2444221,39
2444239,22
2444244,27
2444256,55
2444289,27
2444337,187
2444339,20
2444343,30
2444364,70
2444412,52
2444488,35
2444494,138
2444589,31
2444604,24
2444609,169
2444615,20
2444710,25
2444770,58
2444815,20
2444829,30
2444908,203
2444940,86
2444984,52
2445003,70
2445032,75
2445035,29
2445037,44
2445040,32
2445047,34
2445095,40
2445124,22
2445196,28
2445261,42
2445276,39
2445295,30
2445355,62
2445358,49
2445364,31
2445394,19
2445401,251
2445419,22
2445441,26
2445475,190
2445476,31
2445485,51
2445500,24
2445513,64
2445516,93
2445522,22
2445541,33
2445557,22
2445566,24
2445583,35
2445614,194
2445618,47
2445664,87
2445672,397
2445675,58
2445709,63
2445732,38
2445748,28
2445816,33
2445818,29
2445879,35
2445880,21
2445884,36
2445962,24
2445967,332
2446015,49
2446033,22
2446043,24
2446104,25
2446142,415
2446150,121
2446162,40
2446182,32
2446188,22
2446216,21
2446247,26
2446268,29
2446279,26
2446283,27
2446309,32
2446320,50
2446327,437
2446333,32
2446343,26
2446373,34
2446376,21
2446385,34
2446426,51
2446430,44
2446440,20
2446452,34
2446506,20
2446554,36
2446564,29
2446574,70
2446592,26
2446596,22
2446597,188
2446605,146
2446615,20
2446652,30
2446697,28
2446709,246
2446743,20
2446777,35
2446796,43
2446799,152
2446817,70
2446828,313
2446861,42
2446872,60
2447032,50
2447033,30
2447037,24
2447053,142
2447057,23
2447165,68
2447169,21
2447173,30
2447189,42
2447212,66
2447225,105
2447269,25
2447270,83
2447274,61
2447293,23
2447298,50
2447345,85
2447375,31
2447424,30
2447433,85
2447435,38
2447495,66
2447503,445
2447547,80
2447614,44
2447615,31
2447628,148
2447662,97
2447671,27
2447686,42
2447740,21
2447789,24
2447791,35
2447810,20
2447852,403
2447880,65
2447883,41
2447901,27
2447911,95
2447922,94
2447943,21
2448014,20
2448029,44
2448041,50
2448088,27
2448124,74
2448125,33
2448126,33
2448151,108
2448190,22
2448193,20
2448239,187
2448251,32
2448259,21
2448275,31
2448293,31
2448295,62
2448302,63
2448314,21
2448363,61
2448368,30
2448382,45
2448391,114
2448410,37
2448421,60
2448431,25
2448459,34
2448466,24
2448470,39
2448487,22
2448491,77
2448496,22
2448538,28
2448551,20
2448618,65
2448627,30
2448634,63
2448640,202
2448641,52
2448657,29
2448668,23
2448672,43
2448677,29
2448690,56
2448714,57
2448727,97
2448761,66
2448797,24
2448801,28
2448805,395
2448819,54
2448820,40
2448915,184
2448995,46
2448996,37
2448998,42
2448999,61
2449036,42
2449047,53
2449061,25
2449091,67
2449092,40
2449111,35
2449137,108
2449145,25
2449162,21
2449222,23
2449317,36
2449341,28
2449385,24
2449386,39
2449390,22
2449393,21
2449428,20
2449434,198
2449463,33
2449481,26
2449482,66
2449510,40
2449521,41
2449546,60
2449558,37
2449567,49
2449595,207
2449598,48
2449600,39
2449620,107
2449623,26
2449686,21
2449690,20
2449759,28
2449772,30
2449796,43
2449799,21
2449848,23
2449888,24
2449900,33
2449911,78
2449932,39
2449982,71
2449992,54
2450005,22
2450038,47
2450053,27
2450090,28
2450105,22
2450107,159
2450125,26
2450149,24
2450151,142
2450196,25
2450199,92
2450246,21
2450270,33
2450271,35
2450325,74
2450329,21
2450339,37
2450349,60
2450400,23
2450491,42
2450523,34
2450531,71
2450553,20
2450570,31
2450588,82
2450656,20
2450814,22
2450821,185
2450829,43
2450882,136
2450936,38
2450973,31
2450986,20
2451039,32
2451054,35
2451061,35
2451065,29
2451066,25
2451108,135
2451109,171
2451158,29
2451188,21
2451233,185
2451238,25
2451268,55
2451351,20
2451364,39
2451365,36
2451436,262
2451464,41
2451467,24
2451468,133
2451516,39
2451528,34
2451537,25
2451571,48
2451574,101
2451586,235
2451608,37
2451662,23
2451668,24
2451676,77
2451703,49
2451704,62
2451709,32
2451728,27
2451736,90
2451806,87
2451807,29
2451814,37
2451845,117
2451866,23
2451913,52
2451915,20
2451917,67
2451944,43
2451950,50
2452004,145
2452022,24
2452028,86
2452041,30
2452050,26
2452110,61
2452119,100
2452129,47
2452141,57
2452143,41
2452147,33
2452201,264
2452245,28
2452261,130
2452280,25
2452345,40
2452356,27
2452372,66
2452396,34
2452441,40
2452501,21
2452552,36
2452599,22
2452600,61
2452609,25
2452688,32
2452689,21
2452720,23
2452756,24
2452762,43
2452790,30
2452794,21
2452797,79
2452833,211
2452891,383
2452912,87
2452950,28
2452954,23
2452957,22
2452967,33
2452974,313
2452996,28
2453003,29
2453039,83
2453051,22
2453062,53
2453075,35
2453082,27
2453086,229
2453099,275
2453171,25
2453275,20
2453276,91
2453293,81
2453318,64
2453332,122
2453333,135
2453356,48
2453366,24
2453367,27
2453379,20
2453396,231
2453398,21
2453402,30
2453433,60
2453452,41
2453475,84
2453493,21
2453505,21
2453521,284
2453542,28
2453548,23
2453567,37
2453569,23
2453593,48
2453597,24
2453618,109
2453658,22
2453666,80
2453679,21
2453688,28
2453771,44
2453992,57
2454007,90
2454017,34
2454079,20
2454094,21
2454099,35
2454113,184
2454115,201
2454150,39
2454220,118
2454236,21
2454315,35
2454349,20
2454361,53
2454385,27
2454408,28
2454463,33
2454479,41
2454492,59
2454526,77
2454555,21
2454582,29
2454600,37
2454605,114
2454615,33
2454628,160
2454637,75
2454662,56
2454768,23
2454855,29
2454899,35
2454913,103
2454925,20
2454938,20
2454952,181
2454957,28
2454969,22
2455018,32
2455022,227
2455082,49
2455086,30
2455096,28
2455106,36
2455140,30
2455172,19
2455174,23
2455216,73
2455247,25
2455271,26
2455291,32
2455376,183
2455401,27
2455438,61
2455439,191
2455443,23
2455451,25
2455466,58
2455467,258
2455471,19
2455507,26
2455526,89
2455545,68
2455558,38
2455590,35
2455602,19
2455648,97
2455670,23
2455719,230
2455725,40
2455749,41
2455777,84
2455790,66
2455848,55
2455853,63
2455864,25
2455905,28
2455921,28
2455939,31
2455947,32
2455952,43
2455987,20
2455995,151
2456003,77
2456034,59
2456073,63
2456087,26
2456120,24
2456161,24
2456205,24
2456208,106
2456209,29
2456224,40
2456225,177
2456241,82
2456258,31
2456266,35
2456283,46
2456303,32
2456329,31
2456338,44
2456365,69
2456404,22
2456422,34
2456449,21
2456455,63
2456509,238
2456536,27
2456561,59
2456612,54
2456614,37
2456650,45
2456656,49
2456677,81
2456726,84
2456727,23
2456740,68
2456753,66
2456763,23
2456793,32
2456828,20
2456895,280
2456927,54
2456928,130
2456929,98
2456946,22
2456965,31
2456994,22
2457011,25
2457044,37
2457076,120
2457093,44
2457102,118
2457138,32
2457153,22
2457195,36
2457211,29
2457233,33
2457268,73
2457284,140
2457293,39
2457294,24
2457323,26
2457338,46
2457339,21
2457344,370
2457357,75
2457377,21
2457378,44
2457393,55
2457398,75
2457422,35
2457448,38
2457458,174
2457521,20
2457531,28
2457533,331
2457550,21
2457558,59
2457576,22
2457630,53
2457754,31
2457755,29
2457786,82
2457789,22
2457805,127
2457851,26
2457873,189
2457874,24
2457881,206
2457885,62
2457929,30
2457982,21
2458034,43
2458035,39
2458093,25
2458114,31
2458164,20
2458213,27
2458223,74
2458250,182
2458270,217
2458293,24
2458317,135
2458328,88
2458351,26
2458397,51
2458407,20
2458437,30
2458472,81
2458474,44
2458528,62
2458546,468
2458548,66
2458582,22
2458607,20
2458667,24
2458671,31
2458679,34
2458682,25
2458694,203
2458704,39
2458705,29
2458725,26
2458744,33
2458777,27
2458834,120
2458839,26
2458861,71
2458866,28
2458904,22
2458943,31
2458957,73
2458966,209
2458981,21
2459005,248
2459056,21
2459122,30
2459173,22
2459188,34
2459229,66
2459257,21
2459273,21
2459280,105
2459307,72
2459341,477
2459402,351
2459479,93
2459555,30
2459576,22
2459578,38
2459593,21
2459657,23
2459663,139
2459673,28
2459680,24
2459706,34
2459749,42
2459775,29
2459794,46
2459802,27
2459819,38
2459849,34
2459863,28
2459865,41
2459880,83
2459913,22
2459914,22
2459936,24
2459952,32
2460080,23
2460116,71
2460169,34
2460190,33
2460204,36
2460227,69
2460252,162
2460272,25
2460342,35
2460382,43
2460386,26
2460395,62
2460432,22
2460435,442
2460453,22
2460458,25
2460496,46
2460497,34
2460558,24
2460560,41
2460562,26
2460638,55
2460658,91
2460665,125
2460668,23
2460716,22
2460719,47
2460732,36
2460806,22
2460854,49
2460867,30
2460873,26
2460930,22
2460931,20
2460941,22
2460986,23
2461008,46
2461043,70
2461081,53
2461091,237
2461092,21
2461164,25
2461176,42
2461214,64
2461258,31
2461305,23
2461424,66
2461434,89
2461443,34
2461469,24
2461476,36
2461503,81
2461505,45
2461520,22
2461534,29
2461543,63
2461567,24
2461616,77
2461630,23
2461640,30
2461698,20
2461740,20
2461758,23
2461780,45
2461848,21
2461876,23
2461889,20
2461998,56
2462001,78
2462008,44
2462014,22
2462015,27
2462052,29
2462083,57
2462113,151
2462126,23
2462155,23
2462159,34
2462165,26
2462194,26
2462218,25
2462240,34
2462241,28
2462351,24
2462378,46
2462383,36
2462397,28
2462410,21
2462427,22
2462449,21
2462551,31
2462556,339
2462584,55
2462659,86
2462672,82
2462742,27
2462805,102
2462807,27
2462859,27
2462869,449
2462883,20
2462927,22
2462931,58
2462935,84
2462977,51
2462992,49
2463044,490
2463064,108
2463076,27
2463088,27
2463091,24
2463098,23
2463107,23
2463124,29
2463153,22
2463166,52
2463167,24
2463176,30
2463180,22
2463205,33
2463207,228
2463334,37
2463356,31
2463363,26
2463404,23
2463417,23
2463438,102
2463464,29
2463524,34
2463543,30
2463573,34
2463577,66
2463589,24
2463613,108
2463656,20
2463671,34
2463735,26
2463745,46
2463762,157
2463764,27
2463812,42
2463833,102
2463834,26
2463881,378
2463903,26
2463915,97
2463920,23
2463928,53
2463930,44
2463996,31
2463999,25
2464051,30
2464062,151
2464073,50
2464146,93
2464196,112
2464222,46
2464241,57
2464284,28
2464295,34
2464333,20
2464359,41
2464366,73
2464367,23
2464411,40
2464440,24
2464474,31
2464497,26
2464513,34
2464517,23
2464531,23
2464548,34
2464581,38
2464584,100
2464591,47
2464615,22
2464625,20
2464662,20
2464665,22
2464672,45
2464686,57
2464702,20
2464754,104
2464772,31
2464794,24
2464819,41
2464821,115
2464896,41
2464901,45
2464911,130
2464923,32
2464951,35
2464979,36
2465020,22
2465069,38
2465109,38
2465174,41
2465195,46
2465246,25
2465298,25
2465301,68
2465306,41
2465356,226
2465364,25
2465515,25
2465529,458
2465544,141
2465555,37
2465579,22
2465580,312
2465600,35
2465602,24
2465622,43
2465623,58
2465631,98
2465719,65
2465728,49
2465733,20
2465755,46
2465802,48
2465818,31
2465837,33
2465871,97
2465883,25
2465952,23
2465981,52
2465984,41
2465997,165
2466001,32
2466030,27
2466057,103
2466068,30
2466102,48
2466198,48
2466236,237
2466238,21
2466255,27
2466287,21
2466343,54
2466399,57
2466400,23
2466404,30
2466417,22
2466443,32
2466482,126
2466528,22
2466529,53
2466542,29
2466601,31
2466608,45
2466614,25
2466617,20
2466619,38
2466626,27
2466674,29
2466697,92
2466701,20
2466725,22
2466756,25
2466764,43
2466766,100
2466780,58
2466821,20
2466864,21
2466867,29
2466877,22
2466878,120
2466954,21
2466955,30
2466986,53
2467061,20
2467070,53
2467073,30
2467079,37
2467087,32
2467090,36
2467103,29
2467117,27
2467210,27
2467265,33
2467275,20
2467278,76
2467282,28
2467291,37
2467303,29
2467354,28
2467355,48
2467377,30
2467414,54
2467450,21
2467514,26
2467533,24
2467558,217
2467585,38
2467593,28
2467602,45
2467607,178
2467726,22
2467736,24
2467755,20
2467777,22
2467783,40
2467810,20
2467846,20
2467859,34
2467864,413
2467872,20
2467873,63
2467884,21
2467905,36
2467927,111
2467956,34
2468000,46
2468009,86
2468018,22
2468040,409
2468074,21
2468092,27
2468104,21
2468109,40
2468136,24
2468151,22
2468156,22
2468176,83
2468198,45
2468258,23
2468314,24
2468334,38
2468337,184
2468375,22
2468403,23
2468474,21
2468491,21
2468496,47
2468505,22
2468506,38
2468539,25
2468540,21
2468553,20
2468573,60
2468586,269
2468597,22
2468607,42
2468611,48
2468621,80
2468627,37
2468661,20
2468671,26
2468694,240
2468744,118
2468755,21
2468782,25
2468783,114
2468791,21
2468817,28
2468896,44
2468922,146
2468953,33
2468997,51
2469016,25
2469069,43
2469086,39
2469105,22
2469121,52
2469129,64
2469131,51
2469180,223
2469199,22
2469201,25
2469214,156
2469223,59
2469228,116
2469281,48
2469310,84
2469343,21
2469354,58
2469393,27
2469399,20
2469434,134
2469446,59
2469458,55
2469462,60
2469492,20
2469497,143
2469528,46
2469533,34
2469547,78
2469555,47
2469659,22
2469666,42
2469676,20
2469685,32
2469689,25
2469690,21
2469758,25
2469792,143
2469796,25
2469860,21
2469878,66
2469920,108
2469921,21
2469939,20
2470027,94
2470093,154
2470096,22
2470104,22
2470109,64
2470148,63
2470241,67
2470245,22
2470246,198
2470277,43
2470283,68
2470289,23
2470324,75
2470361,26
2470414,23
2470426,41
2470511,67
2470532,21
2470541,39
2470576,31
2470589,33
2470629,21
2470634,20
2470644,21
2470657,22
2470673,51
2470676,20
2470736,38
2470760,60
2470786,40
2470788,43
2470925,24
2470927,50
2470943,24
2470964,32
2470983,23
2470993,156
2471107,30
2471115,26
2471166,67
2471167,48
2471177,127
2471200,22
2471219,21
2471223,44
2471229,77
2471257,23
2471276,25
2471285,28
2471294,25
2471311,29
2471358,34
2471363,20
2471413,68
2471475,34
2471479,24
2471486,26
2471499,21
2471518,201
2471574,20
2471576,29
2471578,26
2471587,192
2471607,42
2471631,43
2471646,39
2471701,23
2471703,38
2471711,35
2471723,129
2471760,24
2471774,24
2471794,42
2471802,25
2471829,41
2471834,240
2471837,52
2471956,33
2471967,46
2471977,45
2471989,51
2472087,57
2472119,66
2472156,47
2472159,63
2472176,53
2472179,30
2472192,25
2472232,23
2472265,125
2472268,46
2472326,79
2472347,23
2472408,39
2472447,41
2472474,28
2472493,20
2472498,29
2472508,20
2472547,34
2472550,61
2472555,124
2472600,30
2472614,30
2472630,56
2472636,55
2472646,23
2472691,32
2472704,25
2472706,78
2472724,22
2472764,62
2472799,301
2472801,23
2472809,35
2472836,28
2472852,31
2472861,57
2472995,70
2473008,26
2473019,77
2473029,100
2473034,41
2473062,25
2473084,39
2473085,35
2473132,34
2473135,20
2473154,40
2473222,70
2473251,75
2473254,36
2473263,22
2473266,86
2473285,20
2473300,43
2473303,113
2473340,30
2473354,39
2473397,23
2473402,23
2473411,22
2473419,61
2473485,22
2473490,54
2473496,21
2473504,27
2473509,24
2473555,23
2473558,30
2473575,22
2473577,24
2473582,279
2473594,63
2473632,51
2473707,24
2473773,26
2473774,25
2473777,28
2473824,31
2473860,24
2473897,36
2473905,60
2473921,55
2473938,26
2473977,98
2473978,134
2474011,51
2474038,37
2474051,22
2474079,31
2474114,27
2474123,20
2474146,21
2474198,141
2474214,61
2474233,217
2474234,28
2474236,22
2474253,26
2474312,47
2474320,45
2474323,31
2474366,23
2474383,24
2474401,51
2474404,21
2474415,29
2474444,21
2474458,26
2474467,26
2474550,29
2474557,31
2474575,43
2474636,27
2474640,37
2474642,186
2474646,38
2474669,21
2474675,60
2474705,115
2474707,116
2474739,24
2474742,118
2474761,93
2474781,94
2474813,86
2474876,70
2474905,25
2474912,34
2474915,213
2474930,23
2474964,48
2474965,114
2474974,90
2474980,104
2474992,26
2474996,37
2475029,141
2475061,41
2475126,30
2475162,28
2475163,92
2475191,209
2475239,27
2475281,46
2475317,51
2475321,26
2475356,36
2475363,24
2475367,20
2475394,21
2475407,20
2475438,68
2475456,44
2475466,102
2475495,35
2475533,56
2475563,25
2475570,52
2475588,21
2475589,42
2475614,20
2475618,80
2475630,43
2475668,24
2475685,24
2475715,29
2475719,25
2475723,20
2475828,39
2475842,60
2475891,27
2475899,30
2475918,128
2475932,26
2475984,31
2476000,21
2476012,95
2476108,23
2476111,40
2476114,27
2476119,30
2476172,29
2476182,22
2476210,20
2476211,21
2476230,44
2476232,48
2476234,26
2476236,327
2476241,70
2476250,32
2476257,39
2476295,53
2476301,68
2476316,30
2476371,21
2476394,38
2476441,157
2476458,29
2476464,44
2476478,19
2476484,83
2476500,113
2476507,41
2476511,20
2476516,26
2476524,24
2476536,38
2476550,65
2476558,21
2476559,21
2476574,32
2476583,28
2476589,41
2476619,177
2476623,23
2476663,34
2476693,152
2476752,23
2476796,28
2476821,122
2476856,36
2476903,411
2476912,20
2476915,103
2476934,28
2476935,31
2476955,321
2476983,29
2476985,21
2477042,88
2477044,47
2477051,197
2477082,27
2477135,160
2477172,56
2477208,32
2477233,19
2477262,25
2477266,32
2477268,32
2477317,22
2477319,28
2477415,31
2477446,25
2477506,60
2477527,23
2477575,22
2477595,23
2477599,29
2477628,47
2477639,20
2477642,87
2477687,29
2477695,203
2477746,25
2477748,124
2477760,27
2477769,31
2477779,22
2477806,22
2477833,26
2477862,25
2477867,124
2477895,29
2477899,124
2477985,20
2477986,49
2478087,23
2478097,55
2478101,41
2478115,60
2478124,22
2478168,76
2478174,41
2478228,29
2478331,54
2478359,80
2478364,96
2478386,197
2478414,42
2478431,60
2478436,41
2478440,26
2478468,252
2478505,55
2478533,42
2478547,27
2478575,24
2478580,40
2478592,32
2478662,100
2478668,218
2478778,26
2478800,28
2478804,59
2478811,23
2478825,27
2478889,60
2478906,23
2478931,22
2478942,21
2479011,21
2479027,38
2479126,25
2479182,116
2479186,20
2479270,36
2479309,41
2479319,93
2479365,33
2479378,31
2479400,190
2479416,27
2479428,35
2479463,227
2479515,102
2479546,25
2479582,73
2479584,20
2479590,150
2479599,29
2479616,21
2479630,54
2479676,96
2479688,55
2479693,316
2479718,70
2479735,386
2479792,49
2479815,23
2479816,28
2479831,24
2479853,25
2479866,80
2479875,94
2479906,22
2479931,26
2479954,67
2479972,31
2479997,43
2480006,44
2480054,34
2480072,27
2480100,53
2480132,44
2480138,69
2480139,41
2480141,28
2480155,20
2480185,44
2480215,23
2480234,21
2480319,487
2480328,22
2480330,20
2480332,24
2480360,57
2480362,21
2480386,23
2480492,42
2480500,32
2480525,28
2480532,45
2480543,45
2480552,35
2480573,38
2480592,24
2480603,66
2480654,29
2480662,46
2480713,42
2480723,22
2480757,23
2480786,21
2480798,20
2480818,24
2480831,22
2480849,20
2480872,21
2480898,22
2480919,35
2480924,43
2480929,43
2480971,34
2480977,26
2480988,43
2481028,25
2481037,34
2481074,29
2481077,38
2481101,78
2481110,175
2481144,40
2481174,76
2481187,21
2481211,56
2481232,22
2481245,29
2481248,23
2481249,33
2481361,43
2481415,27
2481457,65
2481483,322
2481532,21
2481542,22
2481543,50
2481563,69
2481586,39
2481616,32
2481648,21
2481679,44
2481744,26
2481778,23
2481807,23
2481816,28
2481827,47
2481861,44
2481893,122
2481897,31
2481909,23
2481929,101
2481939,23
2481941,84
2481950,496
2481976,69
2481977,287
2481991,30
2482001,50
2482049,425
2482054,20
2482055,32
2482070,46
2482071,50
2482086,39
2482109,20
2482123,35
2482155,23
2482204,84
2482209,29
2482265,60
2482352,26
2482384,21
2482391,49
2482392,69
2482434,21
2482476,140
2482493,26
2482497,31
2482522,19
2482540,45
2482546,26
2482547,21
2482628,145
2482656,25
2482685,27
2482702,25
2482706,34
2482712,35
2482720,24
2482774,48
2482791,190
2482798,41
2482824,26
2482853,60
2482893,28
2482905,92
2482911,39
2482918,90
2482919,21
2482954,22
2482976,20
2483022,20
2483032,194
2483034,64
2483066,50
2483076,28
2483090,64
2483094,22
2483096,21
2483174,108
2483189,401
2483200,73
2483202,108
2483244,32
2483252,28
2483266,20
2483267,64
2483279,24
2483282,20
2483285,38
2483296,35
2483299,47
2483304,38
2483310,29
2483331,46
2483336,154
2483350,214
2483367,22
2483382,42
2483421,37
2483424,21
2483443,95
2483447,33
2483488,21
2483506,265
2483507,22
2483536,30
2483564,41
2483572,50
2483579,45
2483616,32
2483646,310
2483660,247
2483666,110
2483749,26
2483805,37
2483852,39
2483855,37
2483875,49
2483877,117
2483914,64
2483922,148
2483950,30
2483971,38
2484020,86
2484028,31
2484038,150
2484041,69
2484068,29
2484078,26
2484106,186
2484134,32
2484151,45
2484167,23
2484172,42
2484198,36
2484230,37
2484240,21
2484253,29
2484262,25
2484279,28
2484290,35
2484347,23
2484403,21
2484414,27
2484421,54
2484476,239
2484477,27
2484483,69
2484513,73
2484533,21
2484539,27
2484540,21
2484552,26
2484578,106
2484622,24
2484628,64
2484634,38
2484636,50
2484651,65
2484685,20
2484689,27
2484698,71
2484732,31
2484752,27
2484786,25
2484795,41
2484809,24
2484822,22
2484832,27
2484834,23
2484867,127
2484881,20
2484912,26
2484926,345
2484928,69
2484947,48
2484960,52
2484987,45
2484989,20
2484990,31
2485044,22
2485068,33
2485071,27
2485087,24
2485091,29
2485093,70
2485098,25
2485170,35
2485180,28
2485191,34
2485234,22
2485243,43
2485267,76
2485269,22
2485271,37
2485279,32
2485320,187
2485404,28
2485411,102
2485445,30
2485459,20
2485463,33
2485481,29
2485490,25
2485608,64
2485622,74
2485665,138
2485676,227
2485687,29
2485701,33
2485763,21
2485781,23
2485790,83
2485824,56
2485827,60
2485844,31
2485850,124
2485903,26
2485909,28
2485921,21
2485947,377
2485989,22
2485994,59
2486048,26
2486057,59
2486136,21
2486137,70
2486151,45
2486154,21
2486165,48
2486180,140
2486188,70
2486191,46
2486286,26
2486291,123
2486304,132
2486340,20
2486382,24
2486390,49
2486426,23
2486427,43
2486432,122
2486435,69
2486474,37
2486476,27
2486477,44
2486533,28
2486539,134
2486580,26
2486582,33
2486588,52
2486620,20
2486632,37
2486634,22
2486638,58
2486681,59
2486783,260
2486796,66
2486818,27
2486841,20
2486871,31
2486892,60
2486902,26
2486921,85
2486940,20
2486942,115
2486957,26
2486988,26
2487048,24
2487050,109
2487080,22
2487082,138
2487084,20
2487145,50
2487161,130
2487170,51
2487179,21
2487232,29
2487270,23
2487322,72
2487326,35
2487348,22
2487378,24
2487432,40
2487484,28
2487513,141
2487521,32
2487526,48
2487576,27
2487593,23
2487629,54
2487653,83
2487654,30
2487665,22
2487672,29
2487675,39
2487676,44
2487683,21
2487686,80
2487692,23
2487726,23
2487727,59
2487743,20
2487745,30
2487774,51
2487807,78
2487826,86
2487844,63
2487862,29
2487866,56
2487927,23
2487941,20
2487942,24
2487950,72
2487985,120
2488019,88
2488071,22
2488101,24
2488143,148
2488147,23
2488173,22
2488187,44
2488200,136
2488228,98
2488229,29
2488266,53
2488346,26
2488387,93
2488409,38
2488442,30
2488449,20
2488475,186
2488490,243
2488501,23
2488523,34
2488552,36
2488617,171
2488695,37
2488696,27
2488704,28
2488710,22
2488741,20
2488745,160
2488753,31
2488772,21
2488788,56
2488829,96
2488830,42
2488838,37
2488843,29
2488848,27
2488864,175
2488868,32
2488877,182
2488935,51
2488965,22
2489002,42
2489003,36
2489054,44
2489150,59
2489179,35
2489328,69
2489330,20
2489332,27
2489415,58
2489451,48
2489460,21
2489512,31
2489568,27
2489575,32
2489576,72
2489605,41
2489619,22
2489658,22
2489684,44
2489706,51
2489717,29
2489739,38
2489747,27
2489760,54
2489772,67
2489786,23
2489805,48
2489866,20
2489872,19
2489895,21
2489898,29
2489957,52
2489960,39
2489967,21
2489968,51
2489988,34
2489993,80
2490012,34
2490052,174
2490064,30
2490133,42
2490137,143
2490142,24
2490154,26
2490184,95
2490187,27
2490204,25
2490205,21
2490213,52
2490238,35
2490270,70
2490279,21
2490298,33
2490301,37
2490309,42
2490318,20
2490319,24
2490320,20
2490335,35
2490352,78
2490368,99
2490414,26
2490422,40
2490430,137
2490477,52
2490487,38
2490531,21
2490583,27
2490594,24
2490608,34
2490617,20
2490643,22
2490647,201
2490667,46
2490674,59
2490700,25
2490708,64
2490728,21
2490733,73
2490770,44
2490774,32
2490790,30
2490806,61
2490818,115
2490851,20
2490855,42
2490864,136
2490945,21
2490964,26
2490977,186
2491000,22
2491025,37
2491097,400
2491119,29
2491120,492
2491185,39
2491187,36
2491200,20
2491225,33
2491241,55
2491250,289
2491301,26
2491302,168
2491310,23
2491345,26
2491360,96
2491368,24
2491410,25
2491425,73
2491474,30
2491476,29
2491512,20
2491559,23
2491560,29
2491607,110
2491617,106
2491634,42
2491642,60
2491677,25
2491686,46
2491689,23
2491710,23
2491749,35
2491767,26
2491768,36
2491781,30
2491821,23
2491860,43
2491861,64
2491879,20
2491913,31
2491925,54
2491951,26
2491963,31
2491970,24
2491974,34
2492014,33
2492023,30
2492040,64
2492070,41
2492104,20
2492108,31
2492120,58
2492147,37
2492175,21
2492199,23
2492351,24
2492354,20
2492367,143
2492379,26
2492386,40
2492403,29
2492439,270
2492492,27
2492563,30
2492592,31
2492593,24
2492605,19
2492619,22
2492646,36
2492651,26
2492652,21
2492654,22
2492709,22
2492786,40
2492792,85
2492800,40
2492808,39
2492831,47
2492870,41
2492902,24
2492949,26
2493018,53
2493036,30
2493097,43
2493103,25
2493125,69
2493136,21
2493157,21
2493161,218
2493178,22
2493194,32
2493245,60
2493253,66
2493285,48
2493308,30
2493344,57
2493401,24
2493405,50
2493410,75
2493520,33
2493553,23
2493562,49
2493571,36
2493573,273
2493574,37
2493598,31
2493599,113
2493623,39
2493645,20
2493646,36
2493718,147
2493754,39
2493791,117
2493792,20
2493821,20
2493836,127
2493844,23
2493887,25
2493903,32
2493946,28
2493993,51
2494047,37
2494071,26
2494117,40
2494131,38
2494157,27
2494159,24
2494182,52
2494216,110
2494239,54
2494245,22
2494254,27
2494283,27
2494321,62
2494373,32
2494382,149
2494411,20
2494474,139
2494491,21
2494495,20
2494502,103
2494517,24
2494556,90
2494665,379
2494678,76
2494726,34
2494743,24
2494770,21
2494785,52
2494803,25
2494829,81
2494830,20
2494908,23
2494914,72
2494940,115
2494967,45
2494986,114
2495068,98
2495085,63
2495099,481
2495112,116
2495113,49
2495114,67
2495122,115
2495161,48
2495184,82
2495214,57
2495233,118
2495251,43
2495289,70
2495294,398
2495301,26
2495346,484
2495433,48
2495439,38
2495503,60
2495507,69
2495511,23
2495521,49
2495544,60
2495549,20
2495590,21
2495595,31
2495597,20
2495606,26
2495642,22
2495666,25
2495686,23
2495690,49
2495739,21
2495797,26
2495808,27
2495824,19
2495827,97
2495853,151
2495862,29
2495871,177
2495872,41
2495879,20
2495894,23
2495938,21
2495955,27
2495960,46
2495986,40
2496030,243
2496052,33
2496062,20
2496066,27
2496119,479
2496128,38
2496132,25
2496161,52
2496183,58
2496193,186
2496194,32
2496221,34
2496239,186
2496240,25
2496250,181
2496254,49
2496405,27
2496410,23
2496434,54
2496442,31
2496477,32
2496482,41
2496496,22
2496503,67
2496565,27
2496572,60
2496574,19
2496581,36
2496598,113
2496634,105
2496660,473
2496666,86
2496667,25
2496704,24
2496726,48
2496741,114
2496755,23
2496759,23
2496769,285
2496803,33
2496818,66
2496820,30
2496826,36
2496849,44
2496894,375
2496909,27
2496929,290
2496937,57
2496982,62
2497001,100
2497042,67
2497048,86
2497063,21
2497120,42
2497144,30
2497145,121
2497146,32
2497153,35
2497194,25
2497202,32
2497231,42
2497262,24
2497400,75
2497402,35
2497440,47
2497566,87
2497568,29
2497593,32
2497599,38
2497647,23
2497656,28
2497662,43
2497694,36
2497696,69
2497713,70
2497716,25
2497726,20
2497742,20
2497770,22
2497771,20
2497778,28
2497789,64
2497799,21
2497813,39
2497826,28
2497831,72
2497984,27
2498021,21
2498042,23
2498063,170
2498080,47
2498152,260
2498157,37
2498171,34
2498229,21
2498251,32
2498252,83
2498259,25
2498268,31
2498269,45
2498284,22
2498286,24
2498294,32
2498316,109
2498352,20
2498363,284
2498388,27
2498396,31
2498402,28
2498407,70
2498464,28
2498469,35
2498503,28
2498510,23
2498524,131
2498544,20
2498552,24
2498553,94
2498623,261
2498632,34
2498644,116
2498653,83
2498673,83
2498698,46
2498726,30
2498755,20
2498760,24
2498769,25
2498847,39
2498852,29
2498893,70
2498905,45
2498936,29
2498948,88
2499023,48
2499049,161
2499069,26
2499083,39
2499093,38
2499104,22
2499147,24
2499178,25
2499179,21
2499197,26
2499249,25
2499294,22
2499295,24
2499343,48
2499349,54
2499376,53
2499420,46
2499445,47
2499460,27
2499524,52
2499544,85
2499559,37
2499606,36
2499644,29
2499676,71
2499706,66
2499753,28
2499757,32
2499760,47
2499768,22
2499802,69
2499806,51
2499864,35
2499883,23
2499891,22
2499893,25
2499918,466
2499947,107
2499969,55
2500027,54
2500036,29
2500053,22
2500057,20
2500126,102
2500155,33
2500169,47
2500175,22
2500176,26
2500189,51
2500199,25
2500200,72
2500207,243
2500210,51
2500224,24
2500272,63
2500287,23
2500434,173
2500519,29
2500562,21
2500580,26
2500586,77
2500590,43
2500612,22
2500758,22
2500761,72
2500764,81
2500793,23
2500796,26
2500847,22
2500861,46
2500897,229
2500924,84
2500977,43
2501007,97
2501089,431
2501110,136
2501125,28
2501151,21
2501230,41
2501248,21
2501267,20
2501316,32
2501334,42
2501341,21
2501364,49
2501369,21
2501416,20
2501425,45
2501433,20
2501434,26
2501485,46
2501506,24
2501529,87
2501543,21
2501556,24
2501568,38
2501588,66
2501609,30
2501632,30
2501664,52
2501675,40
2501792,37
2501826,27
2501837,24
2501855,46
2501861,91
2501884,21
2501904,21
2501937,58
2501938,25
2502020,87
2502037,173
2502042,26
2502081,22
2502084,42
2502096,21
2502099,35
2502109,26
2502146,21
2502188,36
2502243,32
2502291,151
2502294,56
2502324,41
2502326,110
2502371,360
2502425,79
2502462,26
2502464,25
2502472,239
2502501,78
2502518,32
2502557,68
2502609,20
2502612,67
2502614,31
2502619,26
2502684,22
2502685,83
2502686,56
2502696,25
2502712,32
2502768,22
2502792,20
2502799,75
2502824,25
2502840,31
2502851,39
2502883,44
2502901,21
2502908,24
2502915,25
2502922,28
2502946,79
2502952,44
2502957,23
2502999,28
2503039,24
2503088,286
2503112,25
2503174,104
2503225,39
2503228,135
2503240,59
2503267,23
2503292,35
2503321,178
2503359,32
2503380,36
2503400,144
2503478,29
2503479,110
2503493,20
2503528,47
2503541,47
2503576,276
2503579,25
2503613,37
2503648,40
2503654,166
2503677,20
2503687,46
2503718,25
2503719,27
2503723,111
2503724,44
2503732,47
2503740,29
2503744,211
2503752,30
2503762,172
2503825,225
2503829,27
2503836,25
2503837,187
2503906,123
2503910,30
2503981,21
2504008,152
2504041,104
2504045,87
2504065,79
2504070,30
2504086,20
2504093,105
2504111,80
2504138,20
2504154,62
2504161,47
2504163,38
2504165,34
2504177,51
2504270,177
2504303,53
2504323,21
2504358,33
2504366,104
2504374,86
2504396,51
2504432,153
2504442,21
2504446,40
2504487,32
2504502,44
2504507,51
2504676,25
2504743,40
2504752,25
2504759,103
2504787,60
2504802,41
2504824,26
2504830,53
2504864,19
2504883,135
2504931,65
2504939,271
2504966,64
2504987,59
2505061,46
2505115,32
2505121,24
2505157,26
2505170,21
2505173,30
2505185,20
2505198,210
2505211,20
2505228,26
2505256,40
2505279,208
2505294,34
2505314,77
2505318,21
2505370,61
2505435,20
2505481,36
2505483,34
2505492,24
2505517,65
2505522,26
2505559,47
2505560,22
2505567,28
2505608,62
2505626,31
2505632,39
2505646,148
2505738,64
2505751,40
2505766,222
2505768,21
2505799,23
2505809,40
2505815,26
2505819,35
2505833,20
2505895,30
2505913,124
2505937,151
2505943,22
2505960,139
2505961,349
2505968,29
2505973,23
2506012,37
2506017,34
2506019,67
2506020,25
2506031,32
2506048,40
2506053,67
2506058,19
2506101,29
2506155,32
2506178,102
2506179,22
2506201,23
2506236,46
2506254,52
2506255,254
2506314,28
2506346,66
2506371,26
2506378,78
2506396,84
2506401,143
2506427,90
2506430,22
2506433,27
2506458,31
2506472,50
2506517,25
2506554,313
2506558,25
2506563,56
2506577,63
2506586,47
2506595,57
2506615,20
2506625,26
2506648,35
2506663,35
2506688,21
2506743,61
2506793,19
2506808,21
2506829,20
2506830,21
2506842,19
2506850,21
2506862,42
2506887,122
2506893,61
2506927,57
2506950,24
2506993,67
2507004,83
2507038,26
2507054,26
2507055,37
2507085,24
2507105,20
2507148,66
2507176,24
2507216,24
2507243,24
2507269,24
2507291,53
2507304,100
2507337,35
2507367,25
2507393,20
2507395,83
2507413,117
2507463,31
2507482,31
2507483,22
2507491,22
2507496,42
2507497,20
2507605,43
2507631,21
2507637,30
2507679,29
2507695,267
2507707,42
2507717,22
2507729,41
2507730,234
2507751,107
2507776,284
2507821,93
2507842,49
2507843,36
2507863,150
2507883,27
2507920,30
2507978,23
2507982,28
2507997,99
2508004,40
2508019,38
2508039,28
2508049,32
2508050,59
2508056,96
2508077,60
2508080,21
2508120,20
2508126,19
2508143,122
2508145,21
2508185,124
2508204,63
2508229,75
2508233,153
2508255,213
2508268,21
2508296,21
2508339,158
2508357,86
2508363,33
2508434,80
2508444,83
2508453,77
2508489,32
2508496,74
2508500,31
2508542,57
2508544,22
2508565,64
2508566,112
2508590,30
2508596,53
2508645,81
2508715,59
2508733,111
2508811,200
2508812,32
2508858,29
2508869,20
2508872,378
2508877,58
2508893,20
2508905,189
2508940,23
2508948,75
2508950,44
2508954,20
2508963,21
2508966,42
2508999,30
2509039,24
2509128,37
2509139,20
2509178,21
2509205,23
2509244,57
2509249,22
2509266,25
2509276,38
2509285,54
2509289,19
2509293,24
2509343,167
2509344,31
2509359,24
2509388,41
2509395,24
2509421,112
2509451,24
2509455,21
2509457,28
2509471,160
2509473,33
2509496,55
2509544,28
2509551,93
2509568,34
2509610,31
2509625,27
2509627,20
2509637,458
2509648,78
2509655,20
2509760,51
2509792,63
2509809,100
2509812,110
2509816,66
2509872,95
2509873,29
2509892,252
2509901,156
2509916,33
2509921,40
2509976,20
2509998,27
2510017,37
2510024,218
2510084,96
2510096,27
2510101,162
2510102,307
2510145,93
2510184,50
2510248,56
2510277,28
2510311,40
2510319,24
2510338,32
2510343,48
2510353,21
2510377,85
2510383,20
2510466,32
2510472,26
2510502,251
2510532,45
2510564,87
2510653,38
2510654,22
2510662,55
2510695,22
2510698,37
2510706,87
2510717,58
2510720,20
2510721,32
2510734,34
2510758,30
2510760,28
2510785,22
2510808,20
2510823,35
2510866,324
2510879,153
2510886,20
2510941,198
2510978,42
2510984,26
2511094,54
2511150,21
2511196,75
2511208,34
2511211,89
2511224,74
2511243,27
2511247,242
2511266,24
2511267,29
2511275,26
2511284,33
2511326,20
2511351,107
2511369,31
2511374,57
2511407,129
2511415,66
2511418,48
2511424,168
2511456,38
2511599,113
2511600,77
2511652,37
2511657,34
2511666,35
2511697,35
2511703,27
2511731,22
2511763,28
2511776,46
2511788,156
2511792,21
2511810,32
2511820,61
2511821,37
2511832,27
2511846,29
2511855,191
2511893,22
2511895,29
2511915,20
2511971,23
2511972,22
2511978,40
2511986,99
2512024,116
2512097,90
2512133,34
2512135,23
2512140,36
2512193,22
2512419,34
2512440,20
2512444,85
2512460,25
2512496,67
2512507,21
2512514,124
2512573,59
2512584,27
2512596,40
2512604,84
2512637,96
2512640,47
2512643,62
2512708,20
2512738,33
2512751,19
2512758,24
2512782,24
2512836,27
2512848,50
2512878,25
2512888,22
2512944,19
2512954,172
2512973,101
2513000,21
2513045,33
2513052,44
2513067,101
2513070,50
2513109,36
2513145,21
2513182,21
2513288,125
2513323,37
2513333,21
2513346,35
2513347,22
2513355,241
2513408,21
2513422,32
2513443,69
2513444,20
2513495,21
2513503,71
2513526,23
2513581,68
2513595,35
2513597,22
2513601,44
2513618,71
2513619,440
2513632,38
2513687,20
2513696,39
2513697,24
2513716,28
2513737,21
2513757,21
2513770,28
2513780,56
2513783,53
2513790,501
2513819,74
2513834,104
2513857,42
2513862,23
2513930,35
2513937,53
2513944,41
2513951,80
2513965,23
2514013,29
2514018,21
2514037,32
2514105,72
2514117,66
2514121,53
2514179,73
2514184,34
2514187,27
2514207,24
2514208,56
2514223,45
2514224,27
2514249,21
2514271,33
2514296,59
2514308,158
2514324,45
2514353,25
2514363,30
2514413,130
2514449,80
2514465,152
2514488,105
2514496,76
2514511,21
2514562,64
2514601,43
2514711,112
2514766,20
2514767,23
2514774,206
2514791,61
2514819,82
2514849,23
2514919,90
2515003,27
2515124,200
2515163,23
2515183,20
2515265,33
2515341,176
2515347,51
2515351,49
2515387,72
2515472,250
2515480,100
2515521,21
2515522,22
2515537,29
2515582,36
2515605,42
2515652,407
2515674,68
2515697,240
2515704,33
2515754,60
2515767,55
2515791,49
2515801,35
2515812,60
2515822,22
2515828,68
2515835,221
2515884,94
2515893,37
2515997,27
2516046,22
2516077,24
2516078,29
2516097,32
2516108,22
2516127,29
2516231,59
2516262,33
2516295,61
2516298,118
2516354,165
2516359,20
2516373,143
2516378,51
2516466,19
2516471,40
2516480,49
2516543,25
2516547,101
2516606,21
2516627,27
2516628,31
2516653,24
2516659,128
2516671,26
2516695,62
2516696,37
2516729,44
2516741,45
2516793,45
2516821,22
2516832,46
2516844,25
2516889,20
2516899,22
2516973,20
2516998,34
2517016,54
2517060,32
2517080,66
2517092,41
2517093,67
2517094,25
2517119,36
2517129,97
2517139,21
2517148,67
2517174,45
2517216,51
2517239,25
2517247,143
2517266,45
2517342,59
2517346,45
2517359,31
2517385,56
2517392,142
2517397,29
2517403,86
2517408,389
2517426,36
2517429,37
2517438,25
2517449,57
2517503,34
2517527,29
2517558,23
2517594,20
2517598,22
2517620,30
2517630,53
2517636,45
2517655,22
2517656,29
2517703,29
2517720,24
2517761,329
2517781,30
2517784,398
2517790,64
2517823,43
2517828,31
2517854,27
2517920,43
2517928,69
2517931,32
2517940,110
2517941,27
2517961,78
2517974,55
2517979,52
2517994,32
2518025,22
2518051,31
2518055,46
2518126,22
2518129,150
2518134,63
2518197,156
2518198,73
2518203,23
2518210,50
2518227,63
2518228,22
2518240,22
2518241,21
2518247,29
2518252,40
2518258,21
2518271,42
2518305,135
2518372,49
2518383,42
2518386,31
2518419,27
2518468,236
2518475,105
2518481,87
2518517,20
2518523,63
2518535,25
2518569,22
2518593,21
2518661,31
2518695,49
2518696,106
2518717,24
2518781,37
2518782,22
2518807,33
2518873,20
2518892,69
2518911,25
2518943,83
2518961,33
2518978,37
2518996,29
2519014,47
2519046,34
2519052,32
2519057,28
2519066,20
2519097,33
2519109,40
2519135,43
2519235,37
2519262,57
2519297,56
2519326,38
2519333,51
2519359,22
2519396,51
2519421,256
2519422,20
2519430,32
2519452,120
2519466,98
2519607,21
2519612,28
2519641,31
2519654,85
2519690,58
2519695,83
2519704,220
2519720,28
2519759,29
2519780,29
2519803,20
2519814,38
2519849,59
2519850,29
2519854,63
2519857,24
2519865,26
2519876,41
2519937,72
2519950,52
2519995,69
2520011,382
2520020,21
2520021,109
2520043,29
2520062,37
2520099,26
2520122,148
2520127,34
2520128,27
2520160,71
2520190,28
2520218,29
2520244,66
2520289,134
2520298,26
2520320,32
2520339,27
2520346,25
2520425,29
2520436,146
2520443,37
2520464,46
2520468,112
2520518,38
2520523,34
2520524,81
2520533,270
2520538,22
2520547,22
2520548,49
2520549,21
2520582,84
2520612,21
2520647,107
2520649,118
2520650,49
2520706,31
2520735,102
2520742,26
2520780,132
2520785,27
2520794,22
2520800,28
2520803,49
2520810,23
2520819,60
2520844,29
2520846,49
2520864,35
2520865,29
2520894,25
2520927,26
2520930,31
2520945,20
2520956,45
2520962,23
2520996,28
2521043,28
2521056,23
2521104,21
2521112,27
2521134,39
2521159,33
2521172,447
2521209,122
2521215,26
2521216,21
2521231,133
2521239,51
2521279,155
2521280,63
2521281,57
2521286,72
2521296,29
2521304,152
2521331,26
2521386,36
2521476,77
2521498,58
2521502,56
2521525,30
2521560,212
2521584,25
2521593,73
2521614,19
2521627,54
2521630,39
2521654,22
2521712,55
2521762,23
2521787,196
2521792,28
2521813,265
2521853,20
2521877,23
2521948,29
2521959,23
2521991,44
2522077,204
2522084,20
2522102,29
2522108,48
2522190,38
2522191,67
2522206,26
2522211,41
2522229,68
2522232,34
2522256,21
2522289,21
2522343,33
2522384,144
2522410,23
2522454,61
2522472,20
2522479,27
2522538,29
2522544,23
2522549,38
2522664,114
2522685,26
2522691,22
2522694,55
2522715,47
2522730,22
2522738,23
2522759,33
2522760,27
2522772,33
2522773,143
2522783,21
2522807,26
2522834,63
2522843,40
2522845,73
2522874,25
2522902,22
2522903,22
2522908,23
2522960,33
2522973,21
2522989,32
2523006,25
2523036,135
2523076,22
2523088,27
2523089,54
2523106,107
2523110,23
2523115,92
2523128,203
2523171,206
2523192,21
2523277,36
2523292,160
2523329,31
2523388,21
2523389,35
2523444,25
2523464,20
2523491,25
2523535,129
2523607,47
2523619,265
2523629,40
2523661,67
2523702,64
2523719,21
2523728,29
2523771,25
2523787,30
2523837,46
2523874,23
2523893,508
2523923,26
2523929,31
2523953,115
2523979,30
2523985,30
2524075,24
2524080,120
2524115,34
2524162,22
2524164,65
2524200,115
2524204,32
2524230,83
2524256,20
2524274,201
2524289,19
2524343,27
2524352,274
2524360,24
2524399,43
2524415,42
2524439,31
2524492,73
2524500,20
2524503,35
2524516,51
2524591,62
2524617,34
2524634,37
2524656,30
2524657,63
2524660,42
2524686,39
2524701,80
2524703,26
2524774,43
2524785,26
2524793,34
2524803,77
2524806,197
2524814,26
2524815,100
2524819,20
2524837,24
2524842,21
2524857,34
2524872,20
2524882,46
2524894,83
2524898,23
2524919,54
2524923,20
2524927,74
2524938,64
2524945,21
2524979,52
2525022,55
2525052,20
2525059,32
2525070,32
2525097,39
2525113,22
2525139,20
2525247,64
2525277,46
2525315,35
2525327,25
2525365,198
2525389,123
2525411,25
2525434,74
2525465,25
2525468,22
2525512,24
2525523,54
2525552,28
2525584,42
2525618,26
2525631,28
2525690,31
2525698,55
2525751,57
2525820,35
2525867,29
2525878,57
2525945,63
2525955,23
2525960,166
2525965,299
2526000,23
2526001,67
2526007,114
2526014,69
2526038,21
2526088,59
2526106,32
2526114,36
2526142,22
2526146,22
2526157,35
2526204,23
2526205,202
2526223,32
2526240,66
2526368,31
2526403,44
2526508,42
2526566,30
2526618,110
2526656,21
2526720,57
2526749,26
2526773,47
2526791,51
2526834,31
2526842,98
2526853,28
2526884,47
2526886,89
2526923,22
2526962,134
2527011,40
2527062,20
2527064,187
2527111,50
2527120,28
2527194,41
2527201,44
2527303,23
2527308,60
2527328,24
2527349,22
2527391,29
2527436,67
2527450,39
2527563,22
2527598,32
2527607,33
2527619,25
2527671,106
2527697,25
2527703,99
2527709,23
2527717,40
2527740,31
2527762,58
2527776,57
2527793,35
2527842,83
2527860,40
2527875,28
2527898,44
2527920,28
2527998,49
2528012,32
2528052,53
2528071,64
2528087,358
2528100,48
2528111,23
2528113,23
2528114,65
2528133,48
2528150,63
2528151,154
2528153,25
2528242,25
2528334,68
2528378,53
2528387,32
2528389,27
2528469,51
2528496,59
2528508,35
2528535,38
2528540,28
2528551,31
2528585,30
2528587,102
2528610,22
2528692,35
2528727,76
2528784,66
2528794,437
2528845,42
2528849,30
2528850,32
2528877,36
2528883,23
2528884,77
2528899,55
2528952,22
2528953,84
2528964,27
2528970,21
2528980,56
2529024,20
2529053,42
2529075,44
2529085,218
2529103,24
2529104,340
2529105,217
2529124,45
2529130,131
2529132,30
2529135,53
2529139,48
2529208,35
2529209,49
2529248,25
2529284,78
2529337,29
2529368,241
2529403,21
2529409,38
2529422,44
2529439,32
2529486,38
2529527,41
2529557,24
2529572,25
2529594,20
2529619,46
2529621,231
2529642,69
2529670,59
2529691,36
2529696,49
2529715,34
2529769,38
2529777,52
2529803,36
2529817,33
2529818,77
2529843,40
2529858,24
2529897,32
2529921,42
2529923,20
2529975,34
2530019,31
2530042,41
2530070,59
2530075,216
2530089,23
2530095,62
2530097,20
2530098,45
2530109,24
2530110,23
2530114,23
2530123,45
2530156,65
2530193,216
2530295,26
2530332,77
2530345,65
2530346,25
2530349,46
2530352,21
2530435,133
2530454,34
2530472,121
2530474,22
2530489,42
2530490,33
2530559,32
2530578,24
2530606,128
2530698,27
2530758,42
2530807,25
2530883,24
2530886,87
2530898,30
2530970,74
2530989,58
2531007,114
2531020,23
2531037,29
2531065,416
2531081,55
2531098,34
2531106,23
2531146,151
2531172,25
2531173,26
2531190,42
2531242,20
2531272,137
2531280,70
2531328,33
2531341,23
2531354,111
2531396,37
2531421,32
2531449,112
2531534,123
2531543,23
2531591,22
2531691,27
2531696,20
2531707,23
2531730,24
2531751,23
2531790,64
2531801,25
2531848,76
2531969,23
2532032,258
2532037,30
2532071,31
2532084,256
2532094,22
2532118,29
2532120,22
2532124,27
2532162,236
2532179,114
2532181,37
2532219,35
2532222,30
2532235,90
2532252,20
2532262,39
2532264,51
2532265,73
2532280,28
2532318,49
2532353,20
2532378,37
2532407,115
2532410,28
2532470,33
2532472,44
2532506,20
2532519,22
2532546,48
2532580,184
2532590,60
2532658,22
2532718,44
2532755,54
2532757,34
2532759,25
2532774,91
2532779,193
2532797,29
2532808,65
2532840,25
2532971,27
2533021,23
2533025,44
2533036,88
2533072,22
2533116,61
2533124,24
2533165,76
2533166,23
2533179,20
2533190,41
2533266,32
2533295,133
2533311,56
2533393,59
2533474,104
2533527,50
2533545,45
2533552,26
2533570,27
2533609,477
2533627,65
2533644,485
2533675,38
2533705,45
2533711,47
2533766,51
2533801,20
2533844,142
2533879,122
2533892,33
2534003,22
2534005,25
2534050,27
2534214,32
2534238,63
2534286,93
2534310,40
2534319,22
2534359,50
2534369,31
2534373,21
2534392,36
2534431,25
2534476,49
2534494,49
2534498,41
2534536,65
2534537,28
2534555,30
2534630,31
2534642,50
2534697,91
2534710,208
2534722,24
2534744,32
2534753,69
2534755,51
2534819,21
2534822,29
2534823,71
2534864,22
2534872,30
2534880,26
2534886,45
2534980,31
2534981,48
2535037,73
2535047,62
2535048,166
2535132,23
2535193,41
2535265,35
2535276,113
2535287,21
2535300,21
2535317,30
2535371,29
2535404,27
2535443,30
2535463,33
2535492,27
2535497,56
2535537,34
2535538,24
2535565,79
2535575,200
2535590,39
2535613,61
2535696,33
2535699,67
2535843,53
2535849,20
2535853,67
2535866,312
2535877,51
2535955,23
2536019,33
2536063,20
2536077,27
2536118,142
2536140,20
2536153,61
2536176,26
2536222,43
2536263,73
2536291,316
2536309,25
2536342,35
2536406,55
2536465,28
2536525,56
2536533,248
2536587,36
2536622,20
2536825,46
2536836,71
2536848,51
2536878,28
2536905,33
2536916,32
2536924,25
2536959,28
2536961,112
2536990,64
2536994,26
2537002,38
2537022,21
2537031,29
2537037,39
2537039,27
2537098,124
2537115,31
2537169,93
2537172,20
2537216,22
2537309,30
2537373,22
2537411,100
2537450,46
2537451,25
2537453,297
2537510,265
2537517,29
2537536,39
2537544,22
2537550,28
2537577,21
2537597,50
2537643,52
2537656,20
2537675,69
2537689,317
2537690,33
2537714,32
2537759,34
2537778,22
2537844,29
2537855,42
2537887,54
2537907,21
2537910,43
2537942,25
2537943,21
2537960,42
2537970,48
2537977,24
2537996,47
2538013,48
2538069,25
2538077,70
2538089,41
2538093,167
2538108,30
2538139,28
2538153,33
2538168,65
2538174,24
2538202,41
2538240,27
2538259,25
2538315,68
2538348,21
2538415,22
2538419,73
2538439,105
2538463,75
2538512,78
2538534,52
2538544,27
2538563,36
2538566,90
2538610,220
2538629,39
2538666,23
2538680,145
2538695,29
2538788,32
2538807,144
2538808,36
2538811,20
2538828,21
2538927,23
2538933,20
2538962,25
2538971,23
2538975,33
2539018,281
2539139,26
2539177,246
2539188,21
2539251,24
2539252,35
2539268,22
2539328,458
2539329,23
2539380,34
2539402,23
2539424,115
2539457,52
2539486,24
2539509,29
2539566,37
2539590,20
2539626,20
2539693,20
2539694,31
2539720,32
2539725,49
2539742,262
2539752,102
2539769,60
2539776,31
2539793,39
2539807,25
2539818,28
2539822,20
2539847,21
2539866,42
2539867,20
2539870,29
2539891,26
2539935,26
2539940,25
2539957,20
2540074,21
2540087,23
2540112,114
2540119,46
2540170,24
2540216,30
2540267,33
2540276,47
2540313,104
2540347,385
2540358,36
2540384,42
2540403,22
2540419,43
2540504,20
2540513,24
2540522,23
2540568,47
2540582,53
2540665,24
2540676,22
2540689,30
2540728,31
2540742,62
2540749,37
2540771,27
2540798,42
2540828,40
2540839,44
2540844,31
2540920,135
2540934,37
2540989,83
2540998,25
2541004,33
2541005,37
2541020,103
2541061,46
2541160,95
2541163,20
2541217,34
2541225,59
2541228,31
2541269,64
2541282,20
2541288,46
2541293,21
2541303,54
2541332,26
2541348,21
2541357,89
2541359,36
2541375,159
2541383,151
2541389,132
2541429,20
2541446,77
2541469,43
2541471,27
2541481,32
2541496,240
2541505,93
2541506,59
2541513,72
2541519,97
2541522,32
2541608,23
2541609,266
2541615,20
2541624,24
2541641,82
2541676,28
2541678,38
2541683,119
2541688,21
2541717,47
2541732,105
2541777,23
2541982,32
2541984,20
2542014,77
2542021,70
2542032,32
2542060,86
2542064,21
2542070,46
2542078,39
2542079,25
2542086,38
2542089,57
2542144,39
2542148,119
2542156,48
2542159,25
2542203,23
2542208,31
2542228,33
2542253,46
2542285,98
2542309,42
2542330,34
2542386,115
2542389,53
2542408,25
2542502,45
2542547,57
2542578,50
2542585,81
2542594,20
2542670,53
2542685,22
2542711,21
2542736,28
2542738,70
2542777,21
2542832,31
2542889,36
2542908,49
2542919,21
2542926,26
2542943,24
2543003,26
2543046,38
2543074,34
2543082,41
2543096,29
2543108,28
2543141,42
2543149,30
2543192,59
2543214,26
2543268,34
2543272,20
2543279,31
2543287,28
2543309,38
2543360,325
2543407,56
2543422,55
2543423,25
2543425,150
2543430,42
2543436,41
2543562,22
2543619,145
2543655,62
2543729,46
2543766,21
2543784,24
2543834,230
2543902,114
2543909,331
2543911,65
2543918,186
2543932,84
2543963,31
2543972,55
2544002,88
2544026,24
2544030,27
2544055,43
2544120,38
2544128,27
2544137,85
2544149,22
2544165,170
2544176,19
2544188,120
2544196,93
2544201,33
2544260,24
2544290,29
2544305,32
2544309,46
2544322,38
2544325,26
2544346,40
2544353,57
2544393,40
2544416,201
2544462,24
2544475,25
2544531,33
2544542,47
2544553,21
2544594,95
2544637,28
2544748,28
2544776,138
2544780,186
2544808,21
2544813,68
2544823,20
2544836,23
2544850,25
2544858,76
2544864,23
2544866,30
2544898,30
2544905,47
2544937,34
2544941,32
2544957,59
2545000,70
2545002,50
2545032,22
2545064,50
2545123,25
2545214,20
2545219,60
2545239,93
2545251,22
2545290,36
2545367,21
2545404,24
2545421,20
2545498,20
2545499,89
2545515,22
2545565,88
2545586,23
2545600,27
2545618,32
2545621,48
2545640,51
2545646,46
2545678,22
2545679,34
2545688,174
2545713,21
2545723,37
2545753,25
2545774,261
2545797,43
2545799,50
2545802,34
2545808,217
2545822,25
2545852,23
2545871,33
2545982,37
2546016,21
2546109,36
2546118,20
2546145,32
2546229,73
2546256,45
2546268,28
2546276,27
2546300,73
2546375,246
2546394,32
2546405,47
2546415,32
2546423,24
2546465,31
2546488,64
2546492,59
2546494,33
2546529,185
2546584,28
2546591,32
2546627,45
2546633,92
2546661,25
2546679,36
2546686,55
2546689,22
2546697,42
2546713,146
2546744,106
2546759,24
2546783,35
2546822,94
2546853,24
2546871,42
2546878,26
2546884,23
2546911,53
2546930,154
2546950,286
2546972,33
2546976,31
2547006,73
2547036,60
2547040,22
2547068,43
2547069,43
2547074,73
2547096,40
2547098,30
2547123,83
2547159,136
2547183,30
2547187,159
2547190,168
2547194,22
2547205,49
2547208,40
2547321,29
2547333,39
2547373,87
2547378,25
2547448,224
2547452,41
2547490,20
2547506,20
2547513,321
2547521,21
2547525,92
2547541,47
2547543,160
2547569,21
2547619,39
2547629,23
2547661,29
2547705,103
2547712,99
2547723,500
2547738,44
2547784,96
2547797,168
2547799,172
2547820,32
2547903,25
2547928,100
2547950,20
2547987,22
2548009,75
2548022,38
2548025,27
2548078,74
2548092,59
2548123,46
2548135,154
2548151,248
2548168,22
2548183,37
2548196,192
2548197,82
2548200,23
2548222,192
2548231,25
2548236,89
2548240,29
2548290,22
2548301,125
2548307,29
2548347,45
2548356,23
2548361,31
2548374,155
2548440,65
2548445,30
2548464,57
2548498,25
2548517,25
2548543,28
2548608,69
2548644,91
2548684,57
2548731,42
2548763,54
2548804,106
2548808,40
2548827,110
2548859,25
2548867,36
2548924,58
2548930,24
2548956,24
2548982,68
2549015,53
2549058,98
2549061,41
2549078,29
2549094,31
2549150,59
2549167,21
2549178,23
2549223,31
2549245,33
2549260,32
2549262,29
2549270,27
2549300,70
2549311,24
2549337,315
2549340,28
2549357,39
2549410,68
2549417,35
2549418,52
2549428,23
2549441,283
2549465,34
2549533,29
2549571,179
2549597,47
2549599,37
2549610,247
2549635,239
2549680,21
2549705,23
2549727,71
2549770,33
2549777,22
2549780,34
2549813,32
2549823,20
2549833,30
2549834,140
2549847,24
2549950,20
2549958,25
2549965,22
2549992,26
2550036,22
2550128,56
2550135,24
2550142,28
2550154,27
2550204,50
2550205,45
2550220,34
2550224,28
2550236,28
2550269,80
2550306,53
2550348,31
2550382,52
2550391,51
2550398,40
2550433,22
2550455,26
2550473,61
2550475,28
2550488,30
2550531,26
2550564,68
2550578,53
2550661,39
2550702,30
2550710,41
2550763,20
2550764,61
2550777,26
2550799,54
2550855,20
2550857,28
2550891,28
2550965,29
2550984,37
2551029,63
2551152,24
2551163,129
2551170,29
2551172,31
2551191,31
2551269,29
2551325,39
2551331,23
2551344,92
2551435,36
2551449,24
2551457,90
2551503,26
2551526,38
2551529,111
2551544,65
2551554,110
2551577,205
2551578,28
2551585,29
2551602,53
2551628,46
2551640,37
2551647,40
2551659,34
2551668,59
2551669,52
2551691,27
2551705,28
2551719,20
2551770,29
2551805,93
2551817,31
2551839,36
2551847,29
2551851,21
2551864,21
2551872,418
2551882,40
2551901,21
2551924,76
2551943,28
2551974,473
2551980,132
2551989,50
2552036,27
2552050,45
2552126,24
2552194,68
2552209,31
2552214,374
2552261,226
2552278,37
2552364,34
2552428,56
2552429,25
2552430,26
2552469,40
2552499,89
2552549,133
2552559,57
2552573,58
2552590,168
2552623,20
2552626,39
2552645,27
2552680,31
2552689,38
2552724,31
2552725,28
2552727,25
2552747,87
2552763,39
2552776,41
2552823,38
2552847,103
2552899,22
2552917,23
2552944,53
2552961,20
2552977,28
2553017,31
2553033,36
2553066,22
2553100,20
2553144,21
2553146,81
2553174,27
2553202,471
2553210,31
2553211,61
2553224,21
2553245,130
2553254,26
2553324,23
2553364,59
2553369,33
2553376,28
2553386,20
2553426,24
2553430,28
2553497,27
2553504,42
2553526,46
2553612,40
2553614,21
2553615,21
2553635,60
2553638,59
2553644,23
2553658,26
2553714,39
2553719,124
2553727,332
2553728,59
2553763,124
2553777,45
2553783,34
2553795,57
2553865,22
2553868,75
2553889,21
2553910,41
2553912,73
2553928,275
2553931,36
2553986,22
2554025,44
2554058,34
2554101,50
2554102,50
2554130,28
2554160,36
2554172,246
2554189,39
2554255,40
2554294,30
2554310,99
2554350,51
2554360,21
2554389,26
2554430,36
2554435,21
2554442,29
2554445,22
2554479,80
2554482,23
2554483,57
2554502,66
2554510,64
2554519,29
2554537,20
2554565,40
2554566,49
2554569,20
2554612,86
2554613,36
2554623,26
2554627,39
2554644,24
2554732,22
2554742,283
2554790,45
2554836,30
2554866,26
2554889,80
2554922,140
2554950,79
2555002,62
2555004,65
2555018,41
2555045,23
2555056,20
2555123,41
2555185,34
2555200,27
2555237,24
2555250,63
2555253,30
2555292,68
2555310,26
2555338,97
2555366,53
2555379,37
2555404,24
2555420,25
2555491,50
2555508,22
2555510,31
2555546,32
2555557,75
2555623,30
2555663,32
2555669,198
2555689,27
2555708,20
2555723,33
2555753,32
2555769,20
2555788,35
2555799,43
2555820,90
2555823,38
2555845,41
2555848,64
2555851,133
2555896,280
2555933,23
2555965,21
2556017,45
2556073,34
2556087,47
2556162,52
2556165,29
2556182,188
2556183,20
2556193,20
2556223,41
2556282,22
2556298,85
2556320,21
2556330,54
2556365,96
2556398,34
2556418,24
2556419,51
2556441,26
2556491,56
2556537,28
2556565,36
2556591,74
2556600,23
2556665,56
2556710,20
2556758,165
2556759,40
2556768,29
2556793,36
2556904,28
2556927,27
2556984,20
2556988,43
2557069,62
2557078,37
2557130,41
2557135,279
2557137,109
2557138,55
2557140,30
2557163,21
2557231,67
2557243,133
2557251,72
2557252,34
2557285,38
2557325,93
2557354,20
2557433,309
2557447,35
2557459,22
2557466,37
2557477,105
2557487,69
2557521,21
2557536,34
2557561,25
2557586,28
2557632,31
2557655,30
2557666,21
2557668,27
2557685,20
2557688,58
2557709,37
2557713,73
2557715,26
2557725,25
2557740,87
2557743,43
2557744,48
2557747,66
2557750,41
2557843,52
2557853,157
2557870,37
2557872,99
2557875,25
2557925,42
2557944,33
2557946,30
2557965,33
2557967,35
2557979,40
2558001,77
2558050,34
2558059,19
2558080,20
2558119,81
2558121,23
2558129,30
2558157,27
2558185,59
2558192,53
2558256,21
2558279,73
2558315,169
2558317,38
2558319,106
2558348,191
2558370,190
2558377,62
2558381,34
2558394,132
2558421,27
2558448,197
2558494,23
2558516,25
2558524,25
2558576,22
2558665,36
2558725,20
2558739,35
2558743,19
2558799,83
2558832,145
2558861,20
2558863,28
2558874,34
2558875,146
2558920,31
2558937,44
2558939,51
2558942,25
2558975,47
2558996,44
2559009,61
2559012,133
2559058,84
2559070,52
2559098,85
2559099,77
2559111,140
2559252,38
2559266,27
2559286,20
2559294,42
2559297,25
2559305,23
2559325,22
2559335,153
2559346,38
2559388,54
2559393,20
2559401,23
2559414,494
2559476,23
2559495,20
2559498,67
2559508,23
2559511,133
2559545,25
2559548,26
2559549,29
2559557,37
2559587,143
2559592,30
2559609,39
2559693,24
2559695,86
2559721,41
2559810,105
2559820,59
2559831,32
2559847,29
2559848,50
2559860,21
2559875,34
2559887,68
2559899,43
2559938,26
2559947,36
2559949,91
2560029,42
2560047,57
2560061,20
2560094,47
2560098,49
2560136,108
2560196,46
2560206,44
2560221,29
2560224,44
2560225,26
2560237,21
2560245,21
2560293,312
2560307,21
2560308,48
2560316,23
2560391,31
2560510,24
2560513,75
2560527,45
2560604,41
2560616,51
2560619,48
2560653,22
2560706,22
2560714,101
2560736,31
2560745,24
2560758,23
2560780,26
2560817,271
2560833,38
2560839,107
2560847,171
2560880,51
2560887,21
2560922,23
2560945,21
2560957,20
2560990,26
2561005,21
2561014,25
2561043,22
2561073,95
2561086,21
2561093,127
2561174,24
2561223,34
2561224,56
2561261,25
2561279,28
2561285,39
2561286,89
2561349,28
2561355,34
2561389,54
2561428,46
2561442,53
2561466,34
2561490,21
2561502,21
2561557,37
2561604,90
2561696,124
2561727,37
2561734,25
2561752,20
2561774,58
2561778,34
2561846,74
2561870,47
2561921,168
2561943,30
2561951,28
2561958,30
2561966,44
2561976,41
2561982,67
2561993,147
2562063,43
2562067,43
2562163,66
2562190,97
2562214,23
2562217,24
2562222,21
2562229,466
2562242,25
2562272,46
2562289,67
2562321,60
2562322,21
2562328,20
2562338,91
2562345,19
2562357,44
2562367,78
2562380,22
2562399,22
2562401,31
2562440,25
2562442,48
2562448,22
2562451,24
2562458,38
2562485,21
2562511,24
2562521,24
2562604,49
2562611,23
2562811,25
2562832,48
2562835,22
2562844,81
2562867,94
2562872,55
2562874,147
2562946,27
2562993,54
2563141,21
2563142,34
2563199,83
2563207,58
2563208,142
2563218,312
2563226,27
2563227,28
2563234,40
2563254,42
2563272,62
2563294,19
2563296,42
2563308,30
2563309,82
2563320,25
2563333,38
2563351,31
2563394,22
2563416,37
2563417,56
2563420,26
2563445,22
2563494,49
2563516,21
2563523,20
2563547,38
2563643,83
2563675,32
2563736,28
2563746,28
2563757,31
2563790,26
2563806,33
2563839,28
2563846,21
2563875,108
2563887,34
2563891,96
2563918,59
2563953,50
2563973,47
2563979,149
2563980,25
2564003,98
2564029,151
2564030,56
2564103,138
2564104,41
2564178,163
2564187,150
2564189,27
2564209,202
2564236,21
2564239,26
2564247,24
2564257,23
2564259,20
2564289,30
2564305,45
2564306,28
2564325,26
2564339,252
2564360,38
2564365,35
2564387,21
2564393,103
2564431,20
2564440,148
2564460,21
2564477,49
2564528,72
2564563,35
2564591,20
2564637,30
2564669,23
2564674,23
2564705,32
2564745,25
2564782,23
2564806,29
2564818,39
2564831,47
2564856,55
2564911,20
2564925,22
2564972,19
2564980,309
2565037,30
2565044,26
2565156,48
2565179,28
2565193,20
2565226,108
2565245,25
2565273,59
2565275,32
2565296,25
2565348,27
2565355,36
2565372,23
2565383,98
2565424,21
2565486,22
2565496,34
2565532,25
2565626,56
2565633,157
2565651,29
2565681,61
2565758,67
2565764,32
2565787,40
2565802,26
2565862,119
2565863,22
2565870,22
2565872,21
2565905,33
2565910,62
2565937,25
2565938,30
2565940,51
2565943,38
2565946,160
2565952,33
2565998,131
2566016,32
2566039,27
2566055,34
2566088,69
2566100,42
2566113,196
2566120,28
2566123,313
2566150,22
2566153,59
2566164,61
2566185,45
2566186,60
2566252,25
2566255,45
2566301,25
2566313,36
2566331,34
2566345,20
2566351,35
2566369,23
2566379,49
2566419,27
2566461,29
2566500,24
2566506,27
2566510,22
2566528,100
2566539,24
2566546,33
2566613,34
2566616,27
2566631,42
2566634,31
2566663,44
2566726,57
2566753,19
2566765,21
2566784,19
2566816,29
2566852,22
2566874,43
2566918,50
2566950,358
2566955,31
2566977,43
2566985,29
2566989,26
2567009,77
2567025,29
2567064,20
2567077,50
2567096,20
2567119,19
2567122,20
2567157,20
2567232,22
2567238,61
2567285,19
2567294,22
2567303,20
2567337,20
2567341,28
2567376,21
2567384,77
2567466,46
2567501,61
2567502,32
2567569,34
2567571,20
2567575,26
2567636,25
2567655,42
2567662,253
2567680,20
2567743,139
2567767,118
2567848,65
2567851,51
2567852,31
2567856,20
2567922,51
2567931,134
2567964,28
2567967,25
2567982,20
2567985,44
2567987,45
2568003,82
2568090,21
2568097,36
2568142,21
2568145,21
2568179,22
2568218,24
2568257,42
2568340,28
2568379,41
2568402,23
2568428,34
2568443,33
2568460,29
2568486,30
2568490,23
2568494,44
2568495,243
2568496,217
2568517,59
2568568,25
2568576,38
2568577,32
2568603,30
2568631,41
2568639,20
2568642,23
2568690,33
2568699,32
2568706,33
2568707,133
2568713,341
2568721,51
2568734,350
2568745,76
2568760,139
2568761,22
2568774,38
2568780,99
2568782,22
2568810,25
2568844,22
2568883,25
2568932,42
2568949,23
2568992,24
2569011,61
2569013,22
2569032,49
2569040,20
2569044,52
2569066,23
2569070,21
2569073,47
2569099,41
2569139,27
2569183,21
2569209,99
2569225,104
2569228,25
2569233,20
2569245,44
2569254,37
2569267,61
2569314,25
2569317,33
2569321,31
2569331,77
2569460,26
2569479,36
2569487,26
2569491,22
2569512,40
2569559,27
2569563,127
2569573,42
2569600,22
2569611,46
2569626,20
2569630,20
2569637,31
2569678,25
2569709,29
2569713,22
2569749,37
2569751,161
2569766,20
2569782,23
2569807,41
2569808,65
2569836,21
2569850,41
2569863,115
2569874,64
2569916,88
2569940,21
2569942,25
2569944,21
2570024,33
2570074,60
2570105,22
2570113,210
2570140,88
2570141,34
2570203,33
2570222,54
2570292,78
2570297,84
2570301,21
2570327,22
2570346,22
2570357,42
2570435,20
2570481,26
2570502,27
2570571,22
2570600,217
2570603,47
2570654,20
2570668,301
2570718,23
2570729,20
2570748,23
2570756,39
2570759,37
2570787,28
2570821,134
2570862,25
2570884,25
2570885,63
2570906,21
2570909,31
2570978,20
2571010,191
2571020,29
2571030,25
2571037,53
2571051,20
2571073,21
2571074,39
2571088,60
2571127,72
2571151,20
2571183,68
2571185,28
2571186,55
2571187,78
2571193,21
2571234,29
2571236,159
2571252,127
2571254,145
2571276,42
2571280,28
2571316,53
2571325,36
2571333,22
2571354,22
2571422,141
2571431,32
2571462,109
2571485,25
2571497,44
2571507,147
2571515,39
2571531,58
2571536,453
2571561,67
2571567,72
2571568,20
2571572,26
2571606,139
2571611,106
2571612,35
2571613,44
2571672,151
2571680,111
2571694,68
2571711,31
2571731,22
2571744,35
2571745,116
2571754,51
2571793,28
2571797,45
2571835,26
2571849,36
2571864,48
2571868,21
2571878,27
2571884,21
2571895,168
2571909,20
2571914,20
2571923,25
2571929,20
2571967,34
2571976,43
2572011,22
2572029,20
2572034,29
2572085,184
2572122,33
2572140,29
2572153,41
2572154,28
2572189,119
2572204,43
2572237,23
2572249,421
2572266,23
2572304,40
2572317,23
2572322,75
2572366,28
2572381,21
2572425,32
2572427,21
2572428,29
2572456,20
2572501,27
2572514,148
2572522,95
2572578,157
2572607,65
2572618,20
2572645,33
2572646,21
2572650,159
2572717,31
2572741,129
2572747,33
2572749,159
2572752,61
2572758,108
2572770,21
2572779,65
2572780,32
2572807,31
2572808,25
2572855,69
2572916,35
2572926,31
2572956,44
2572978,38
2573021,34
2573022,63
2573043,35
2573050,25
2573076,21
2573095,181
2573153,39
2573161,64
2573174,30
2573180,91
2573256,37
2573295,47
2573306,40
2573353,61
2573365,89
2573379,22
2573380,93
2573424,39
2573447,34
2573449,51
2573485,36
2573506,22
2573536,19
2573593,71
2573598,25
2573602,27
2573635,25
2573637,37
2573693,20
2573709,24
2573721,147
2573739,71
2573764,21
2573804,34
2573829,126
2573852,21
2573864,29
2573869,60
2573937,61
2573938,222
2573975,31
2573993,34
2574005,46
2574065,20
2574067,70
2574076,23
2574077,25
2574195,22
2574214,24
2574244,28
2574291,21
2574295,51
2574304,31
2574320,23
2574355,90
2574365,27
2574380,66
2574387,50
2574392,23
2574421,23
2574442,35
2574464,80
2574467,108
2574472,44
2574490,22
2574518,112
2574547,29
2574549,39
2574555,110
2574586,52
2574590,28
2574599,29
2574627,63
2574628,22
2574644,35
2574674,35
2574698,21
2574734,28
2574770,26
2574777,282
2574784,24
2574806,25
2574847,20
2574892,33
2574901,33
2574926,20
2574960,54
2574984,22
2575017,20
2575038,65
2575128,49
2575161,52
2575181,57
2575218,20
2575232,36
2575256,31
2575264,79
2575271,75
2575285,31
2575308,23
2575335,30
2575382,124
2575383,57
2575395,39
2575396,101
2575409,34
2575431,32
2575446,21
2575448,20
2575487,24
2575514,45
2575517,23
2575534,24
2575535,35
2575548,42
2575601,37
2575608,39
2575620,20
2575631,23
2575633,23
2575638,77
2575640,28
2575645,28
2575697,29
2575726,37
2575745,44
2575763,22
2575780,82
2575846,44
2575865,407
2575874,66
2575882,21
2575930,142
2575974,52
2576000,28
2576006,21
2576008,29
2576019,52
2576058,24
2576097,20
2576158,29
2576159,79
2576199,20
2576263,22
2576280,24
2576281,43
2576302,197
2576314,32
2576317,22
2576342,23
2576361,22
2576364,38
2576393,22
2576425,62
2576434,87
2576464,36
2576561,95
2576586,71
2576617,59
2576629,65
2576638,35
2576645,22
2576656,104
2576775,73
2576912,20
2576926,26
2576931,31
2576959,19
2576989,31
2576994,20
2577036,144
2577046,43
2577055,27
2577056,21
2577059,168
2577086,60
2577096,31
2577147,32
2577163,23
2577189,54
2577211,73
2577224,59
2577298,20
2577341,25
2577349,30
2577350,52
2577386,117
2577415,53
2577429,51
2577434,350
2577444,115
2577470,21
2577471,30
2577487,22
2577488,105
2577494,38
2577506,103
2577531,22
2577538,80
2577543,32
2577565,20
2577577,125
2577640,21
2577644,156
2577653,24
2577663,127
2577683,21
2577712,179
2577717,22
2577731,22
2577773,31
2577809,62
2577811,20
2577818,81
2577842,22
2577931,24
2577943,50
2577951,21
2578019,168
2578020,249
2578117,60
2578127,37
2578214,54
2578232,33
2578249,27
2578253,56
2578292,26
2578304,21
2578335,38
2578379,72
2578380,23
2578387,26
2578414,64
2578459,50
2578469,42
2578482,27
2578500,20
2578509,38
2578537,39
2578575,288
2578600,68
2578616,36
2578653,45
2578717,22
2578719,26
2578776,99
2578778,21
2578810,21
2578831,29
2578885,24
2578886,42
2578894,27
2578914,59
2578964,23
2579010,35
2579015,28
2579112,221
2579113,26
2579184,36
2579207,33
2579245,95
2579252,26
2579257,24
2579297,56
2579303,28
2579304,73
2579306,20
2579314,59
2579321,60
2579348,26
2579380,32
2579483,58
2579503,32
2579522,22
2579556,53
2579574,20
2579592,76
2579667,22
2579700,20
2579702,37
2579720,35
2579772,30
2579804,23
2579840,62
2579862,28
2579884,163
2579902,32
2579913,40
2579960,27
2579995,28
2580017,35
2580019,21
2580035,35
2580048,111
2580062,31
2580104,31
2580116,23
2580119,24
2580123,20
2580134,46
2580149,28
2580194,24
2580197,33
2580219,20
2580250,102
2580364,81
2580372,31
2580385,43
2580403,29
2580511,324
2580515,26
2580552,24
2580564,247
2580579,27
2580648,80
2580662,88
2580680,28
2580693,110
2580749,135
2580770,28
2580775,64
2580794,21
2580796,213
2580823,22
2580851,50
2580852,36
2580879,29
2580900,220
2580934,25
2580952,24
2580976,38
2580996,39
2581050,151
2581066,28
2581073,22
2581074,22
2581085,22
2581092,59
2581096,27
2581129,20
2581172,23
2581216,27
2581243,20
2581267,25
2581326,92
2581384,29
2581396,99
2581415,69
2581439,61
2581447,34
2581464,24
2581494,402
2581505,42
2581516,21
2581532,305
2581590,21
2581634,29
2581670,86
2581700,109
2581727,123
2581752,45
2581801,31
2581807,74
2581819,26
2581833,27
2581834,77
2581835,27
2581838,40
2581841,22
2581849,23
2581866,20
2581870,43
2581912,61
2581936,37
2581957,27
2581977,26
2582001,21
2582005,55
2582021,59
2582032,265
2582057,56
2582058,125
2582098,21
2582135,52
2582179,34
2582196,21
2582242,67
2582273,34
2582286,25
2582290,24
2582310,23
2582317,191
2582342,223
2582354,37
2582359,55
2582360,71
2582388,30
2582439,44
2582443,110
2582454,68
2582469,43
2582521,62
2582569,196
2582636,45
2582662,53
2582690,29
2582722,66
2582727,31
2582728,29
2582750,35
2582751,33
2582763,53
2582783,136
2582806,42
2582818,27
2582840,58
2582841,30
2582891,23
2582908,29
2582923,79
2582949,20
2582991,23
2583014,130
2583042,20
2583043,40
2583112,22
2583117,110
2583127,122
2583147,66
2583178,139
2583184,21
2583207,34
2583218,109
2583259,21
2583263,34
2583266,37
2583290,41
2583291,35
2583306,35
2583318,37
2583325,20
2583333,49
2583334,20
2583390,30
2583419,32
2583433,21
2583437,22
2583502,161
2583525,371
2583546,59
2583554,160
2583557,22
2583597,24
2583609,262
2583614,56
2583655,49
2583696,33
2583726,58
2583730,43
2583748,49
2583755,31
2583772,34
2583775,56
2583779,20
2583811,33
2583812,41
2583836,45
2583851,22
2583882,42
2583943,20
2583950,104
2583973,43
2583977,61
2584034,47
2584052,84
2584076,55
2584094,49
2584116,56
2584133,31
2584170,31
2584201,49
2584202,430
2584215,45
2584279,39
2584290,38
2584331,24
2584391,21
2584427,69
2584440,203
2584491,20
2584528,29
2584576,42
2584599,20
2584602,83
2584639,30
2584640,35
2584658,264
2584693,41
2584694,23
2584700,25
2584713,242
2584715,26
2584737,65
2584756,178
2584773,66
2584804,44
2584821,25
2584833,21
2584863,47
2584876,42
2585022,42
2585065,149
2585116,26
2585132,69
2585152,22
2585196,26
2585210,20
2585236,33
2585257,47
2585303,31
2585315,82
2585327,30
2585332,21
2585382,23
2585473,30
2585518,132
2585531,39
2585537,23
2585555,99
2585611,441
2585714,226
2585719,52
2585725,24
2585735,32
2585739,23
2585746,21
2585759,22
2585760,143
2585773,26
2585794,44
2585799,22
2585866,30
2585906,82
2585930,67
2585956,158
2585962,200
2586066,29
2586067,91
2586086,91
2586095,20
2586147,28
2586151,36
2586156,37
2586157,25
2586198,84
2586216,41
2586250,64
2586252,31
2586261,20
2586263,24
2586339,108
2586367,31
2586374,22
2586391,54
2586400,34
2586412,20
2586413,85
2586414,23
2586421,75
2586495,63
2586511,21
2586571,28
2586608,27
2586624,41
2586631,20
2586632,26
2586660,215
2586673,310
2586682,42
2586749,142
2586781,21
2586788,28
2586790,45
2586812,31
2586825,24
2586826,20
2586851,25
2586900,117
2586933,36
2586937,23
2586973,76
2587003,48
2587010,72
2587025,89
2587076,20
2587142,90
2587155,94
2587233,114
2587271,26
2587284,26
2587326,181
2587348,31
2587363,19
2587414,38
2587428,25
2587439,21
2587507,24
2587518,47
2587523,45
2587551,29
2587560,39
2587598,20
2587608,41
2587636,28
2587649,35
2587650,46
2587664,23
2587746,20
2587755,30
2587803,31
2587804,29
2587810,24
2587835,32
2587847,39
2587861,270
2587929,29
2587938,163
2587959,21
2587986,20
2588024,31
2588031,55
2588035,36
2588043,29
2588063,34
2588114,20
2588148,32
2588209,21
2588210,42
2588230,49
2588286,24
2588299,32
2588367,63
2588384,35
2588392,36
2588393,55
2588445,58
2588448,337
2588503,20
2588511,71
2588516,31
2588531,23
2588535,66
2588547,39
2588558,42
2588681,26
2588729,48
2588744,47
2588748,29
2588751,34
2588807,37
2588839,34
2588968,38
2589036,85
2589046,42
2589048,23
2589071,29
2589082,130
2589107,26
2589143,62
2589157,22
2589216,130
2589220,78
2589260,24
2589310,31
2589357,34
2589396,46
2589409,101
2589412,183
2589418,50
2589441,73
2589442,20
2589516,236
2589529,44
2589543,20
2589585,82
2589591,46
2589608,21
2589670,37
2589730,23
2589746,62
2589747,27
2589804,107
2589849,25
2589868,37
2589924,44
2589933,22
2589965,31
2589967,62
2589992,39
2589996,53
2589999,59
2590018,32
2590146,389
2590152,74
2590154,31
2590216,25
2590222,24
2590256,47
2590259,58
2590270,27
2590354,71
2590370,20
2590380,26
2590385,58
2590400,21
2590405,142
2590416,45
2590434,119
2590469,36
2590479,21
2590481,71
2590508,41
2590533,43
2590556,36
2590563,51
2590564,25
2590633,22
2590646,65
2590654,23
2590712,29
2590720,239
2590740,25
2590743,22
2590836,87
2590840,24
2590847,54
2590885,26
2590940,55
2590995,217
2591028,22
2591044,39
2591082,107
2591097,52
2591137,33
2591158,28
2591202,37
2591238,28
2591260,129
2591275,32
2591277,36
2591312,46
2591313,22
2591343,338
2591439,30
2591441,44
2591444,50
2591472,33
2591479,52
2591482,46
2591506,193
2591537,25
2591543,141
2591563,33
2591568,38
2591583,51
2591604,31
2591641,50
2591743,49
2591744,27
2591753,21
2591760,40
2591765,21
2591833,34
2591874,28
2591875,28
2591888,38
2591917,21
2591922,44
2591933,23
2592004,26
2592063,31
2592090,47
2592093,21
2592101,163
2592112,51
2592121,46
2592153,56
2592163,56
2592167,22
2592176,69
2592184,195
2592226,30
2592229,21
2592255,23
2592263,25
2592282,461
2592311,145
2592370,240
2592423,62
2592491,21
2592494,22
2592505,221
2592554,30
2592572,121
2592652,78
2592660,44
2592680,25
2592748,54
2592800,63
2592839,51
2592840,54
2592846,20
2592860,34
2592884,24
2592885,91
2592907,35
2592929,34
2592936,39
2592978,38
2592989,27
2593019,21
2593052,37
2593060,32
2593063,24
2593092,147
2593179,66
2593191,34
2593216,21
2593226,124
2593230,27
2593252,367
2593270,28
2593281,29
2593291,48
2593298,70
2593324,32
2593374,20
2593375,22
2593377,50
2593425,25
2593429,36
2593451,23
2593529,46
2593574,71
2593596,44
2593607,32
2593636,29
2593641,23
2593682,85
2593717,32
2593758,23
2593785,31
2593817,24
2593837,69
2593846,34
2593854,25
2593924,53
2593967,21
2593978,145
2594039,22
2594044,39
2594063,68
2594110,74
2594132,24
2594173,37
2594175,76
2594197,20
2594227,22
2594235,184
2594274,105
2594301,21
2594328,40
2594345,21
2594378,175
2594388,75
2594418,27
2594543,54
2594577,104
2594606,158
2594655,28
2594663,55
2594701,21
2594709,22
2594710,40
2594731,31
2594759,29
2594812,52
2594860,20
2594911,32
2594915,36
2594919,28
2594964,77
2595002,29
2595142,36
2595209,22
2595216,56
2595217,50
2595252,20
2595347,37
2595364,26
2595420,24
2595423,110
2595448,24
2595454,24
2595516,94
2595545,27
2595547,139
2595552,21
2595560,53
2595565,21
2595608,130
2595613,22
2595623,85
2595640,23
2595656,47
2595681,29
2595685,21
2595720,64
2595763,21
2595764,51
2595767,34
2595825,31
2595839,25
2595853,34
2595896,98
2595925,21
2595959,22
2595960,20
2595992,56
2595994,31
2596008,20
2596009,39
2596042,73
2596059,91
2596066,132
2596067,57
2596110,48
2596152,65
2596153,24
2596177,26
2596253,20
2596297,39
2596321,25
2596366,49
2596381,76
2596464,31
2596472,24
2596485,138
2596520,21
2596526,33
2596609,60
2596628,36
2596639,410
2596655,44
2596729,28
2596731,76
2596755,24
2596775,20
2596781,95
2596791,26
2596812,20
2596847,25
2596873,31
2596930,24
2596934,58
2596997,34
2596999,225
2597000,21
2597001,420
2597013,65
2597028,29
2597029,43
2597034,189
2597038,35
2597082,24
2597101,43
2597132,29
2597159,39
2597175,45
2597204,60
2597219,140
2597221,23
2597261,21
2597273,74
2597288,33
2597351,30
2597369,42
2597394,50
2597406,22
2597438,22
2597458,48
2597514,75
2597532,20
2597570,39
2597571,67
2597593,30
2597604,21
2597612,288
2597718,46
2597752,42
2597767,35
2597824,23
2597833,38
2597842,87
2597873,34
2597884,33
2597936,129
2597938,52
2597948,24
2597949,121
2597960,51
2597968,41
2597996,87
2598051,22
2598059,44
2598084,26
2598126,22
2598133,20
2598146,104
2598221,20
2598273,33
2598283,35
2598372,23
2598378,53
2598489,32
2598494,42
2598518,20
2598555,23
2598614,21
2598620,39
2598641,37
2598658,218
2598679,30
2598691,40
2598694,72
2598695,32
2598716,30
2598749,24
2598758,47
2598778,137
2598791,30
2598805,47
2598814,41
2598834,39
2598835,111
2598840,30
2598847,59
2598854,25
2598860,43
2598888,27
2598939,21
2598960,21
2599000,28
2599032,422
2599034,20
2599055,34
2599066,20
2599070,46
2599079,43
2599092,22
2599104,24
2599170,112
2599177,29
2599220,214
2599232,40
2599243,24
2599247,42
2599282,22
2599298,20
2599380,52
2599385,116
2599394,31
2599416,27
2599427,44
2599459,450
2599483,29
2599496,20
2599549,29
2599595,39
2599608,29
2599653,29
2599681,21
2599731,346
2599735,86
2599747,45
2599784,34
2599850,49
2599894,137
2599925,26
2599930,40
2599950,26
2599960,25
2599980,27
2600074,22
2600086,448
2600101,34
2600140,19
2600169,27
2600195,90
2600196,24
2600200,57
2600209,33
2600218,118
2600233,73
2600265,133
2600291,22
2600295,24
2600373,20
2600396,30
2600430,153
2600453,21
2600482,24
2600576,150
2600593,21
2600594,19
2600596,26
2600630,46
2600657,33
2600671,22
2600678,69
2600698,65
2600712,30
2600734,25
2600770,24
2600777,53
2600814,28
2600818,32
2600833,27
2600864,126
2600871,20
2600897,21
2600944,38
2600968,72
2601003,22
2601046,28
2601050,22
2601082,31
2601093,132
2601121,30
2601148,63
2601161,82
2601181,39
2601182,55
2601199,21
2601231,81
2601251,28
2601269,341
2601296,48
2601314,44
2601322,173
2601327,21
2601350,26
2601391,21
2601442,53
2601491,54
2601517,157
2601518,60
2601523,65
2601586,85
2601690,23
2601704,21
2601816,21
2601820,22
2601827,186
2601872,22
2601875,53
2601885,47
2601919,125
2601958,21
2602053,21
2602077,57
2602078,23
2602097,252
2602125,31
2602131,23
2602136,34
2602158,27
2602185,31
2602203,28
2602204,20
2602229,33
2602244,30
2602275,122
2602278,22
2602281,230
2602282,305
2602285,37
2602413,60
2602427,22
2602438,20
2602455,23
2602461,60
2602483,29
2602500,23
2602505,29
2602524,49
2602569,25
2602603,31
2602667,19
2602673,85
2602707,214
2602711,21
2602765,23
2602793,69
2602810,36
2602840,53
2602845,21
2602936,30
2602968,35
2602973,84
2602997,46
2603016,51
2603045,277
2603052,51
2603071,157
2603083,31
2603106,43
2603107,34
2603169,21
2603200,29
2603235,24
2603240,21
2603249,33
2603279,81
2603283,40
2603354,30
2603359,49
2603368,27
2603373,29
2603375,65
2603376,26
2603416,31
2603440,83
2603441,25
2603446,28
2603483,79
2603517,47
2603544,48
2603560,23
2603561,26
2603618,51
2603629,23
2603691,41
2603697,32
2603700,22
2603737,65
2603770,38
2603785,43
2603872,25
2603880,81
2603884,21
2603905,22
2603908,24
2603932,28
2603977,59
2603978,24
2604031,28
2604050,30
2604060,20
2604079,44
2604103,43
2604132,20
2604137,137
2604168,40
2604189,26
2604222,20
2604271,40
2604272,38
2604288,22
2604297,55
2604315,32
2604361,26
2604365,23
2604385,21
2604391,20
2604405,52
2604432,60
2604437,21
2604445,62
2604447,66
2604452,20
2604470,20
2604486,23
2604515,50
2604520,46
2604594,60
2604600,60
2604713,22
2604715,29
2604737,21
2604778,25
2604789,23
2604790,100
2604795,48
2604802,463
2604809,186
2604831,68
2604861,52
2604893,122
2604896,80
2604905,121
2604934,23
2604935,43
2604975,21
2605000,40
2605037,21
2605059,25
2605072,47
2605076,30
2605082,23
2605098,33
2605122,41
2605123,134
2605153,239
2605170,29
2605232,154
2605246,151
2605267,24
2605275,20
2605293,36
2605297,39
2605327,83
2605368,67
2605388,22
2605430,24
2605448,88
2605495,20
2605522,32
2605528,29
2605542,63
2605570,23
2605654,40
2605666,161
2605686,31
2605693,20
2605718,66
2605767,41
2605826,41
2605852,28
2605853,38
2605877,37
2605884,20
2605910,26
2605914,33
2605941,36
2606005,32
2606051,21
2606071,72
2606118,51
2606121,50
2606136,85
2606138,22
2606141,33
2606192,79
2606227,44
2606369,38
2606373,47
2606378,43
2606469,22
2606487,51
2606539,24
2606576,52
2606605,225
2606609,20
2606615,23
2606654,31
2606710,23
2606716,37
2606720,56
2606741,20
2606806,22
2606888,44
2606967,26
2606973,28
2607034,35
2607218,39
2607220,23
2607221,29
2607228,132
2607244,23
2607257,24
2607284,28
2607300,31
2607307,41
2607330,49
2607341,43
2607368,23
2607386,80
2607394,40
2607430,108
2607458,33
2607472,34
2607477,20
2607515,33
2607555,22
2607626,111
2607639,20
2607713,32
2607716,23
2607720,100
2607747,25
2607783,223
2607793,28
2607794,31
2607796,41
2607810,106
2607829,89
2607840,30
2607843,23
2607878,29
2607899,108
2607926,24
2607950,45
2607969,24
2607980,22
2608008,33
2608050,51
2608065,24
2608075,22
2608118,218
2608120,24
2608178,41
2608199,23
2608202,25
2608309,24
2608389,24
2608397,51
2608403,45
2608425,23
2608451,20
2608453,21
2608456,40
2608461,26
2608474,27
2608489,68
2608490,32
2608500,116
2608605,37
2608670,101
2608675,26
2608684,32
2608703,21
2608714,21
2608721,64
2608737,43
2608771,63
2608841,20
2608852,22
2608863,65
2608890,32
2608949,90
2608961,76
2608985,96
2608995,23
2609008,31
2609051,33
2609064,68
2609166,110
2609172,28
2609186,26
2609228,25
2609249,61
2609291,57
2609298,47
2609305,84
2609310,29
2609334,59
2609371,36
2609380,31
2609392,24
2609410,68
2609429,22
2609442,338
2609455,21
2609475,171
2609476,59
2609577,20
2609603,60
2609618,32
2609642,22
2609662,69
2609696,26
2609709,29
2609739,32
2609774,44
2609777,22
2609789,30
2609815,272
2609835,107
2609842,51
2609861,34
2609886,33
2609902,24
2609949,134
2609952,25
2609991,22
2610009,45
2610058,37
2610104,99
2610145,33
2610149,99
2610213,56
2610214,24
2610235,47
2610245,22
2610325,45
2610338,24
2610339,25
2610383,152
2610426,47
2610431,24
2610471,22
2610483,33
2610569,381
2610590,25
2610632,28
2610649,88
2610695,256
2610774,71
2610796,127
2610809,115
2610868,32
2611004,82
2611008,21
2611042,42
2611086,27
2611091,24
2611110,27
2611187,21
2611245,70
2611265,52
2611285,51
2611304,76
2611315,113
2611337,352
2611366,36
2611399,64
2611407,109
2611435,108
2611465,90
2611481,31
2611510,129
2611531,39
2611551,23
2611570,41
2611607,30
2611614,25
2611616,133
2611635,53
2611640,421
2611656,21
2611664,51
2611666,66
2611673,58
2611674,34
2611678,41
2611709,22
2611730,28
2611756,26
2611760,46
2611802,39
2611828,25
2611833,19
2611835,59
2611836,35
2611866,42
2611872,46
2611873,35
2611905,33
2611920,82
2611938,68
2611951,38
2611976,31
2611985,20
2612005,20
2612020,50
2612021,20
2612026,20
2612031,25
2612041,35
2612046,57
2612048,35
2612080,191
2612125,82
2612160,22
2612193,28
2612217,147
2612223,21
2612226,49
2612240,23
2612242,20
2612304,36
2612313,35
2612343,96
2612456,28
2612505,25
2612517,20
2612540,51
2612629,264
2612687,27
2612697,37
2612717,22
2612741,30
2612745,24
2612761,35
2612784,186
2612817,55
2612820,39
2612824,87
2612833,23
2612857,36
2612904,39
2612952,85
2612954,27
2612976,54
2612991,38
2613005,46
2613082,40
2613089,24
2613096,25
2613128,20
2613135,27
2613142,312
2613146,28
2613179,38
2613228,78
2613242,27
2613245,23
2613257,64
2613259,74
2613325,80
2613339,45
2613344,26
2613381,66
2613493,55
2613533,41
2613535,20
2613551,35
2613579,45
2613585,156
2613601,24
2613610,33
2613612,25
2613627,125
2613688,159
2613697,48
2613699,32
2613753,25
2613791,128
2613797,156
2613842,166
2613848,171
2613852,34
2613871,34
2613883,23
2613888,26
2613987,115
2613994,26
2613999,66
2614006,24
2614048,20
2614068,122
2614083,238
2614110,157
2614112,21
2614120,255
2614167,25
2614240,149
2614271,21
2614359,231
2614381,23
2614427,32
2614444,25
2614505,23
2614506,82
2614519,22
2614590,26
2614600,242
2614633,67
2614654,42
2614688,112
2614779,278
2614822,21
2614865,36
2614867,60
2614880,24
2614889,49
2614904,84
2614905,34
2614946,25
2614960,59
2614981,20
2614996,20
2615065,24
2615085,54
2615092,26
2615102,28
2615108,22
2615143,21
2615151,27
2615161,38
2615189,20
2615207,43
2615247,36
2615280,20
2615284,24
2615315,112
2615334,23
2615358,33
2615420,73
2615426,132
2615463,98
2615510,21
2615520,42
2615526,30
2615528,29
2615529,25
2615572,80
2615576,51
2615625,77
2615654,41
2615713,49
2615718,21
2615729,63
2615744,29
2615782,21
2615808,33
2615844,27
2615845,22
2615910,98
2615913,58
2615965,36
2615966,37
2615984,36
2615985,39
2616016,20
2616072,31
2616096,24
2616119,448
2616174,20
2616178,24
2616211,66
2616261,292
2616262,26
2616397,50
2616431,32
2616439,31
2616480,78
2616496,19
2616519,27
2616564,25
2616580,43
2616616,24
2616627,35
2616640,23
2616659,45
2616666,56
2616667,207
2616674,25
2616679,38
2616682,38
2616687,158
2616712,65
2616771,127
2616805,378
2616817,44
2616852,196
2616853,20
2616875,24
2616877,25
2616909,100
2616923,24
2616934,29
2616954,505
2616978,23
2617056,129
2617057,62
2617087,20
2617089,43
2617090,21
2617103,376
2617105,25
2617107,54
2617171,51
2617191,42
2617219,29
2617255,133
2617257,472
2617304,72
2617310,31
2617429,51
2617448,88
2617456,37
2617460,21
2617468,36
2617543,25
2617605,31
2617607,83
2617693,32
2617713,36
2617763,22
2617805,62
2617807,55
2617876,35
2617886,140
2617894,25
2617948,50
2617949,20
2618038,52
2618052,479
2618061,27
2618072,35
2618136,104
2618157,22
2618176,31
2618180,21
2618184,29
2618185,21
2618270,21
2618296,83
2618310,29
2618335,182
2618341,83
2618359,54
2618368,28
2618369,21
2618373,115
2618400,51
2618472,39
2618489,26
2618493,25
2618499,36
2618557,62
2618567,110
2618575,66
2618625,26
2618698,55
2618730,26
2618735,22
2618747,58
2618750,21
2618778,37
2618805,37
2618816,24
2618869,23
2618888,65
2618912,202
2619010,52
2619019,38
2619028,40
2619044,206
2619158,24
2619185,32
2619247,27
2619288,155
2619299,37
2619313,32
2619330,56
2619349,84
2619356,89
2619360,88
2619376,22
2619407,20
2619433,25
2619440,21
2619449,48
2619453,53
2619457,24
2619519,116
2619523,82
2619559,37
2619602,107
2619610,52
2619631,69
2619644,45
2619647,54
2619681,80
2619751,28
2619758,112
2619827,21
2619869,302
2619984,32
2620029,29
2620035,26
2620042,39
2620047,135
2620064,24
2620066,136
2620074,21
2620081,29
2620082,23
2620098,34
2620118,39
2620133,21
2620174,78
2620195,179
2620216,20
2620264,22
2620276,30
2620316,26
2620352,59
2620375,21
2620428,224
2620449,119
2620464,51
2620469,249
2620482,24
2620504,62
2620506,45
2620553,24
2620563,45
2620570,27
2620576,21
2620580,23
2620637,37
2620699,84
2620719,66
2620726,22
2620770,22
2620793,21
2620810,165
2620812,20
2620829,358
2620830,26
2620832,20
2620914,45
2620936,38
2620951,53
2620953,52
2620963,54
2621005,27
2621050,21
2621059,35
2621060,31
2621104,42
2621141,53
2621142,40
2621150,25
2621161,91
2621171,25
2621181,30
2621213,50
2621238,42
2621239,31
2621269,23
2621277,59
2621278,20
2621290,21
2621326,99
2621327,23
2621371,109
2621392,70
2621401,83
2621403,62
2621410,120
2621419,48
2621420,23
2621428,30
2621465,43
2621476,28
2621502,21
2621508,33
2621515,249
2621533,124
2621534,88
2621537,22
2621589,20
2621650,42
2621672,31
2621721,37
2621722,50
2621726,54
2621738,22
2621749,158
2621766,179
2621769,20
2621791,21
2621806,20
2621807,46
2621845,124
2621847,102
2621850,25
2621857,130
2621909,34
2621918,27
2621929,23
2621944,21
2621945,60
2621973,346
2621989,25
2621994,91
2622000,79
2622054,36
2622101,24
2622118,46
2622160,44
2622174,29
2622246,126
2622251,23
2622271,29
2622272,27
2622274,56
2622280,234
2622316,60
2622322,39
2622345,34
2622382,61
2622467,268
2622468,26
2622512,22
2622531,21
2622554,210
2622574,87
2622578,162
2622606,36
2622692,24
2622714,21
2622764,165
2622778,35
2622823,64
2622830,32
2622833,87
2622892,51
2622921,20
2622939,27
2622943,52
2622949,21
2622953,97
2622956,292
2622974,23
2623000,37
2623035,27
2623037,21
2623053,318
2623057,70
2623063,21
2623129,33
2623158,22
2623160,26
2623271,147
2623300,21
2623309,21
2623330,26
2623334,42
2623352,31
2623355,102
2623356,112
2623369,43
2623387,29
2623392,22
2623396,28
2623401,23
2623405,425
2623421,54
2623424,26
2623427,301
2623460,20
2623472,20
2623479,28
2623488,112
2623515,48
2623531,47
2623545,63
2623604,20
2623613,20
2623644,26
2623657,36
2623691,374
2623717,24
2623740,150
2623780,24
2623819,27
2623824,49
2623862,33
2623921,39
2623940,22
2623954,34
2623955,26
2623959,34
2624035,54
2624044,52
2624066,21
2624071,68
2624073,28
2624090,34
2624132,22
2624174,22
2624228,33
2624299,20
2624320,160
2624335,21
2624355,29
2624361,20
2624370,35
2624393,20
2624398,79
2624411,43
2624444,80
2624449,67
2624504,24
2624524,245
2624585,33
2624614,29
2624620,26
2624627,33
2624640,38
2624642,21
2624693,34
2624716,27
2624728,394
2624754,150
2624819,54
2624822,20
2624828,26
2624833,22
2624870,20
2624876,20
2624920,44
2624933,67
2624934,22
2624967,125
2624977,39
2624982,34
2624988,480
2625026,316
2625061,22
2625155,26
2625168,32
2625173,63
2625190,20
2625212,48
2625234,25
2625238,35
2625277,91
2625309,173
2625336,32
2625384,21
2625402,56
2625445,57
2625528,30
2625543,28
2625550,43
2625557,33
2625593,20
2625601,53
2625638,147
2625670,489
2625710,33
2625711,28
2625753,24
2625758,228
2625766,24
2625824,33
2625875,31
2625932,78
2625963,45
2625984,23
2625993,31
2626000,67
2626037,140
2626039,39
2626055,63
2626090,100
2626132,34
2626153,42
2626163,83
2626167,24
2626238,22
2626323,38
2626343,30
2626344,109
2626388,22
2626443,20
2626464,29
2626479,222
2626482,28
2626487,28
2626495,29
2626496,23
2626505,43
2626529,51
2626582,67
2626608,20
2626633,21
2626643,43
2626675,19
2626700,32
2626719,35
2626728,21
2626732,25
2626749,28
2626753,186
2626785,68
2626807,32
2626885,29
2626927,23
2626931,55
2626947,45
2626968,23
2627000,38
2627079,154
2627083,159
2627091,22
2627093,21
2627096,39
2627172,27
2627198,39
2627239,30
2627240,131
2627285,21
2627313,33
2627354,21
2627411,329
2627415,31
2627428,142
2627477,101
2627516,32
2627560,47
2627567,118
2627578,124
2627579,292
2627585,20
2627600,23
2627649,37
2627718,25
2627725,35
2627783,41
2627794,45
2627850,28
2627866,42
2627887,31
2627890,71
2627902,45
2627988,26
2628000,22
2628028,21
2628047,98
2628060,29
2628082,39
2628124,25
2628138,22
2628139,33
2628154,56
2628167,20
2628175,442
2628197,32
2628287,62
2628294,29
2628310,37
2628320,32
2628372,142
2628376,32
2628380,28
2628438,23
2628439,22
2628446,23
2628483,65
2628526,28
2628542,24
2628545,139
2628553,46
2628584,56
2628599,33
2628603,73
2628624,462
2628642,90
2628672,25
2628679,72
2628681,31
2628706,25
2628708,83
2628709,21
2628749,21
2628768,30
2628782,46
2628789,30
2628799,29
2628816,84
2628844,45
2628859,39
2628860,30
2628900,260
2628906,29
2628937,20
2628959,66
2628997,80
2629092,63
2629107,43
2629117,24
2629126,274
2629137,20
2629141,24
2629235,21
2629261,21
2629269,47
2629274,48
2629287,23
2629322,20
2629353,161
2629411,28
2629418,75
2629438,44
2629476,89
2629477,157
2629521,93
2629530,105
2629532,23
2629533,263
2629564,23
2629574,41
2629586,26
2629630,21
2629670,42
2629673,27
2629691,159
2629694,28
2629724,41
2629735,20
2629888,39
2629895,22
2629898,38
2629907,24
2630013,93
2630029,25
2630050,26
2630074,20
2630088,94
2630139,73
2630163,26
2630222,33
2630230,41
2630272,225
2630368,74
2630401,35
2630403,41
2630424,391
2630427,39
2630489,242
2630498,30
2630506,53
2630519,97
2630526,112
2630533,27
2630542,24
2630562,55
2630567,68
2630597,393
2630623,21
2630626,29
2630629,114
2630647,25
2630657,20
2630675,41
2630679,20
2630686,83
2630687,81
2630707,24
2630713,39
2630729,88
2630732,56
2630771,61
2630785,40
2630817,29
2630820,98
2630828,21
2630829,33
2630851,31
2630853,75
2630855,24
2630864,30
2630875,40
2630916,37
2630917,76
2630931,29
2630944,21
2630954,23
2630964,127
2630975,417
2630981,26
2630998,31
2631053,31
2631079,38
2631082,24
2631094,104
2631110,37
2631143,24
2631186,48
2631187,478
2631201,79
2631249,37
2631259,24
2631263,24
2631288,45
2631299,40
2631325,21
2631331,20
2631370,54
2631375,74
2631424,31
2631470,47
2631524,24
2631547,22
2631571,59
2631582,158
2631709,29
2631726,27
2631755,33
2631780,75
2631800,22
2631801,40
2631901,33
2631945,21
2631947,28
2631965,22
2632026,20
2632028,171
2632086,30
2632099,22
2632106,116
2632133,25
2632136,24
2632137,126
2632248,22
2632250,55
2632277,29
2632289,41
2632296,27
2632297,21
2632456,20
2632465,31
2632480,96
2632535,54
2632542,29
2632579,22
2632592,21
2632619,20
2632629,25
2632706,21
2632719,53
2632725,22
2632756,25
2632784,33
2632862,24
2632889,140
2632890,25
2632891,79
2632902,21
2632903,98
2632931,138
2632940,55
2632949,24
2632966,42
2633056,20
2633069,39
2633091,20
2633094,21
2633108,20
2633158,22
2633164,162
2633174,96
2633179,39
2633192,26
2633217,22
2633223,55
2633225,24
2633227,107
2633236,59
2633252,46
2633265,23
2633288,25
2633291,31
2633301,50
2633316,23
2633333,31
2633334,159
2633369,64
2633410,112
2633418,52
2633441,150
2633450,22
2633452,34
2633459,30
2633471,323
2633477,30
2633514,29
2633519,32
2633520,28
2633547,193
2633559,43
2633591,33
2633596,23
2633636,21
2633638,124
2633641,54
2633695,33
2633702,22
2633720,55
2633751,31
2633753,22
2633758,20
2633761,28
2633805,21
2633815,21
2633837,23
2633848,50
2633852,21
2633883,82
2633884,41
2633886,148
2633905,214
2633934,97
2633942,23
2633962,20
2633970,31
2633983,50
2634017,20
2634022,421
2634030,82
2634057,51
2634061,25
2634101,160
2634146,21
2634156,43
2634201,20
2634248,51
2634360,32
2634414,27
2634436,21
2634487,65
2634553,25
2634564,25
2634584,33
2634600,101
2634606,29
2634611,135
2634615,89
2634620,38
2634731,32
2634738,70
2634743,38
2634748,27
2634808,23
2634842,26
2634854,28
2634882,67
2634884,65
2634911,53
2634915,48
2634961,64
2634973,100
2634976,37
2634987,23
2634998,50
2635125,24
2635137,25
2635150,25
2635156,211
2635159,49
2635166,23
2635172,78
2635194,23
2635238,20
2635259,20
2635283,28
2635286,23
2635338,31
2635347,188
2635360,25
2635366,66
2635400,130
2635460,42
2635469,28
2635475,125
2635505,46
2635542,32
2635577,23
2635612,37
2635616,20
2635664,59
2635736,62
2635756,20
2635804,55
2635831,38
2635849,58
2635851,20
2635882,27
2635942,21
2636032,28
2636045,33
2636081,23
2636114,435
2636126,136
2636146,20
2636159,25
2636278,128
2636312,27
2636325,47
2636350,95
2636398,123
2636405,102
2636413,28
2636449,35
2636464,25
2636485,59
2636511,23
2636515,181
2636539,35
2636540,160
2636549,20
2636551,25
2636575,105
2636671,21
2636693,22
2636730,20
2636772,40
2636801,22
2636804,173
2636808,31
2636852,26
2636859,23
2636861,23
2636868,22
2636957,20
2637009,139
2637014,26
2637042,71
2637044,54
2637060,20
2637115,40
2637276,24
2637355,29
2637356,52
2637401,175
2637418,30
2637444,57
2637445,22
2637464,27
2637523,129
2637534,21
2637544,35
2637545,24
2637566,112
2637578,69
2637589,151
2637591,30
2637604,56
2637614,49
2637615,26
2637617,33
2637629,25
2637637,31
2637645,159
2637662,104
2637694,23
2637704,22
2637733,181
2637789,28
2637791,25
2637794,23
2637810,44
2637817,95
2637843,29
2637860,36
2637870,20
2637890,22
2637985,34
2637992,152
2638004,22
2638025,75
2638032,30
2638045,28
2638058,34
2638063,24
2638101,38
2638121,52
2638126,26
2638145,54
2638184,139
2638226,19
2638239,78
2638258,38
2638272,144
2638276,21
2638284,42
2638301,22
2638317,25
2638448,27
2638460,20
2638508,21
2638510,40
2638527,32
2638577,52
2638597,70
2638618,40
2638626,136
2638630,25
2638634,29
2638642,149
2638656,183
2638686,176
2638696,22
2638715,23
2638743,32
2638771,26
2638794,131
2638876,22
2638879,26
2638895,20
2638905,311
2638917,67
2638924,24
2638953,25
2638966,96
2638970,65
2639077,22
2639102,28
2639128,59
2639143,45
2639146,24
2639168,78
2639173,30
2639211,35
2639240,24
2639258,186
2639264,21
2639265,27
2639294,35
2639297,204
2639310,24
2639368,50
2639374,31
2639397,39
2639412,32
2639428,43
2639589,23
2639650,20
2639673,254
2639690,36
2639787,38
2639837,23
2639871,35
2639884,103
2639889,68
2639892,28
2639913,71
2639915,81
2639920,26
2639943,28
2639957,20
2639978,21
2639985,43
2639986,25
2640012,110
2640048,77
2640103,60
2640127,72
2640147,21
2640183,20
2640188,127
2640205,31
2640224,26
2640246,122
2640249,64
2640258,54
2640281,33
2640291,59
2640296,30
2640300,28
2640301,120
2640310,31
2640371,51
2640376,21
2640403,44
2640410,112
2640421,28
2640462,63
2640511,56
2640544,31
2640565,27
2640569,58
2640574,64
2640585,35
2640612,21
2640621,259
2640636,20
2640637,48
2640678,157
2640704,45
2640705,55
2640734,70
2640752,31
2640774,29
2640775,27
2640781,25
2640788,28
2640811,38
2640859,28
2640925,31
2640931,24
2640955,65
2641009,27
2641063,22
2641068,24
2641070,36
2641077,43
2641111,163
2641113,23
2641162,42
2641166,48
2641167,27
2641173,20
2641213,24
2641220,31
2641249,21
2641273,29
2641284,162
2641290,94
2641297,54
2641328,25
2641350,53
2641356,39
2641382,148
2641428,37
2641447,20
2641461,36
2641583,21
2641586,20
2641600,32
2641606,51
2641678,90
2641702,22
2641718,238
2641736,173
2641738,35
2641820,21
2641848,34
2641879,25
2641888,400
2641901,21
2641910,23
2641911,32
2641944,28
2641999,63
2642017,30
2642035,94
2642043,24
2642053,26
2642096,20
2642110,29
2642153,20
2642158,20
2642167,21
2642189,22
2642204,40
2642206,22
2642207,53
2642220,22
2642240,22
2642253,61
2642276,64
2642297,67
2642345,53
2642359,20
2642386,27
2642388,364
2642397,72
2642506,154
2642515,115
2642519,32
2642602,26
2642641,21
2642659,39
2642681,46
2642693,45
2642721,22
2642734,25
2642735,92
2642828,31
2642845,87
2642854,20
2642876,33
2642879,32
2642975,33
2643013,33
2643036,46
2643047,20
2643048,20
2643074,24
2643119,29
2643175,37
2643199,117
2643254,22
2643258,92
2643284,301
2643340,21
2643355,76
2643404,25
2643408,90
2643418,35
2643457,90
2643483,21
2643528,93
2643539,72
2643542,51
2643574,102
2643590,25
2643600,40
2643612,63
2643641,40
2643652,95
2643659,20
2643717,32
2643749,24
2643768,30
2643778,71
2643817,60
2643831,284
2643873,21
2643875,60
2643878,239
2643898,34
2643899,44
2643968,61
2644039,28
2644064,133
2644086,32
2644108,35
2644116,211
2644159,37
2644165,26
2644176,63
2644194,68
2644207,42
2644214,29
2644260,417
2644261,27
2644271,21
2644286,133
2644290,130
2644297,22
2644410,23
2644481,86
2644548,26
2644575,28
2644607,75
2644619,30
2644634,40
2644705,25
2644722,82
2644725,398
2644733,52
2644750,19
2644821,459
2644828,49
2644852,30
2644855,32
2644958,173
2645006,38
2645043,107
2645061,39
2645072,88
2645078,53
2645081,24
2645100,28
2645156,39
2645201,26
2645268,62
2645274,76
2645283,32
2645287,25
2645357,26
2645371,118
2645388,21
2645431,70
2645435,21
2645455,90
2645460,21
2645515,41
2645523,27
2645577,105
2645598,20
2645601,55
2645611,42
2645652,23
2645698,22
2645720,38
2645735,23
2645736,112
2645763,22
2645765,29
2645776,62
2645794,27
2645961,59
2646009,28
2646022,37
2646039,70
2646074,23
2646107,44
2646115,48
2646117,55
2646163,31
2646165,20
2646211,36
2646246,100
2646263,37
2646283,24
2646321,47
2646324,20
2646340,46
2646422,21
2646427,22
2646433,22
2646448,107
2646486,34
2646496,31
2646505,38
2646528,43
2646541,41
2646577,32
2646593,36
2646612,22
2646634,25
2646705,33
2646720,85
2646770,28
2646772,33
2646828,41
2646916,34
2647036,30
2647170,70
2647188,21
2647196,34
2647241,20
2647294,21
2647321,48
2647388,35
2647397,38
2647411,48
2647415,118
2647431,24
2647439,244
2647484,62
2647575,25
2647616,23
2647624,81
2647630,33
2647716,79
2647742,20
2647803,21
2647820,55
2647824,22
2647841,31
2647870,100
2647890,128
2647955,36
2647975,20
2648013,83
2648015,26
2648071,31
2648090,49
2648107,37
2648139,20
2648206,27
2648253,61
2648254,285
2648263,42
2648303,22
2648315,20
2648339,74
2648340,47
2648354,30
2648378,98
2648397,42
2648435,192
2648462,74
2648507,20
2648509,47
2648514,21
2648566,52
2648574,26
2648578,37
2648594,20
2648595,21
2648631,51
2648648,22
2648650,44
2648670,26
2648678,53
2648701,87
2648707,49
2648835,20
2648866,22
2648906,30
2648917,20
2648918,51
2648924,29
2648979,112
2649031,170
2649034,26
2649044,22
2649068,45
2649088,66
2649114,40
2649120,30
2649147,97
2649148,20
2649177,41
2649182,21
2649220,96
2649223,19
2649235,20
2649237,28
2649261,29
2649262,20
2649268,35
2649274,24
2649294,94
2649304,203
2649345,22
2649407,28
2649415,26
2649436,52
2649497,37
2649504,20
2649571,38
2649598,108
2649663,24
2649667,45
2649704,24
2649718,44
2649745,74
2649782,20
2649830,37
2649833,21
2649850,84
2649887,60
2649895,47
2649901,143
2649911,29
2649919,21
2649944,40
2649978,163
2649987,23
2650039,104
2650070,73
2650103,57
2650163,94
2650189,35
2650219,34
2650254,35
2650255,36
2650274,71
2650275,179
2650295,40
2650299,30
2650300,309
2650348,47
2650364,24
2650379,90
2650415,60
2650417,20
2650422,22
2650478,212
2650538,24
2650561,40
2650585,25
2650598,23
2650605,40
2650679,35
2650778,43
2650786,22
2650868,23
2650889,145
2650891,303
2650931,54
2650952,22
2650983,25
2651004,96
2651024,28
2651032,215
2651034,46
2651037,24
2651047,183
2651048,56
2651055,20
2651060,20
2651096,21
2651100,21
2651136,22
2651189,23
2651192,21
2651228,109
2651280,20
2651285,66
2651305,24
2651306,119
2651321,26
2651368,20
2651374,64
2651380,24
2651387,23
2651388,51
2651426,22
2651428,58
2651429,215
2651455,55
2651477,25
2651528,24
2651530,29
2651538,36
2651554,50
2651624,78
2651693,27
2651694,20
2651730,60
2651741,76
2651753,27
2651764,123
2651783,24
2651787,30
2651794,31
2651845,136
2651898,46
2651936,38
2651944,29
2651974,62
2651982,146
2651990,46
2652022,25
2652050,94
2652057,63
2652081,33
2652082,48
2652090,29
2652099,55
2652122,57
2652168,32
2652191,48
2652213,85
2652283,46
2652296,38
2652343,21
2652360,34
2652366,20
2652411,33
2652504,164
2652513,340
2652522,41
2652568,20
2652633,46
2652693,21
2652695,23
2652700,21
2652730,232
2652787,50
2652802,20
2652815,214
2652906,86
2652947,79
2652967,32
2652970,29
2652972,111
2652976,29
2653006,40
2653019,47
2653028,40
2653055,65
2653065,23
2653089,24
2653090,30
2653095,108
2653103,46
2653133,187
2653170,65
2653172,46
2653192,45
2653195,59
2653220,54
2653224,46
2653248,42
2653260,24
2653261,24
2653275,25
2653287,20
2653336,25
2653342,54
2653359,208
2653366,33
2653376,22
2653435,25
2653458,29
2653479,34
2653497,55
2653503,24
2653510,24
2653550,34
2653561,21
2653640,279
2653644,86
2653648,168
2653650,48
2653818,35
2653851,31
2653887,24
2653891,50
2653896,53
2653958,45
2654021,52
2654033,32
2654056,48
2654092,117
2654094,72
2654105,70
2654161,24
2654167,22
2654186,78
2654254,32
2654259,21
2654284,36
2654323,41
2654327,29
2654330,37
2654337,121
2654347,38
2654376,40
2654438,54
2654444,39
2654448,23
2654455,26
2654529,65
2654535,77
2654550,148
2654562,25
2654572,36
2654604,134
2654653,34
2654688,63
2654781,26
2654813,32
2654818,36
2654864,34
2654902,28
2654903,122
2654943,63
2654953,37
2654977,47
2655027,29
2655063,20
2655083,47
2655102,47
2655148,38
2655155,21
2655173,21
2655189,73
2655190,90
2655196,27
2655197,44
2655198,52
2655203,23
2655204,23
2655206,46
2655239,62
2655262,28
2655289,195
2655293,21
2655323,31
2655334,54
2655342,31
2655362,38
2655384,28
2655385,66
2655408,364
2655458,33
2655473,43
2655569,28
2655571,163
2655573,255
2655601,81
2655716,21
2655753,46
2655759,23
2655762,26
2655771,20
2655774,27
2655805,162
2655825,63
2655845,203
2655859,25
2655862,395
2655878,79
2655922,72
2656031,24
2656032,29
2656121,23
2656124,91
2656183,24
2656264,24
2656282,55
2656285,30
2656300,25
2656325,42
2656326,23
2656332,24
2656351,54
2656361,20
2656367,51
2656375,34
2656419,25
2656453,26
2656498,21
2656501,92
2656510,69
2656511,44
2656532,20
2656533,24
2656554,20
2656563,36
2656597,27
2656601,57
2656640,42
2656675,26
2656685,37
2656718,452
2656758,22
2656790,97
2656944,122
2656998,75
2656999,25
2657077,234
2657089,29
2657122,39
2657135,27
2657155,22
2657167,49
2657182,70
2657255,128
2657313,34
2657335,44
2657350,263
2657352,29
2657359,23
2657365,30
2657369,41
2657377,49
2657382,37
2657411,23
2657423,28
2657458,43
2657476,51
2657638,82
2657639,30
2657651,45
2657676,41
2657703,96
2657711,26
2657759,34
2657772,29
2657794,106
2657847,20
2657856,26
2657888,38
2657891,37
2657960,23
2657984,41
2657985,32
2658001,24
2658010,21
2658037,24
2658059,24
2658067,31
2658090,21
2658147,29
2658193,89
2658275,85
2658281,91
2658313,68
2658314,61
2658324,125
2658369,95
2658378,71
2658416,22
2658423,51
2658480,28
2658498,78
2658531,30
2658570,35
2658587,37
2658599,46
2658616,24
2658633,20
2658669,237
2658697,71
2658722,21
2658727,40
2658738,24
2658743,49
2658766,393
2658790,26
2658796,150
2658815,95
2658879,75
2658904,27
2658909,92
2658912,31
2658943,114
2658962,294
2658965,103
2659054,20
2659057,60
2659060,21
2659080,99
2659114,36
2659116,23
2659120,92
2659179,28
2659190,24
2659200,42
2659238,188
2659278,27
2659336,24
2659362,30
2659396,141
2659441,195
2659510,43
2659535,36
2659538,67
2659569,66
2659597,20
2659625,62
2659647,21
2659685,33
2659686,23
2659688,37
2659694,212
2659698,74
2659706,21
2659723,75
2659770,42
2659829,342
2659864,50
2659865,290
2659873,35
2659876,34
2659920,21
2659958,24
2659974,34
2660045,231
2660064,29
2660068,33
2660082,22
2660086,69
2660095,22
2660148,22
2660206,24
2660210,138
2660262,20
2660332,76
2660341,27
2660353,60
2660355,41
2660397,20
2660400,46
2660401,49
2660429,33
2660435,68
2660438,36
2660449,20
2660480,62
2660554,46
2660555,19
2660563,25
2660605,20
2660623,26
2660672,77
2660675,44
2660813,25
2660820,22
2660851,114
2660857,28
2660863,54
2660871,71
2660924,37
2660927,20
2660953,35
2661017,25
2661027,35
2661061,39
2661080,26
2661089,83
2661204,94
2661264,24
2661281,30
2661289,85
2661298,29
2661299,23
2661303,131
2661389,28
2661393,159
2661449,23
2661500,35
2661511,25
2661519,110
2661521,20
2661532,24
2661597,70
2661676,43
2661714,67
2661749,21
2661776,24
2661778,66
2661789,61
2661807,67
2661841,54
2661869,147
2661873,147
2661874,33
2661940,78
2661950,25
2661988,176
2662032,48
2662048,29
2662082,26
2662129,57
2662169,65
2662172,47
2662192,122
2662211,56
2662224,440
2662288,24
2662307,87
2662341,26
2662385,143
2662431,75
2662442,20
2662445,22
2662467,22
2662477,31
2662490,22
2662503,46
2662546,43
2662562,21
2662597,113
2662606,19
2662608,20
2662653,22
2662683,27
2662729,26
2662748,23
2662752,28
2662753,38
2662807,53
2662824,21
2662876,65
2662879,28
2662905,32
2662977,62
2663002,23
2663006,216
2663040,26
2663050,74
2663078,20
2663080,22
2663096,21
2663119,29
2663128,32
2663166,131
2663171,37
2663208,37
2663219,74
2663220,26
2663241,41
2663260,51
2663298,417
2663311,31
2663317,60
2663321,21
2663332,256
2663336,157
2663345,27
2663350,30
2663366,22
2663370,24
2663379,21
2663383,51
2663429,38
2663430,41
2663433,22
2663488,292
2663507,36
2663562,29
2663585,24
2663673,35
2663710,24
2663728,53
2663745,25
2663772,21
2663812,34
2663835,45
2663848,35
2663859,45
2663871,34
2663884,49
2663891,25
2663896,20
2663991,73
2663999,39
2664055,35
2664058,47
2664091,33
2664114,265
2664134,35
2664189,156
2664202,20
2664225,20
2664264,24
2664278,27
2664281,31
2664289,24
2664300,51
2664303,37
2664357,23
2664375,23
2664404,25
2664433,34
2664451,30
2664498,21
2664504,24
2664508,51
2664545,29
2664559,22
2664597,113
2664655,35
2664657,91
2664723,35
2664735,52
2664823,31
2664832,47
2664842,61
2664844,29
2664866,49
2664867,37
2664947,115
2664956,20
2664970,33
2664971,55
2664994,19
2665022,26
2665024,21
2665044,75
2665075,54
2665134,25
2665180,21
2665233,43
2665261,26
2665273,237
2665353,40
2665355,31
2665361,23
2665420,41
2665435,36
2665460,61
2665489,24
2665506,50
2665552,365
2665569,20
2665592,27
2665639,22
2665647,29
2665653,95
2665668,20
2665735,78
2665826,29
2665849,24
2665878,39
2665889,30
2665902,21
2665986,19
2666108,22
2666111,37
2666124,35
2666177,27
2666230,30
2666272,51
2666279,27
2666280,24
2666292,117
2666313,63
2666384,28
2666408,39
2666409,32
2666415,35
2666453,26
2666474,30
2666496,177
2666529,20
2666532,23
2666541,144
2666546,38
2666586,221
2666595,20
2666621,19
2666624,31
2666644,37
2666650,76
2666673,25
2666802,28
2666876,39
2666954,116
2666997,52
2667020,59
2667040,30
2667079,31
2667127,245
2667128,34
2667131,45
2667133,58
2667134,56
2667136,25
2667222,28
2667223,100
2667294,23
2667327,326
2667334,22
2667354,30
2667377,21
2667379,29
2667387,29
2667413,55
2667418,45
2667428,99
2667512,59
2667514,24
2667518,120
2667563,31
2667628,112
2667689,49
2667694,24
2667794,69
2667799,60
2667812,31
2667820,26
2667822,93
2667828,112
2667872,83
2667880,31
2667891,33
2667910,25
2667916,24
2667997,30
2668001,40
2668008,60
2668040,48
2668134,20
2668212,21
2668217,21
2668220,23
2668222,180
2668229,100
2668246,22
2668302,28
2668312,20
2668435,25
2668468,25
2668486,128
2668512,66
2668542,71
2668572,25
2668599,37
2668603,36
2668614,56
2668618,52
2668631,46
2668638,48
2668651,33
2668674,36
2668677,79
2668678,35
2668688,210
2668711,20
2668748,68
2668760,22
2668781,23
2668790,44
2668796,23
2668836,24
2668842,68
2668875,33
2668883,24
2668904,25
2668918,47
2668924,45
2668965,26
2668970,56
2668972,88
2668976,22
2669018,36
2669081,41
2669129,92
2669198,21
2669201,25
2669296,23
2669298,54
2669304,69
2669331,20
2669372,20
2669414,69
2669461,99
2669473,30
2669491,20
2669496,96
2669504,33
2669511,120
2669516,25
2669563,41
2669629,30
2669660,196
2669679,38
2669694,20
2669776,67
2669777,122
2669828,72
2669829,84
2669830,22
2669837,135
2669839,71
2669847,38
2669849,40
2669851,21
2669862,44
2669863,25
2669865,47
2669886,21
2669893,36
2669907,22
2669928,91
2669974,67
2669982,44
2669987,26
2669991,32
2670029,33
2670049,29
2670090,22
2670093,43
2670145,80
2670159,102
2670160,35
2670173,25
2670177,20
2670235,37
2670248,48
2670272,67
2670344,25
2670351,52
2670397,61
2670480,20
2670507,50
2670513,26
2670544,24
2670549,21
2670579,27
2670598,30
2670640,24
2670697,24
2670722,25
2670755,21
2670781,55
2670840,127
2670843,134
2670849,25
2670909,51
2670910,153
2670914,49
2670923,23
2670926,22
2670989,47
2670990,37
2671022,24
2671063,26
2671081,21
2671088,32
2671096,32
2671097,78
2671115,23
2671134,22
2671160,68
2671169,41
2671218,21
2671233,23
2671250,23
2671258,26
2671295,20
2671296,235
2671301,67
2671318,19
2671320,46
2671357,48
2671363,171
2671449,34
2671452,69
2671480,43
2671495,78
2671511,22
2671596,25
2671598,85
2671711,42
2671717,29
2671745,96
2671753,21
2671762,64
2671774,49
2671781,38
2671816,88
2671870,56
2671874,50
2671888,20
2671918,21
2671991,21
2672007,107
2672060,75
2672062,84
2672116,41
2672146,42
2672165,23
2672227,26
2672252,72
2672266,24
2672308,27
2672317,71
2672318,59
2672343,244
2672370,41
2672390,64
2672393,57
2672395,25
2672412,24
2672420,32
2672469,32
2672519,46
2672563,25
2672565,21
2672573,31
2672578,33
2672627,46
2672641,37
2672695,130
2672706,26
2672806,31
2672815,27
2672828,71
2672836,28
2672839,81
2672843,40
2672878,24
2672906,184
2672928,22
2672929,300
2672950,29
2672964,20
2672981,155
2673005,20
2673013,20
2673018,145
2673019,37
2673035,35
2673072,86
2673151,43
2673181,24
2673185,72
2673205,34
2673268,91
2673316,20
2673400,20
2673499,44
2673523,25
2673535,315
2673538,41
2673539,23
2673570,27
2673587,19
2673599,29
2673600,24
2673618,38
2673656,33
2673672,37
2673706,21
2673743,82
2673769,187
2673819,22
2673827,27
2673842,30
2673847,115
2673849,44
2673869,49
2673874,26
2673886,139
2673904,24
2673912,43
2673920,25
2673945,36
2673946,86
2673953,23
2673967,49
2673972,43
2674016,79
2674037,64
2674103,21
2674145,20
2674199,22
2674221,26
2674270,22
2674271,108
2674316,85
2674330,36
2674346,34
2674406,43
2674425,59
2674449,28
2674471,23
2674506,60
2674509,125
2674513,38
2674612,197
2674622,35
2674667,53
2674706,48
2674772,21
2674817,28
2674825,43
2674889,26
2674899,45
2674920,55
2675003,100
2675046,71
2675054,37
2675107,56
2675125,32
2675151,34
2675154,33
2675155,23
2675159,32
2675193,23
2675221,19
2675252,22
2675288,84
2675290,35
2675291,40
2675292,20
2675327,27
2675336,37
2675376,55
2675434,37
2675437,57
2675527,21
2675530,30
2675569,51
2675587,58
2675588,98
2675606,33
2675639,157
2675656,42
2675679,20
2675685,39
2675714,23
2675730,23
2675738,22
2675761,185
2675802,21
2675821,48
2675829,47
2675835,30
2675836,25
2675882,51
2675883,20
2675937,39
2675942,28
2675964,33
2675998,25
2676002,42
2676010,19
2676026,21
2676043,24
2676050,27
2676062,25
2676068,20
2676074,36
2676109,53
2676124,20
2676130,20
2676139,25
2676165,44
2676183,20
2676204,74
2676223,140
2676249,22
2676283,131
2676323,156
2676345,29
2676373,52
2676382,47
2676390,55
2676399,27
2676412,37
2676484,27
2676495,31
2676509,83
2676546,41
2676575,21
2676576,21
2676581,121
2676588,28
2676612,45
2676659,30
2676675,22
2676683,267
2676707,24
2676792,21
2676831,29
2676842,40
2676867,22
2676902,21
2676917,84
2676937,24
2677026,27
2677027,48
2677043,98
2677047,21
2677053,29
2677067,29
2677069,32
2677078,57
2677089,36
2677106,31
2677130,25
2677198,143
2677200,57
2677234,26
2677250,63
2677253,24
2677272,24
2677320,250
2677347,27
2677350,38
2677369,108
2677370,31
2677415,37
2677450,32
2677499,29
2677511,124
2677537,21
2677538,26
2677556,25
2677559,39
2677563,38
2677591,23
2677594,344
2677638,28
2677669,39
2677671,60
2677735,74
2677741,39
2677766,71
2677807,34
2677832,25
2677857,27
2677943,26
2677946,20
2677949,108
2677956,32
2677960,33
2677982,52
2677994,259
2678012,29
2678035,320
2678047,25
2678069,43
2678094,28
2678111,20
2678123,20
2678128,38
2678142,28
2678158,68
2678201,177
2678202,22
2678225,53
2678242,27
2678275,108
2678280,182
2678311,115
2678320,20
2678345,22
2678349,33
2678430,81
2678452,84
2678461,150
2678481,25
2678485,37
2678509,330
2678515,27
2678544,25
2678611,35
2678647,29
2678668,94
2678670,117
2678682,41
2678693,22
2678745,20
2678749,43
2678752,206
2678775,27
2678797,38
2678843,72
2678883,27
2678888,27
2678893,61
2678905,20
2678906,129
2678913,24
2678924,32
2678935,71
2678937,39
2678949,22
2678962,26
2678981,27
2679020,197
2679072,31
2679108,45
2679139,36
2679179,32
2679195,38
2679230,82
2679231,27
2679287,26
2679303,65
2679312,31
2679320,21
2679325,257
2679328,112
2679343,29
2679346,25
2679347,33
2679404,79
2679465,31
2679467,155
2679497,57
2679513,27
2679534,31
2679655,22
2679668,116
2679685,20
2679689,24
2679705,37
2679706,50
2679714,43
2679724,35
2679743,22
2679762,37
2679773,22
2679794,24
2679808,34
2679830,118
2679848,44
2679859,162
2679880,30
2679898,71
2679927,23
2679952,54
2679967,26
2679985,21
2679997,23
2680068,24
2680077,24
2680120,29
2680121,136
2680132,27
2680133,36
2680148,20
2680160,26
2680166,25
2680172,21
2680211,20
2680221,25
2680228,56
2680280,66
2680282,30
2680318,30
2680364,24
2680393,119
2680394,24
2680406,54
2680449,40
2680457,33
2680501,31
2680511,45
2680554,26
2680582,104
2680604,65
2680608,227
2680714,457
2680732,36
2680769,50
2680770,25
2680819,22
2680873,45
2680892,44
2680901,26
2680902,31
2680923,31
2680944,44
2680972,116
2680994,51
2681018,54
2681026,28
2681029,21
2681036,37
2681098,24
2681100,62
2681131,26
2681135,66
2681168,67
2681197,142
2681205,68
2681220,20
2681252,39
2681270,94
2681285,55
2681328,121
2681344,218
2681386,35
2681399,152
2681435,28
2681451,39
2681476,33
2681509,20
2681511,20
2681523,41
2681557,74
2681588,23
2681596,24
2681649,39
2681654,28
2681721,30
2681750,88
2681763,44
2681778,34
2681786,21
2681787,74
2681792,23
2681831,29
2681861,20
2681960,42
2681961,20
2682022,22
2682042,38
2682053,32
2682064,291
2682066,25
2682085,58
2682107,34
2682109,44
2682125,81
2682139,85
2682156,235
2682188,30
2682199,24
2682207,65
2682227,20
2682244,42
2682281,46
2682284,153
2682303,28
2682315,187
2682326,84
2682331,27
2682332,43
2682333,25
2682337,59
2682339,52
2682347,22
2682352,21
2682393,133
2682394,102
2682446,23
2682449,51
2682472,20
2682483,23
2682492,32
2682500,97
2682549,28
2682554,43
2682571,20
2682574,31
2682603,50
2682662,27
2682671,31
2682717,22
2682731,29
2682736,22
2682749,28
2682794,69
2682825,36
2682853,24
2682903,22
2682940,76
2682957,25
2682964,99
2683000,46
2683014,56
2683020,26
2683041,54
2683045,21
2683052,57
2683066,23
2683069,29
2683095,26
2683096,50
2683141,72
2683214,53
2683253,33
2683269,32
2683311,22
2683318,24
2683384,30
2683404,23
2683439,104
2683460,348
2683473,121
2683486,38
2683565,53
2683630,27
2683645,27
2683659,37
2683701,269
2683746,37
2683788,93
2683802,24
2683815,61
2683923,24
2683924,22
2683926,25
2683931,30
2683977,27
2684011,46
2684015,54
2684048,24
2684054,138
2684055,20
2684056,23
2684066,151
2684075,58
2684098,26
2684114,30
2684122,37
2684131,331
2684149,56
2684196,40
2684200,26
2684230,37
2684242,22
2684288,183
2684353,33
2684365,27
2684369,68
2684414,83
2684429,25
2684460,21
2684467,26
2684479,308
2684555,24
2684556,21
2684600,26
2684682,56
2684683,21
2684709,45
2684721,18
2684732,32
2684755,58
2684774,43
2684793,25
2684797,18
2684817,21
2684867,18
2684962,47
2684975,21
2684985,23
2685042,21
2685106,30
2685118,52
2685172,31
2685230,22
2685237,30
2685269,32
2685301,27
2685317,54
2685320,21
2685323,18
2685375,30
2685406,34
2685449,22
2685453,25
2685474,19
2685493,21
2685518,41
2685535,40
2685550,22
2685554,43
2685580,29
2685583,26
2685604,22
2685625,56
2685637,28
2685686,17
2685687,51
2685799,22
2685828,25
2685839,18
2685856,41
2685867,28
2686035,23
2686039,19
2686150,24
2686220,32
2686269,19
2686285,24
2686306,17
2686356,19
2686391,19
2686406,33
2686407,45
2686411,29
2686418,33
2686419,39
2686442,19
2686453,41
2686455,36
2686490,27
2686502,29
2686534,35
2686560,35
2686577,22
2686619,18
2686625,40
2686748,18
2686751,30
2686770,22
2686778,55
2686779,21
2686830,27
2686845,31
2686878,43
2686962,42
2687061,26
2687076,33
2687098,21
2687099,48
2687156,22
2687226,53
2687240,60
2687253,56
2687267,20
2687287,26
2687371,18
2687373,24
2687459,22
2687463,25
2687478,28
2687520,32
2687521,24
2687533,17
2687576,22
2687584,30
2687600,45
2687643,18
2687644,18
2687672,21
2687732,25
2687758,26
2687772,19
2687801,17
2687803,19
2687848,22
2687881,19
2687886,32
2687917,20
2687923,19
2687953,18
2688032,37
2688079,45
2688117,26
2688129,24
2688145,19
2688171,45
2688196,25
2688206,18
2688219,34
2688220,49
2688236,31
2688274,46
2688318,46
2688331,47
2688338,34
2688342,36
2688354,22
2688419,21
2688525,26
2688531,24
2688559,23
2688578,25
2688579,28
2688584,30
2688706,31
2688729,17
2688819,49
2688828,39
2688837,35
2688909,29
2688923,33
2688924,58
2688933,48
2688943,63
2688950,51
2688952,44
2688992,27
2689048,22
2689086,22
2689123,20
2689173,28
2689222,25
2689223,41
2689262,43
2689296,46
2689350,22
2689351,19
2689360,37
2689373,35
2689385,20
2689414,32
2689424,20
2689427,26
2689462,30
2689497,25
2689523,23
2689539,26
2689552,22
2689562,19
2689598,34
2689606,19
2689607,19
2689624,32
2689630,28
2689641,42
2689674,60
2689688,18
2689706,30
2689718,31
2689719,21
2689886,17
2689888,22
2689940,19
2689971,51
2689985,23
2689986,43
2690001,30
2690004,19
2690045,20
2690049,31
2690118,27
2690128,18
2690139,26
2690168,19
2690190,18
2690226,18
2690230,28
2690323,28
2690325,18
2690335,18
2690361,54
2690406,23
2690423,19
2690486,32
2690498,38
2690538,22
2690557,18
2690572,18
2690577,49
2690619,55
2690635,32
2690709,64
2690712,24
2690742,18
2690746,18
2690762,18
2690827,25
2690909,19
2690911,22
2690920,18
2690936,25
2690946,56
2690972,19
2690973,27
2691134,48
2691153,31
2691185,24
2691237,22
2691258,40
2691260,31
2691278,44
2691288,24
2691295,30
2691368,49
2691384,33
2691391,23
2691424,56
2691434,23
2691439,24
2691482,54
2691495,25
2691508,36
2691564,18
2691669,42
2691733,17
2691735,18
2691824,43
2691863,28
2691914,22
2691922,28
2691970,37
2692031,59
2692032,22
2692046,25
2692079,19
2692080,22
2692095,44
2692112,34
2692125,36
2692132,34
2692180,35
2692197,63
2692241,25
2692261,39
2692262,24
2692273,21
2692286,25
2692363,23
2692390,18
2692423,30
2692498,23
2692520,26
2692558,19
2692593,56
2692644,19
2692647,43
2692648,29
2692654,37
2692657,35
2692669,21
2692701,19
2692744,17
2692767,22
2692829,22
2692848,24
2692871,47
2692873,40
2692910,23
2692953,18
2692954,20
2692969,41
2692996,20
2693006,21
2693019,21
2693040,18
2693069,24
2693088,29
2693133,28
2693153,20
2693213,26
2693253,22
2693269,30
2693383,31
2693395,25
2693441,53
2693517,27
2693584,21
2693603,27
2693649,25
2693687,50
2693698,20
2693767,34
2693776,20
2693794,34
2693824,30
2693834,48
2693846,46
2693904,51
2693985,57
2694003,17
2694005,18
2694038,40
2694103,46
2694144,49
2694159,55
2694169,57
2694183,21
2694184,46
2694285,39
2694413,22
2694463,19
2694481,31
2694486,33
2694502,18
2694522,40
2694542,17
2694560,22
2694594,23
2694616,42
2694659,27
2694692,17
2694719,33
2694720,31
2694747,43
2694760,35
2694762,30
2694771,37
2694781,21
2694805,17
2694811,20
2694853,63
2694889,20
2694890,23
2694896,56
2694901,18
2694936,31
2694996,53
2695016,27
2695017,18
2695113,20
2695136,56
2695168,21
2695170,23
2695259,30
2695316,24
2695338,32
2695370,24
2695415,17
2695448,20
2695452,25
2695491,18
2695573,19
2695607,22
2695645,24
2695683,21
2695702,29
2695781,35
2695788,24
2695809,38
2695824,40
2695857,19
2695905,18
2695946,33
2695949,36
2695950,44
2695995,41
2695996,48
2696010,26
2696014,21
2696020,28
2696042,53
2696054,38
2696078,20
2696119,23
2696123,38
2696128,31
2696137,23
2696143,30
2696162,20
2696164,36
2696184,41
2696193,36
2696215,32
2696278,22
2696282,21
2696312,22
2696320,25
2696363,23
2696392,19
2696397,20
2696403,24
2696479,30
2696531,20
2696534,62
2696550,37
2696562,55
2696604,43
2696706,35
2696804,19
2696812,20
2696825,19
2696837,25
2696838,23
2696893,32
2696898,30
2696903,29
2696935,18
2696969,38
2696979,30
2696993,22
2697054,25
2697068,30
2697107,26
2697134,18
2697140,21
2697178,50
2697186,18
2697218,19
2697224,23
2697232,34
2697254,22
2697255,30
2697281,24
2697348,36
2697363,19
2697386,18
2697417,32
2697463,22
2697496,28
2697504,40
2697512,20
2697515,20
2697522,26
2697558,40
2697617,19
2697632,20
2697643,25
2697683,25
2697693,27
2697705,37
2697738,20
2697743,18
2697745,58
2697773,20
2697807,37
2697856,51
2697890,23
2697925,25
2697934,46
2697946,21
2697995,18
2698009,58
2698021,25
2698023,35
2698039,28
2698079,20
2698084,20
2698087,21
2698126,23
2698130,23
2698205,53
2698228,31
2698250,46
2698266,23
2698307,25
2698313,32
2698362,36
2698363,40
2698368,18
2698393,25
2698468,24
2698488,34
2698496,25
2698515,26
2698523,19
2698582,30
2698637,19
2698708,55
2698749,52
2698802,55
2698837,18
2698846,41
2698859,22
2698875,24
2698912,25
2698934,49
2698937,20
2699015,32
2699039,51
2699130,59
2699180,18
2699213,49
2699221,21
2699246,47
2699253,20
2699280,34
2699308,18
2699331,24
2699358,23
2699400,30
2699433,49
2699447,18
2699463,25
2699475,21
2699494,21
2699524,45
2699544,17
2699553,25
2699588,19
2699625,50
2699626,25
2699653,61
2699667,29
2699683,43
2699694,30
2699707,18
2699712,52
2699718,43
2699832,39
2699843,38
2699893,18
2699922,22
2699927,28
2699938,46
2700009,36
2700011,24
2700023,54
2700027,22
2700039,22
2700059,28
2700144,26
2700162,31
2700191,32
2700207,28
2700250,46
2700252,58
2700266,42
2700286,24
2700347,19
2700354,27
2700374,26
2700408,22
2700421,19
2700532,26
2700598,42
2700604,43
2700671,39
2700672,24
2700700,49
2700736,47
2700738,22
2700789,21
2700829,19
2700882,24
2700888,24
2700901,18
2700915,20
2700931,27
2700940,26
2700979,19
2700985,24
2701000,30
2701001,19
2701014,19
2701018,23
2701033,62
2701041,35
2701075,39
2701154,29
2701183,26
2701210,23
2701305,17
2701318,30
2701344,17
2701364,33
2701366,18
2701379,45
2701412,32
2701415,21
2701439,30
2701541,51
2701642,19
2701658,42
2701662,28
2701694,40
2701697,47
2701741,34
2701777,19
2701824,40
2701861,57
2701933,25
2701961,22
2701966,61
2701984,19
2702038,20
2702096,63
2702131,26
2702143,22
2702156,51
2702218,27
2702248,29
2702298,36
2702310,20
2702313,18
2702341,26
2702356,27
2702370,34
2702373,36
2702384,42
2702445,44
2702449,21
2702460,57
2702468,24
2702504,26
2702520,43
2702542,32
2702605,37
2702614,45
2702638,19
2702649,29
2702653,23
2702737,18
2702738,20
2702740,21
2702759,25
2702783,31
2702801,22
2702823,19
2702849,57
2702870,25
2702871,31
2702890,25
2702901,34
2702965,32
2702984,19
2703019,58
2703086,24
2703093,20
2703126,24
2703138,32
2703151,38
2703191,24
2703228,44
2703324,17
2703411,58
2703422,24
2703448,25
2703464,33
2703482,49
2703521,46
2703529,18
2703584,18
2703587,25
2703714,18
2703729,22
2703733,19
2703742,25
2703784,23
2703785,24
2703802,41
2703807,18
2703821,24
2703833,24
2703870,42
2703915,47
2703976,28
2704037,62
2704076,42
2704077,24
2704169,22
2704199,31
2704235,19
2704289,28
2704313,40
2704314,26
2704318,20
2704330,18
2704331,18
2704389,17
2704502,18
2704593,62
2704600,38
2704605,23
2704687,24
2704721,27
2704766,18
2704809,17
2704810,25
2704857,37
2704917,20
2704933,34
2705027,24
2705031,21
2705033,21
2705048,40
2705074,23
2705075,55
2705078,24
2705091,20
2705193,28
2705212,38
2705231,28
2705250,39
2705278,38
2705279,22
2705285,49
2705314,26
2705376,18
2705403,23
2705409,17
2705425,22
2705428,18
2705493,18
2705503,43
2705534,38
2705538,19
2705581,27
2705626,21
2705637,62
2705646,63
2705727,19
2705837,31
2705852,58
2705962,21
2705978,21
2705993,34
2706028,22
2706041,18
2706042,21
2706047,64
2706075,35
2706106,21
2706112,30
2706130,29
2706157,46
2706226,32
2706250,59
2706251,31
2706253,38
2706289,34
2706297,26
2706309,39
2706341,37
2706355,22
2706393,36
2706394,47
2706403,44
2706436,22
2706440,27
2706446,31
2706551,18
2706591,29
2706600,37
2706615,50
2706617,27
2706645,33
2706686,52
2706780,37
2706889,49
2706929,28
2706970,21
2706992,26
2707004,19
2707005,30
2707035,19
2707043,56
2707044,19
2707098,22
2707105,19
2707112,18
2707130,41
2707135,19
2707165,19
2707185,19
2707206,32
2707241,32
2707255,24
2707264,17
2707380,40
2707424,47
2707461,20
2707573,29
2707590,29
2707673,22
2707705,25
2707724,63
2707752,22
2707792,43
2707793,19
2707797,21
2707798,34
2707832,33
2707867,27
2707880,32
2707891,39
2707892,20
2707929,21
2707946,20
2707991,23
2707992,20
2708059,27
2708087,20
2708091,23
2708130,25
2708171,22
2708185,30
2708222,33
2708276,28
2708311,28
2708366,19
2708373,21
2708382,24
2708425,43
2708556,21
2708622,31
2708689,20
2708693,19
2708700,40
2708722,26
2708730,19
2708759,19
2708783,29
2708829,29
2708887,49
2708902,35
2708920,26
2708938,34
2709015,57
2709050,45
2709053,25
2709060,26
2709085,22
2709104,27
2709135,39
2709154,26
2709271,56
2709277,33
2709281,23
2709310,19
2709332,28
2709363,27
2709370,63
2709378,43
2709397,33
2709402,27
2709403,19
2709494,41
2709525,21
2709568,55
2709581,21
2709621,26
2709623,21
2709641,20
2709669,36
2709682,47
2709695,22
2709724,26
2709751,20
2709831,25
2709853,21
2709856,21
2709877,24
2709891,24
2709978,43
2710050,27
2710060,19
2710113,34
2710220,28
2710234,25
2710275,25
2710426,56
2710458,22
2710509,24
2710519,44
2710520,36
2710544,30
2710612,21
2710632,20
2710641,34
2710642,21
2710715,32
2710727,30
2710738,45
2710743,34
2710748,41
2710806,25
2710811,26
2710834,34
2710852,42
2710880,17
2710890,20
2710895,55
2710910,19
2710916,45
2710938,21
2710951,18
2710966,18
2710978,21
2711023,24
2711041,26
2711074,20
2711197,20
2711212,31
2711294,36
2711299,21
2711312,34
2711316,29
2711332,58
2711341,37
2711395,32
2711478,26
2711491,47
2711500,23
2711562,21
2711655,25
2711657,23
2711736,29
2711797,38
2711819,33
2711856,30
2711878,41
2711882,21
2711884,35
2711906,34
2711926,20
2711962,24
2711976,38
2711998,40
2712001,18
2712005,30
2712030,31
2712073,52
2712074,40
2712085,53
2712112,22
2712158,20
2712162,23
2712214,53
2712224,27
2712235,27
2712260,62
2712338,48
2712444,21
2712562,19
2712567,20
2712571,21
2712607,44
2712621,24
2712641,35
2712657,18
2712683,46
2712734,18
2712758,20
2712804,22
2712854,21
2712911,19
2712920,17
2712997,27
2713081,42
2713084,37
2713100,22
2713107,20
2713198,19
2713367,19
2713373,46
2713424,32
2713451,38
2713488,21
2713505,39
2713561,47
2713564,21
2713584,21
2713588,21
2713598,25
2713628,29
2713633,38
2713642,25
2713668,23
2713722,25
2713755,18
2713787,29
2713836,18
2713849,37
2713885,18
2713930,25
2713944,31
2713948,21
2713955,22
2713968,20
2713988,23
2714008,25
2714082,58
2714084,21
2714103,28
2714156,25
2714159,22
2714193,28
2714212,20
2714303,32
2714336,42
2714343,24
2714356,23
2714363,23
2714385,39
2714419,24
2714491,56
2714501,29
2714577,20
2714587,20
2714592,32
2714597,35
2714665,25
2714691,31
2714693,59
2714700,37
2714757,39
2714810,29
2714884,50
2714890,32
2714949,27
2714956,28
2714980,18
2715009,26
2715018,19
2715052,49
2715079,24
2715147,26
2715161,41
2715209,47
2715212,21
2715231,20
2715235,38
2715247,20
2715249,23
2715323,21
2715329,25
2715411,21
2715525,18
2715541,30
2715624,18
2715679,18
2715699,64
2715700,36
2715701,56
2715735,49
2715786,29
2715877,33
2715878,30
2715879,25
2715907,20
2715924,34
2715925,20
2715942,22
2715946,29
2715980,36
2716001,18
2716030,45
2716034,39
2716038,18
2716093,18
2716160,26
2716204,18
2716222,20
2716229,27
2716234,18
2716239,32
2716270,32
2716347,33
2716356,18
2716381,23
2716394,18
2716455,21
2716482,19
2716483,36
2716504,54
2716511,22
2716524,19
2716525,23
2716534,30
2716567,19
2716621,27
2716648,48
2716741,27
2716801,23
2716873,33
2716882,24
2716885,18
2716938,36
2716973,24
2717000,34
2717043,27
2717047,45
2717050,28
2717057,25
2717110,18
2717138,17
2717170,18
2717172,31
2717184,22
2717204,35
2717205,19
2717214,19
2717267,18
2717270,52
2717300,18
2717307,25
2717308,20
2717321,43
2717323,59
2717327,48
2717329,30
2717330,33
2717361,18
2717377,17
2717451,37
2717470,23
2717524,21
2717526,36
2717531,29
2717545,46
2717592,30
2717608,50
2717652,20
2717658,22
2717670,31
2717685,38
2717704,19
2717787,45
2717799,22
2717803,22
2717812,28
2717821,49
2717839,48
2717888,53
2717897,47
2717948,42
2717996,53
2718020,22
2718066,17
2718107,45
2718124,28
2718157,48
2718170,47
2718232,41
2718245,19
2718286,27
2718362,25
2718415,33
2718426,21
2718444,18
2718489,20
2718525,21
2718597,21
2718630,42
2718636,40
2718691,28
2718739,19
2718784,18
2718811,19
2718816,20
2718826,20
2718827,31
2718918,19
2718971,20
2718988,20
2719010,24
2719020,23
2719108,20
2719123,18
2719148,56
2719195,46
2719356,37
2719381,25
2719408,21
2719409,27
2719423,25
2719424,19
2719441,53
2719457,24
2719466,57
2719467,37
2719473,22
2719475,43
2719489,25
2719551,23
2719552,22
2719576,40
2719581,18
2719582,32
2719611,22
2719646,20
2719670,22
2719676,47
2719702,58
2719747,17
2719773,21
2719887,20
2719890,17
2719907,25
2719914,28
2719994,18
2720014,44
2720021,21
2720024,26
2720034,19
2720058,27
2720120,48
2720141,18
2720175,20
2720193,24
2720243,29
2720247,19
2720266,46
2720300,19
2720304,34
2720333,18
2720334,54
2720349,35
2720373,25
2720381,45
2720385,40
2720428,28
2720438,21
2720442,34
2720506,18
2720541,59
2720552,39
2720595,36
2720600,25
2720636,22
2720690,19
2720733,23
2720745,21
2720767,18
2720787,42
2720796,20
2720813,29
2720826,19
2720861,34
2720906,18
2720911,26
2720965,38
2720973,44
2721000,20
2721032,21
2721046,43
2721059,21
2721060,29
2721093,44
2721116,48
2721142,19
2721145,23
2721153,29
2721185,18
2721194,22
2721248,53
2721297,17
2721357,23
2721375,21
2721385,28
2721415,32
2721422,19
2721433,26
2721463,22
2721519,21
2721522,18
2721584,18
2721593,20
2721616,54
2721630,59
2721632,25
2721667,18
2721705,27
2721729,43
2721734,28
2721740,27
2721744,20
2721760,20
2721764,32
2721814,22
2721835,43
2721881,55
2721886,20
2721954,20
2721976,55
2721997,28
2722008,32
2722035,23
2722075,37
2722113,27
2722155,19
2722231,40
2722232,23
2722233,45
2722235,29
2722236,46
2722268,18
2722295,26
2722296,25
2722302,32
2722342,49
2722376,32
2722378,18
2722456,47
2722476,27
2722493,26
2722499,26
2722597,36
2722676,18
2722679,31
2722734,32
2722748,20
2722757,44
2722806,33
2722813,42
2722860,27
2722882,26
2722924,21
2722925,20
2722928,32
2722941,21
2722943,22
2722996,19
2723007,46
2723027,38
2723071,24
2723096,52
2723100,23
2723105,19
2723212,36
2723235,23
2723263,34
2723267,42
2723291,29
2723326,41
2723372,57
2723390,39
2723436,39
2723447,23
2723470,23
2723495,38
2723500,36
2723507,23
2723535,18
2723538,22
2723585,42
2723615,20
2723630,49
2723652,23
2723653,43
2723663,25
2723680,17
2723693,19
2723790,21
2723793,25
2723849,30
2723868,28
2723870,51
2723871,26
2723885,51
2723902,28
2723924,32
2724049,19
2724077,33
2724082,35
2724087,21
2724121,18
2724208,38
2724292,18
2724345,30
2724366,58
2724376,21
2724377,34
2724391,26
2724404,18
2724489,39
2724493,56
2724503,25
2724515,18
2724528,21
2724611,32
2724626,18
2724656,22
2724704,18
2724707,25
2724711,31
2724735,28
2724756,20
2724781,53
2724787,36
2724788,19
2724794,28
2724829,22
2724834,31
2724845,19
2724883,48
2724895,29
2724913,36
2724917,50
2724937,49
2724956,19
2724959,57
2724965,20
2724966,24
2724969,19
2725001,20
2725036,25
2725041,52
2725044,48
2725182,20
2725201,41
2725214,21
2725327,56
2725347,22
2725356,21
2725438,49
2725488,18
2725548,42
2725579,19
2725583,19
2725633,30
2725638,18
2725639,36
2725655,34
2725668,20
2725693,59
2725712,30
2725750,19
2725754,19
2725766,21
2725773,39
2725784,49
2725791,28
2725822,30
2725829,46
2725837,34
2725844,25
2725910,29
2725953,20
2725956,20
2725984,19
2726033,34
2726043,43
2726046,29
2726118,23
2726157,38
2726166,17
2726182,36
2726202,36
2726219,26
2726256,21
2726272,21
2726284,21
2726327,19
2726351,42
2726352,33
2726357,21
2726379,24
2726433,24
2726451,36
2726502,22
2726516,64
2726518,30
2726556,17
2726622,24
2726636,37
2726648,42
2726684,31
2726693,26
2726759,23
2726779,21
2726813,25
2726825,61
2726913,33
2726940,45
2727015,18
2727023,30
2727051,27
2727117,23
2727135,22
2727136,22
2727147,33
2727151,54
2727157,49
2727158,44
2727185,22
2727247,26
2727305,18
2727315,30
2727329,26
2727420,30
2727423,40
2727424,26
2727465,29
2727488,24
2727556,30
2727611,46
2727747,39
2727779,40
2727784,22
2727809,29
2727850,22
2727878,36
2727889,28
2727926,21
2727937,50
2727960,32
2727962,19
2728065,38
2728087,22
2728103,33
2728104,24
2728120,36
2728187,23
2728235,52
2728236,51
2728379,52
2728381,28
2728387,54
2728413,30
2728447,26
2728490,23
2728555,20
2728560,53
2728607,23
2728630,24
2728648,25
2728662,21
2728734,21
2728759,19
2728833,24
2728863,22
2728869,22
2728908,18
2728928,19
2728981,28
2729004,27
2729075,51
2729084,43
2729107,31
2729138,40
2729139,64
2729214,35
2729283,47
2729315,22
2729336,51
2729400,51
2729407,51
2729416,46
2729426,33
2729433,20
2729441,30
2729501,33
2729518,21
2729523,23
2729536,32
2729538,24
2729571,55
2729588,31
2729675,20
2729754,60
2729755,56
2729846,30
2729915,32
2729941,31
2729955,26
2729967,20
2730048,21
2730052,19
2730122,19
2730132,24
2730193,22
2730200,19
2730203,27
2730218,49
2730224,34
2730233,26
2730241,27
2730249,18
2730341,47
2730375,26
2730376,59
2730436,24
2730526,18
2730600,30
2730693,24
2730759,20
2730829,34
2730877,62
2730927,18
2730928,28
2730934,22
2730968,36
2730976,20
2730989,25
2730997,27
2731044,20
2731047,19
2731080,41
2731092,19
2731143,57
2731162,56
2731285,48
2731286,34
2731335,17
2731359,60
2731385,19
2731388,27
2731458,26
2731470,53
2731486,39
2731530,21
2731542,22
2731577,27
2731581,44
2731591,18
2731642,35
2731645,25
2731670,34
2731717,19
2731719,35
2731727,18
2731769,19
2731793,57
2731806,23
2731870,55
2731871,19
2731888,47
2731912,18
2731930,19
2731983,28
2732009,19
2732027,22
2732044,18
2732050,43
2732064,21
2732163,62
2732196,21
2732248,29
2732280,24
2732407,49
2732427,20
2732492,27
2732509,26
2732520,63
2732521,18
2732663,31
2732693,37
2732764,20
2732766,22
2732798,47
2732861,32
2732862,34
2732864,23
2732886,38
2732901,46
2732938,23
2732993,32
2732994,33
2733049,24
2733058,34
2733138,39
2733278,24
2733282,22
2733309,48
2733322,19
2733334,24
2733345,31
2733353,21
2733375,23
2733413,43
