arrival_time,job_size
51,48
95,72
128,79
141,33
142,34
186,50
192,59
220,90
241,68
250,89
262,71
279,59
328,58
400,71
403,61
452,42
476,53
480,72
506,40
507,90
530,82
539,65
552,102
573,64
599,66
646,82
683,46
691,44
693,17
694,49
723,89
727,74
833,96
840,54
843,51
846,37
864,45
884,74
903,36
928,59
955,62
985,55
1006,53
1037,75
1066,68
1099,43
1102,59
1133,76
1141,77
1170,27
1180,65
1201,56
1212,40
1213,73
1227,18
1231,71
1275,28
1283,74
1292,58
1300,72
1304,69
1306,83
1326,73
1327,87
1330,80
1347,74
1355,26
1357,96
1358,84
1389,69
1407,86
1430,60
1498,101
1526,42
1529,53
1541,51
1567,60
1580,58
1591,47
1599,65
1615,72
1670,44
1724,70
1725,48
1731,17
1742,49
1775,46
1815,61
1843,39
1857,40
1919,55
1929,70
1930,75
1934,22
1994,49
2017,65
2055,48
2066,71
2077,21
2089,82
2094,71
2097,25
2102,80
2125,12
2127,60
2142,52
2194,72
2266,43
2296,53
2299,57
2343,63
2399,50
2410,65
2460,50
2474,73
2485,46
2519,55
2528,63
2568,63
2612,33
2633,47
2645,39
2657,22
2667,37
2696,41
2723,65
2731,62
2736,23
2740,59
2754,75
2790,48
2797,37
2904,40
2917,84
2930,42
2953,65
2958,19
2971,61
2995,74
3013,77
3030,65
3056,70
3094,78
3111,61
3131,74
3161,108
3198,61
3210,50
3230,64
3246,65
3247,88
3257,72
3320,97
3359,69
3374,90
3384,66
3421,44
3477,66
3480,66
3486,44
3510,67
3516,42
3540,71
3543,64
3598,62
3612,17
3615,74
3648,64
3692,47
3742,60
3746,73
3747,47
3773,74
3782,55
3795,32
3827,67
3836,74
3840,65
3857,73
3906,95
3909,35
3951,48
3955,34
3972,73
3988,67
3990,46
4044,29
4082,52
4087,59
4101,64
4103,85
4135,112
4147,68
4148,79
4255,42
4304,18
4327,78
4352,72
4378,84
4408,76
4433,58
4503,84
4504,58
4521,70
4545,74
4557,89
4558,79
4563,43
4570,48
4580,71
4586,64
4591,87
4646,82
4702,62
4719,65
4739,45
4798,56
4799,62
4807,44
4845,39
4862,59
4888,48
4899,27
4900,56
4923,70
4926,66
4976,44
4980,67
4981,36
5001,58
5027,71
5036,92
5061,80
5110,70
5119,35
5139,40
5142,73
5181,86
5191,49
5201,74
5234,58
5260,39
5309,90
5320,85
5351,59
5352,48
5393,47
5418,33
5419,72
5446,45
5449,70
5452,81
5460,97
5525,67
5533,64
5538,60
5544,48
5553,81
5560,92
5573,71
5581,81
5606,44
5622,73
5630,38
5646,68
5670,51
5718,34
5731,88
5734,44
5746,48
5792,42
5851,58
5864,71
5915,90
5932,15
5938,90
5996,35
6013,69
6028,28
6051,53
6062,72
6072,45
6131,53
6161,67
6165,62
6168,67
6194,93
6195,81
6201,67
6230,64
6262,81
6304,49
6322,72
6345,65
6348,35
6371,62
6379,62
6421,60
6439,59
6448,45
6503,47
6557,75
6584,79
6587,61
6594,65
6657,52
6681,55
6701,84
6733,32
6759,41
6812,75
6813,73
6833,50
6868,64
6879,49
6883,45
6884,59
6887,45
6888,65
6898,73
6926,80
6930,64
6935,79
6936,71
7030,71
7084,64
7087,60
7106,60
7116,66
7148,84
7164,37
7169,51
7175,42
7341,44
7355,89
7356,31
7378,57
7384,84
7402,57
7427,48
7429,48
7451,46
7461,28
7490,24
7493,59
7516,56
7533,59
7537,45
7566,75
7595,66
7664,96
7671,67
7736,49
7744,53
7801,62
7814,69
7913,69
7956,52
7971,68
7976,54
8004,59
8045,59
8055,61
8074,34
8083,49
8171,74
8192,57
8193,78
8223,67
8224,61
8226,51
8239,76
8288,78
8296,49
8309,87
8322,26
8345,40
8362,62
8366,65
8423,47
8432,92
8436,54
8466,36
8488,50
8502,63
8560,55
8564,82
8571,80
8604,48
8634,35
8648,50
8653,61
8654,66
8691,57
8692,59
8698,51
8701,62
8705,76
8739,72
8769,100
8798,38
8822,65
8835,67
8896,83
8928,65
8938,39
8944,89
9056,47
9067,78
9073,71
9108,57
9131,66
9185,47
9199,48
9235,65
9239,56
9264,47
9273,44
9298,73
9314,60
9336,53
9389,43
9397,97
9421,83
9438,67
9523,114
9524,48
9527,47
9602,53
9603,126
9665,52
9667,49
9674,68
9675,56
9685,64
9748,40
9776,81
9832,64
9836,58
9855,30
9862,69
9876,59
9877,57
9936,60
9960,43
9971,35
9981,51
10041,69
10062,60
10084,70
10106,57
10135,89
10142,22
10153,105
10171,63
10180,17
10187,51
10201,74
10307,57
10326,80
10327,89
10359,61
10363,56
10388,26
10425,70
10433,31
10436,49
10451,70
10478,54
10525,92
10574,42
10616,58
10645,82
10659,59
10682,65
10703,62
10707,80
10736,51
10756,4
10760,46
10771,55
10788,74
10819,40
10824,60
10879,63
10889,76
10923,89
11020,56
11117,68
11148,66
11159,56
11191,38
11211,69
11233,51
11252,95
11253,62
11256,38
11274,71
11280,108
11309,36
11322,48
11324,67
11356,69
11369,40
11428,34
11435,58
11488,33
11505,71
11526,54
11536,76
11565,57
11579,61
11582,56
11590,30
11612,83
11626,55
11656,55
11659,86
11665,49
11670,44
11674,69
11679,68
11694,83
11696,71
11736,49
11779,74
11782,79
11794,66
11827,28
11831,24
11850,70
11851,51
11855,84
11875,70
11885,86
11894,65
11895,47
11918,54
11959,67
11979,90
11992,83
11997,64
12057,52
12078,70
12088,61
12098,59
12115,63
12154,55
12156,62
12180,55
12184,68
12199,47
12215,72
12240,54
12280,52
12351,54
12361,54
12362,76
12373,70
12413,79
12460,54
12474,40
12479,78
12494,55
12530,78
12541,54
12562,70
12563,56
12585,61
12612,29
12613,52
12622,76
12638,51
12657,71
12669,41
12673,77
12686,58
12705,46
12711,44
12748,69
12774,102
12785,42
12828,73
12879,77
12908,48
12949,64
12975,18
12980,72
13011,69
13020,50
13048,68
13065,59
13117,38
13153,71
13161,24
13212,77
13219,47
13220,79
13248,91
13268,69
13283,65
13302,84
13304,41
13314,58
13319,89
13326,58
13347,58
13369,53
13370,55
13376,80
13383,62
13390,57
13391,96
13444,81
13445,62
13469,42
13495,72
13518,66
13545,41
13552,46
13587,61
13603,64
13606,45
13712,53
13713,67
13716,59
13727,36
13819,65
13840,64
13843,76
13865,65
13867,58
13868,71
13910,72
13940,60
13988,46
14025,45
14029,56
14067,35
14073,47
14094,83
14106,54
14128,65
14137,95
14182,67
14184,40
14256,63
14257,82
14262,58
14309,66
14340,40
14353,72
14385,39
14426,71
14429,57
14434,74
14443,71
14457,82
14490,45
14491,61
14525,46
14555,62
14560,27
14561,76
14579,53
14615,54
14673,74
14674,75
14720,43
14739,58
14740,60
14750,81
14784,56
14808,63
14811,16
14847,71
14870,42
14917,31
14921,68
14956,49
14970,68
14978,52
15048,42
15075,40
15086,49
15135,51
15217,64
15218,57
15280,42
15302,28
15304,81
15318,67
15324,89
15381,73
15391,53
15418,63
15446,96
15500,68
15516,30
15549,63
15559,72
15579,86
15594,42
15616,66
15617,66
15620,41
15621,43
15652,52
15697,48
15751,50
15755,72
15778,36
15780,77
15794,54
15856,80
15879,70
15903,67
15924,41
15963,62
15967,42
15976,54
15999,71
16008,38
16010,72
16026,85
16038,68
16072,70
16084,57
16109,84
16123,52
16152,23
16184,85
16208,101
16269,55
16272,46
16279,62
16289,77
16292,57
16312,81
16326,47
16336,67
16348,62
16381,42
16416,43
16421,57
16425,56
16431,45
16432,59
16437,64
16442,80
16480,47
16481,50
16493,88
16514,87
16527,84
16534,73
16535,70
16565,80
16587,66
16609,59
16639,63
16681,61
16708,43
16709,47
16757,77
16811,80
16831,58
16834,69
16908,78
16945,85
17001,55
17026,63
17038,61
17085,89
17142,53
17176,85
17257,84
17268,70
17272,67
17304,55
17330,72
17350,76
17360,50
17371,61
17405,72
17437,61
17438,33
17442,75
17446,56
17447,42
17459,99
17496,59
17510,66
17517,44
17550,30
17599,64
17615,75
17640,55
17693,78
17756,34
17785,66
17826,43
17865,47
17933,46
17944,65
17989,47
18005,43
18021,71
18072,35
18118,40
18119,58
18127,51
18129,78
18133,39
18134,67
18138,43
18168,40
18176,32
18197,51
18219,49
18222,82
18245,46
18263,49
18265,73
18313,39
18451,82
18457,68
18491,65
18495,68
18496,65
18530,58
18553,89
18591,75
18599,72
18621,75
18649,37
18672,39
18698,105
18699,50
18707,64
18739,64
18783,12
18794,35
18849,86
18869,74
18903,45
18904,84
18917,77
18942,26
18973,20
18978,28
18979,67
19054,76
19058,68
19085,41
19098,92
19107,44
19205,75
19265,67
19276,52
19280,56
19336,54
19387,35
19494,102
19510,66
19515,43
19525,36
19539,73
19583,54
19600,60
19612,26
19655,43
19722,57
19725,42
19750,39
19809,67
19847,46
19933,70
19951,71
19960,45
20009,76
20025,46
20041,50
20053,52
20067,70
20079,57
20081,26
20092,86
20113,87
20124,67
20146,59
20147,35
20172,62
20206,76
20207,57
20215,93
20244,85
20330,85
20381,81
20399,59
20419,49
20437,74
20439,61
20478,53
20480,56
20524,109
20531,51
20559,50
20622,67
20648,70
20686,84
20696,47
20724,76
20726,73
20757,69
20775,53
20888,57
20905,52
20920,85
20942,37
20943,82
20945,45
20948,56
20977,67
20978,19
20993,87
20994,97
20996,52
20999,64
21068,30
21097,76
21108,53
21110,92
21116,75
21134,48
21136,69
21235,75
21258,46
21284,49
21317,60
21334,84
21342,100
21351,71
21359,60
21381,36
21401,82
21411,82
21434,50
21435,75
21461,100
21478,71
21506,64
21534,41
21540,58
21564,68
21566,40
21580,66
21582,56
21587,74
21589,35
21598,64
21621,69
21657,61
21692,58
21736,47
21790,70
21851,46
21857,36
21892,99
21916,87
21917,44
21946,61
22062,21
22078,78
22101,57
22131,50
22200,64
22201,72
22236,74
22243,36
22248,61
22301,65
22315,39
22415,63
22416,40
22457,103
22458,38
22466,62
22531,50
22543,92
22607,50
22624,66
22634,84
22681,48
22728,48
22752,95
22757,79
22771,64
22775,59
22779,62
22873,58
22887,45
22907,68
22955,32
22962,72
22964,66
22966,68
22979,72
22982,57
22993,41
22998,64
23038,64
23039,64
23060,43
23061,70
23071,60
23096,55
23108,41
23186,59
23192,74
23258,76
23267,66
23301,69
23307,56
23319,55
23328,60
23361,15
23395,77
23408,52
23415,92
23466,41
23476,62
23481,63
23500,84
23544,84
23603,83
23686,60
23710,47
23725,33
23758,63
23769,66
23839,41
23916,57
23924,59
23926,83
23992,49
23997,83
24029,48
24032,53
24033,73
24035,29
24036,68
24136,43
24152,68
24182,48
24196,44
24203,107
24208,39
24215,80
24224,64
24259,59
24272,58
24288,82
24293,36
24299,73
24343,33
24414,65
24421,80
24432,65
24433,66
24442,67
24476,42
24497,28
24516,57
24532,52
24546,45
24576,66
24581,75
24585,78
24588,58
24616,50
24634,64
24643,76
24697,78
24701,49
24702,76
24841,66
24849,63
24866,40
24878,27
24898,104
24922,47
24932,56
24937,100
24988,97
25004,63
25006,77
25085,41
25158,66
25186,56
25218,78
25227,71
25232,68
25302,28
25318,67
25326,63
25328,57
25329,69
25375,65
25380,50
25439,28
25539,41
25612,70
25634,71
25670,57
25711,64
25871,65
25875,61
25883,62
25889,77
25929,61
25933,48
25934,53
25996,36
26007,58
26069,67
26078,52
26128,38
26137,70
26147,50
26183,54
26225,81
26269,83
26300,45
26303,55
26323,87
26377,70
26394,38
26398,53
26427,60
26456,46
26459,56
26467,52
26471,65
26480,39
26504,61
26505,63
26516,70
26539,66
26553,62
26582,51
26662,45
26701,95
26776,112
26784,39
26797,64
26832,40
26858,79
26887,65
26899,41
26953,65
26965,76
26980,65
27006,54
27029,59
27032,46
27033,55
27057,76
27068,50
27083,50
27104,66
27113,92
27132,58
27165,85
27173,53
27174,47
27207,55
27228,67
27242,71
27370,55
27415,42
27438,60
27468,38
27543,97
27561,103
27572,49
27603,56
27606,71
27659,56
27670,50
27779,53
27797,47
27815,60
27823,67
27829,77
27837,67
27841,45
27843,43
27855,78
27869,55
27877,56
27911,73
27924,74
27934,22
27937,101
27943,66
27965,64
27995,52
27998,55
27999,78
28023,64
28027,87
28050,38
28068,45
28070,90
28073,65
28075,86
28080,56
28101,39
28110,32
28117,25
28118,50
28136,80
28164,56
28169,65
28189,79
28200,51
28263,66
28268,110
28294,73
28330,78
28348,54
28352,37
28398,60
28402,35
28466,44
28483,44
28505,52
28506,44
28532,38
28533,102
28535,69
28552,113
28558,83
28568,89
28570,61
28584,63
28589,77
28590,75
28619,94
28637,47
28677,60
28735,67
28798,80
28827,69
28834,71
28852,83
28860,55
28882,73
28925,82
28952,77
28961,72
28964,65
28982,77
29006,48
29011,37
29014,53
29022,41
29059,83
29089,31
29129,82
29133,45
29152,84
29156,63
29163,50
29189,60
29233,43
29243,55
29282,70
29322,54
29337,50
29342,79
29363,64
29364,74
29405,82
29427,59
29442,81
29460,84
29464,53
29472,23
29481,38
29497,36
29501,60
29508,58
29531,42
29579,69
29581,91
29592,70
29594,85
29604,43
29610,16
29631,48
29638,67
29645,91
29673,49
29707,44
29740,77
29748,58
29800,19
29828,63
29841,41
29889,78
29925,57
29935,39
29936,96
29955,63
29972,61
29994,55
30000,57
30001,59
30035,70
30105,79
30117,48
30175,29
30179,77
30244,62
30266,77
30284,53
30286,60
30324,54
30355,79
30365,86
30409,72
30410,48
30443,73
30474,86
30475,60
30476,60
30478,72
30509,39
30518,84
30548,60
30552,46
30580,71
30597,26
30609,50
30634,107
30635,50
30649,56
30709,72
30710,66
30745,24
30749,39
30750,47
30752,45
30757,41
30793,66
30798,41
30835,51
30856,64
30861,75
30870,53
30893,76
30911,65
30976,51
31021,78
31060,62
31094,46
31095,85
31107,81
31108,73
31170,68
31171,74
31175,52
31190,49
31201,34
31207,69
31233,60
31244,52
31262,61
31287,53
31288,47
31355,59
31372,49
31401,85
31413,47
31464,31
31496,48
31508,79
31536,73
31568,61
31578,57
31584,44
31599,93
31628,80
31679,101
31680,76
31690,25
31694,62
31732,77
31739,56
31801,60
31815,48
31851,28
31864,38
31867,47
31868,81
31904,81
31952,15
31953,86
32054,65
32092,75
32102,78
32115,44
32124,73
32148,46
32150,37
32175,65
32198,54
32254,56
32313,57
32314,75
32322,49
32334,44
32360,54
32362,52
32384,51
32400,38
32432,23
32433,76
32440,90
32460,52
32471,54
32479,91
32480,96
32527,26
32532,48
32568,87
32635,93
32645,82
32675,77
32751,40
32794,75
32804,87
32846,79
32851,83
32860,88
32864,69
32882,52
32911,63
32922,67
32943,73
32952,25
32979,48
32987,68
33014,98
33059,73
33065,50
33078,47
33080,68
33097,51
33148,64
33229,71
33257,79
33285,105
33311,117
33326,95
33330,48
33332,55
33401,49
33419,79
33438,61
33489,74
33494,40
33530,51
33536,73
33542,48
33570,96
33571,75
33573,37
33610,76
33613,86
33621,60
33628,44
33631,76
33671,51
33699,79
33725,27
33735,78
33775,90
33786,76
33835,60
33887,77
33891,72
33916,50
33921,63
33934,89
33935,64
33950,65
33959,58
33980,50
33987,49
34091,47
34129,55
34145,85
34162,56
34185,57
34246,70
34256,69
34267,70
34288,67
34322,47
34411,78
34414,35
34419,44
34422,31
34435,63
34442,64
34459,56
34462,31
34470,81
34472,64
34534,62
34552,56
34566,72
34585,84
34606,27
34640,38
34653,67
34732,76
34735,61
34738,78
34760,52
34768,81
34772,80
34776,41
34843,72
34850,50
34854,59
34938,70
34994,65
35052,47
35083,45
35087,91
35151,49
35152,36
35178,60
35179,84
35207,50
35216,54
35219,61
35235,46
35342,81
35352,44
35359,41
35366,81
35450,71
35459,54
35473,71
35504,69
35530,44
35554,86
35574,57
35590,53
35603,30
35611,45
35624,51
35631,73
35632,104
35651,87
35694,94
35697,59
35698,36
35709,84
35724,40
35788,40
35847,49
35896,72
35946,77
35959,62
35989,28
36015,49
36088,48
36101,76
36118,60
36121,61
36125,60
36161,71
36162,72
36165,103
36224,25
36243,65
36247,47
36254,82
36311,55
36378,55
36402,95
36414,64
36420,59
36448,57
36449,78
36506,24
36533,33
36584,31
36621,60
36629,67
36631,34
36636,48
36670,76
36715,57
36748,37
36750,40
36752,61
36770,55
36773,95
36839,43
36849,49
36858,52
36890,42
36894,69
36895,53
36896,79
36951,60
36952,78
36960,79
36982,30
36983,60
37004,80
37008,25
37016,94
37020,75
37022,54
37069,9
37104,77
37108,40
37110,83
37133,48
37148,52
37174,54
37176,50
37198,51
37201,69
37212,30
37221,77
37249,42
37255,63
37268,67
37276,63
37308,87
37315,59
37317,76
37330,38
37332,56
37337,47
37395,110
37421,80
37436,64
37485,67
37512,53
37535,70
37618,93
37619,63
37770,55
37776,39
37779,59
37782,80
37783,64
37827,91
37845,75
37851,66
37858,64
37878,59
37881,56
37892,25
37906,50
37969,83
37992,56
37993,69
38080,80
38099,81
38156,70
38164,60
38186,61
38194,34
38196,61
38212,76
38224,62
38242,42
38266,78
38279,65
38322,81
38323,62
38363,79
38401,41
38441,62
38517,55
38545,41
38592,52
38617,48
38641,60
38643,40
38654,47
38683,71
38684,76
38709,60
38723,91
38732,52
38801,53
38841,58
38882,44
38897,71
38914,30
38949,72
38958,82
38959,83
38968,51
39022,41
39023,34
39043,55
39074,52
39125,58
39140,62
39147,79
39156,67
39174,69
39234,58
39248,63
39253,69
39300,66
39310,49
39353,82
39374,25
39380,35
39386,51
39395,68
39424,78
39471,83
39480,66
39486,55
39509,62
39516,63
39534,58
39544,43
39593,94
39594,55
39619,61
39635,71
39648,42
39650,96
39676,40
39678,32
39686,46
39717,83
39769,6
39781,55
39791,76
39793,58
39834,82
39873,53
39944,46
39997,73
40064,20
40065,39
40067,69
40073,52
40087,92
40088,85
40100,66
40105,44
40120,62
40126,61
40161,81
40166,78
40168,38
40172,62
40188,86
40200,71
40203,64
40229,47
40245,35
40248,60
40250,54
40260,77
40295,48
40309,51
40323,31
40328,28
40343,59
40352,78
40372,42
40382,60
40399,65
40401,86
40421,73
40460,43
40461,86
40470,51
40476,74
40488,64
40501,59
40510,70
40516,45
40526,24
40532,55
40538,47
40541,69
40604,48
40634,77
40643,71
40644,72
40671,57
40703,45
40726,56
40728,54
40742,86
40749,78
40766,43
40767,75
40797,90
40816,58
40830,38
40853,92
40864,52
40879,31
40883,76
40919,51
40921,34
40930,60
40944,44
40974,73
40983,37
40987,47
41070,76
41071,49
41089,48
41133,47
41141,32
41144,77
41201,49
41202,59
41213,102
41235,56
41239,96
41305,55
41307,39
41341,72
41380,60
41409,76
41417,104
41435,76
41453,84
41464,68
41477,79
41492,92
41493,71
41537,62
41539,56
41575,51
41577,79
41595,61
41624,62
41644,89
41659,73
41740,70
41742,53
41769,43
41778,65
41794,53
41813,81
41833,64
41847,63
41856,71
41857,49
41860,52
41875,55
41987,65
41997,81
42000,80
42002,62
42016,54
42051,42
42052,64
42104,70
42140,70
42161,59
42162,76
42190,68
42226,60
42276,41
42286,59
42307,46
42320,66
42329,52
42343,60
42397,49
42430,78
42435,9
42442,65
42443,98
42461,57
42467,82
42496,62
42510,72
42553,102
42587,62
42681,63
42682,57
42700,54
42702,33
42704,68
42723,50
42769,51
42776,47
42794,60
42798,83
42803,79
42809,98
42813,81
42822,48
42887,50
42895,84
42906,54
42925,60
42929,70
42954,46
42964,63
42978,48
42985,87
42989,62
43068,69
43070,58
43154,46
43162,33
43235,63
43238,34
43250,78
43270,55
43287,67
43316,40
43344,59
43393,74
43431,43
43437,63
43446,76
43448,108
43450,24
43453,64
43545,55
43546,73
43572,29
43614,46
43621,48
43635,53
43636,35
43637,61
43681,65
43688,40
43693,43
43720,56
43745,41
43807,79
43824,80
43847,95
43884,64
43888,41
43904,45
43907,62
44000,41
44001,79
44035,85
44053,65
44091,52
44128,60
44200,48
44251,73
44256,44
44271,70
44311,76
44312,70
44323,70
44338,94
44354,68
44369,94
44394,45
44411,91
44416,57
44456,55
44483,63
44486,39
44503,75
44509,57
44532,81
44561,37
44620,43
44635,75
44714,74
44721,77
44753,65
44765,23
44791,71
44800,37
44833,38
44860,50
44887,68
44893,76
44941,66
44958,95
45005,70
45031,94
45047,61
45062,81
45078,46
45079,44
45094,63
45129,69
45138,59
45165,41
45250,68
45262,74
45268,48
45304,59
45389,56
45392,50
45393,81
45407,62
45430,83
45441,55
45464,51
45475,34
45479,68
45488,47
45496,68
45529,84
45539,76
45558,73
45594,41
45597,67
45602,39
45644,34
45653,93
45655,30
45673,57
45699,43
45700,61
45764,75
45797,55
45804,66
45848,52
45856,49
45858,63
45867,60
45881,81
45889,65
45891,74
45897,75
45899,81
45950,88
46006,68
46115,77
46129,61
46136,37
46159,73
46162,77
46169,63
46180,60
46184,52
46263,21
46273,84
46292,56
46316,67
46352,57
46363,29
46398,58
46410,32
46444,55
46450,40
46463,73
46467,60
46468,66
46473,72
46500,65
46502,71
46504,71
46517,67
46518,61
46553,31
46557,69
46584,54
46603,42
46623,66
46640,63
46706,47
46740,50
46752,44
46776,71
46790,51
46795,77
46821,49
46825,67
46833,58
46865,72
46880,78
46888,71
46941,66
46964,45
47037,34
47063,78
47082,50
47090,80
47093,58
47097,58
47101,54
47111,61
47113,104
47168,42
47191,57
47206,68
47207,18
47215,95
47236,89
47239,71
47277,83
47286,67
47295,72
47305,78
47311,84
47324,54
47337,56
47355,62
47396,26
47410,36
47429,49
47451,62
47489,70
47502,65
47538,78
47545,45
47584,54
47620,17
47638,45
47657,70
47667,40
47670,86
47696,17
47702,71
47713,35
47730,79
47750,59
47769,37
47785,68
47791,100
47814,77
47839,56
47844,47
47930,38
47948,48
47983,59
48007,66
48010,82
48031,89
48040,43
48046,92
48102,94
48113,48
48124,87
48141,60
48144,76
48164,71
48186,57
48217,82
48220,26
48236,45
48256,42
48257,79
48276,34
48281,76
48313,71
48386,79
48414,53
48418,50
48482,80
48495,90
48505,68
48510,72
48531,67
48548,59
48568,48
48589,28
48613,98
48643,49
48690,41
48700,76
48717,47
48722,56
48723,38
48725,87
48739,72
48761,52
48769,65
48771,48
48833,64
48848,95
48855,49
48934,35
48949,51
48973,56
48981,65
49014,71
49019,39
49030,26
49070,77
49115,51
49130,68
49137,60
49168,64
49177,56
49187,42
49192,70
49214,66
49274,70
49288,58
49294,66
49308,49
49376,63
49378,92
49382,35
49393,86
49424,65
49449,44
49458,76
49500,79
49507,56
49534,69
49578,48
49586,80
49589,67
49598,75
49612,75
49625,37
49663,50
49677,67
49727,53
49729,77
49742,36
49772,29
49775,46
49804,56
49812,69
49813,78
49820,63
49845,72
49847,67
49864,49
49868,53
49878,48
49916,68
49924,57
49956,70
49980,72
49998,64
50060,68
50087,69
50126,88
50153,44
50224,88
50246,58
50250,48
50264,59
50265,21
50270,60
50298,55
50375,53
50391,58
50427,74
50429,60
50449,61
50477,72
50483,108
50558,55
50567,48
50645,65
50650,29
50683,78
50685,67
50732,83
50737,67
50739,46
50772,91
50808,48
50809,49
50875,66
50946,57
50977,102
51038,38
51055,82
51056,83
51080,50
51088,51
51128,92
51135,49
51160,55
51165,84
51181,53
51182,49
51223,83
51254,43
51263,80
51268,69
51270,83
51287,37
51299,57
51335,68
51369,64
51373,77
51392,93
51445,58
51467,34
51468,75
51495,54
51501,50
51517,19
51518,52
51537,104
51566,77
51579,61
51601,44
51618,55
51624,40
51642,74
51692,73
51726,80
51728,53
51742,51
51748,29
51777,79
51794,52
51802,38
51804,77
51831,90
51917,69
51951,74
52022,62
52025,58
52080,44
52102,58
52103,81
52109,39
52120,17
52133,58
52134,59
52137,98
52157,78
52161,62
52172,49
52239,58
52243,66
52259,53
52262,74
52277,69
52280,53
52283,61
52308,59
52341,48
52348,55
52392,38
52411,89
52500,75
52536,73
52539,53
52545,23
52629,47
52636,58
52663,120
52674,30
52704,52
52740,80
52758,55
52763,75
52771,62
52778,70
52796,83
52866,58
52878,87
52900,50
52935,59
52949,78
52970,62
53034,39
53049,69
53068,49
53084,39
53098,26
53102,50
53114,57
53130,59
53201,79
53222,35
53241,89
53253,98
53275,27
53314,75
53349,63
53373,45
53406,74
53411,58
53420,60
53428,59
53433,57
53503,77
53521,74
53533,93
53558,32
53561,21
53587,103
53606,45
53608,57
53615,58
53637,90
53638,45
53640,58
53664,50
53667,74
53694,64
53750,59
53759,68
53763,66
53792,72
53801,29
53861,68
53894,84
53908,74
53917,90
53926,56
53952,63
53954,62
53984,27
53985,87
53987,75
53999,41
54020,59
54024,90
54097,78
54102,60
54111,54
54143,76
54186,34
54220,75
54235,48
54274,50
54278,30
54294,32
54307,38
54311,50
54367,54
54374,66
54388,45
54396,51
54406,51
54416,57
54424,69
54475,95
54487,72
54501,64
54568,79
54581,45
54584,72
54588,64
54599,67
54617,45
54630,67
54631,25
54642,69
54758,70
54798,66
54849,29
54861,50
54912,78
54957,54
54991,57
55008,44
55066,70
55081,43
55099,69
55103,14
55111,71
55137,68
55149,52
55176,84
55238,60
55243,23
55269,72
55275,63
55283,71
55334,76
55357,47
55371,80
55404,69
55405,94
55408,80
55419,64
55420,68
55435,49
55446,51
55482,76
55487,68
55491,55
55498,47
55519,34
55555,92
55584,37
55621,72
55679,58
55692,64
55734,58
55754,71
55755,77
55759,64
55818,54
55889,59
55935,63
55937,87
55940,56
55964,58
56007,88
56008,51
56032,57
56033,32
56046,55
56053,54
56071,15
56101,108
56103,68
56112,50
56114,68
56161,49
56194,70
56195,52
56228,71
56243,47
56266,57
56324,59
56335,67
56365,50
56370,77
56375,45
56387,77
56416,60
56421,61
56436,62
56516,50
56547,47
56565,26
56594,83
56610,64
56665,50
56667,44
56670,88
56671,64
56693,41
56702,85
56713,40
56714,66
56754,77
56761,81
56762,72
56770,93
56772,66
56780,41
56805,57
56815,46
56825,32
56873,53
56887,44
56901,28
56957,42
56976,68
56996,44
57038,52
57040,99
57060,53
57089,64
57135,50
57144,80
57153,64
57165,3
57189,74
57197,67
57251,56
57305,45
57318,69
57329,67
57347,76
57367,53
57373,52
57374,78
57383,80
57454,59
57497,52
57500,46
57510,42
57545,73
57552,97
57583,55
57587,113
57588,80
57610,91
57618,72
57648,31
57677,54
57694,54
57695,110
57737,86
57770,72
57783,79
57796,63
57813,47
57849,95
57850,56
57860,59
57870,48
57880,53
57888,59
57923,44
57926,55
57977,63
57984,36
57997,66
58011,46
58013,74
58020,40
58032,61
58097,97
58099,31
58153,77
58163,120
58178,76
58189,77
58196,63
58230,63
58239,87
58253,41
58279,37
58294,80
58301,49
58387,76
58394,68
58395,83
58436,80
58464,68
58468,62
58515,75
58537,87
58553,91
58584,56
58589,48
58606,84
58612,43
58617,82
58637,79
58650,30
58651,78
58660,68
58698,61
58709,75
58722,73
58871,67
58894,64
58897,85
58913,38
58953,45
58976,52
59036,108
59054,48
59072,52
59085,69
59144,76
59154,82
59162,71
59195,85
59201,103
59224,40
59243,83
59248,59
59345,48
59364,81
59368,50
59405,55
59406,46
59411,56
59417,54
59454,55
59470,43
59481,64
59499,84
59508,60
59510,31
59521,60
59565,71
59566,54
59580,57
59583,74
59586,42
59639,46
59653,75
59661,100
59665,63
59692,67
59712,55
59722,67
59726,72
59739,75
59761,76
59781,53
59795,68
59797,61
59862,54
59864,73
59867,98
59868,72
59869,86
59882,93
59940,45
60003,53
60016,66
60026,68
60039,71
60058,64
60062,63
60188,41
60193,65
60196,69
60197,61
60240,43
60242,72
60246,58
60272,111
60275,50
60276,71
60286,48
60299,80
60338,72
60351,65
60368,50
60379,36
60455,74
60473,49
60508,77
60525,55
60559,72
60564,27
60578,53
60579,76
60609,39
60618,65
60651,63
60703,61
60739,43
60774,78
60803,24
60852,96
60879,82
60885,59
60894,48
60901,37
60902,64
60930,72
60947,48
60981,71
60987,72
60998,2
61014,61
61036,87
61047,77
61056,81
61060,51
61089,32
61102,68
61122,67
61135,14
61181,86
61186,63
61211,96
61219,65
61229,44
61259,38
61273,26
61305,56
61322,49
61360,39
61376,40
61379,29
61389,47
61403,21
61411,22
61430,71
61488,71
61509,48
61513,52
61529,92
61533,29
61560,51
61565,101
61587,127
61600,39
61616,68
61649,46
61663,58
61789,30
61813,34
61889,65
61925,68
62018,40
62065,77
62115,73
62135,75
62157,80
62195,59
62228,61
62238,49
62279,84
62303,42
62318,81
62322,62
62327,71
62333,38
62349,77
62354,55
62422,53
62481,71
62491,89
62512,55
62533,42
62541,59
62561,95
62576,35
62599,61
62602,80
62619,62
62660,61
62676,41
62745,64
62775,55
62781,82
62808,77
62815,14
62822,93
62828,44
62839,54
62840,48
62868,38
62869,60
62875,91
62886,89
62947,47
62985,55
63023,51
63055,84
63107,48
63108,40
63119,68
63187,40
63277,54
63293,51
63296,64
63320,72
63332,83
63342,46
63348,75
63367,35
63431,63
63454,92
63478,73
63494,79
63508,88
63592,67
63603,42
63609,30
63617,64
63628,62
63676,65
63703,84
63748,78
63754,65
63760,59
63816,69
63843,57
63855,44
63871,65
63920,87
63935,43
63958,29
64007,53
64019,64
64039,45
64096,76
64128,92
64133,63
64149,45
64160,69
64197,55
64205,65
64252,32
64268,55
64272,30
64362,44
64385,66
64404,40
64416,50
64424,101
64434,74
64449,97
64455,49
64478,65
64507,54
64521,36
64524,41
64529,67
64591,34
64611,84
64641,45
64648,60
64671,44
64684,85
64707,45
64711,44
64712,50
64733,86
64749,62
64753,26
64761,81
64779,41
64834,57
64867,80
64908,66
64959,77
64970,54
65010,62
65023,41
65046,70
65055,53
65085,106
65100,65
65102,65
65152,103
65172,68
65196,77
65232,80
65242,28
65266,54
65276,68
65281,36
65304,50
65331,48
65359,49
65364,54
65386,74
65398,57
65422,76
65439,72
65443,57
65458,88
65485,60
65486,53
65489,65
65496,70
65499,22
65562,65
65595,29
65607,59
65661,62
65704,67
65784,35
65809,50
65810,78
65873,67
65897,89
65950,60
65987,71
66000,41
66012,65
66021,70
66023,40
66033,42
66034,29
66041,59
66108,62
66115,64
66132,74
66145,54
66154,60
66163,71
66198,35
66238,35
66306,68
66339,58
66393,104
66394,73
66414,57
66417,54
66428,58
66440,75
66493,68
66501,42
66529,97
66542,83
66560,40
66563,72
66567,65
66609,97
66663,57
66697,84
66706,72
66738,87
66752,59
66755,47
66770,70
66785,28
66841,37
66870,37
66888,90
66913,72
66921,95
66928,86
66941,40
66963,44
66983,28
66988,40
67026,66
67039,51
67046,40
67060,97
67066,51
67078,62
67134,56
67136,72
67162,96
67169,75
67183,41
67231,56
67267,94
67330,51
67416,71
67453,90
67538,91
67539,76
67616,89
67630,56
67631,49
67638,68
67639,52
67654,52
67656,84
67663,51
67681,71
67684,86
67689,74
67702,46
67729,79
67738,46
67741,72
67745,87
67747,51
67748,45
67788,54
67798,72
67799,44
67805,37
67830,56
67848,53
67857,60
67954,50
67966,40
67993,102
68030,88
68033,90
68055,83
68109,84
68124,91
68140,68
68142,50
68145,55
68148,64
68172,72
68180,48
68188,68
68217,84
68224,74
68229,89
68304,52
68313,13
68314,62
68344,52
68353,40
68362,59
68393,34
68427,82
68429,32
68430,36
68453,53
68464,49
68477,93
68494,67
68500,64
68545,46
68565,67
68573,95
68593,75
68617,78
68626,39
68628,65
68647,55
68782,71
68788,57
68793,46
68796,70
68797,81
68812,44
68813,55
68845,44
68878,46
68891,47
68913,57
68922,40
68933,51
68946,109
68980,41
69024,49
69028,58
69087,59
69103,46
69169,79
69184,70
69187,51
69188,20
69213,84
69231,50
69252,58
69267,60
69328,61
69329,52
69375,74
69407,59
69424,84
69434,65
69436,65
69467,62
69472,61
69482,49
69538,62
69593,60
69600,64
69615,84
69617,40
69622,72
69650,40
69674,60
69698,49
69719,51
69740,59
69756,53
69765,69
69771,16
69773,76
69774,54
69789,72
69864,31
69903,70
69905,65
69989,46
69994,47
69997,38
70002,35
70009,46
70019,58
70048,72
70049,73
70083,58
70086,82
70107,56
70118,52
70147,64
70162,82
70197,57
70204,67
70214,30
70227,36
70260,100
70262,62
70329,93
70353,64
70356,51
70372,59
70387,73
70416,69
70445,42
70487,85
70544,87
70545,62
70562,63
70567,59
70594,82
70595,66
70610,52
70616,55
70661,79
70670,65
70737,95
70749,57
70772,48
70815,57
70827,50
70868,72
70897,17
70955,50
70965,49
70989,46
71016,30
71032,33
71034,71
71041,79
71047,34
71057,71
71067,72
71138,67
71252,29
71270,58
71314,45
71348,98
71372,66
71377,85
71388,38
71432,43
71433,63
71449,69
71481,65
71497,61
71500,51
71502,40
71566,57
71603,83
71632,43
71646,33
71662,57
71666,26
71695,67
71744,56
71758,72
71796,40
71852,56
71873,71
71874,48
71908,54
71911,83
71930,50
71946,48
71986,38
72000,65
72013,65
72014,33
72018,35
72111,56
72130,32
72143,66
72163,61
72175,70
72210,69
72308,48
72315,36
72316,72
72333,93
72357,89
72391,46
72397,78
72449,85
72455,83
72469,38
72476,82
72527,26
72562,54
72566,38
72579,94
72586,79
72635,53
72656,59
72687,76
72715,68
72721,38
72747,63
72764,35
72774,34
72828,46
72835,82
72841,42
72876,83
72889,75
72890,58
73181,89
73186,78
73242,64
73279,52
73312,63
73344,93
73350,61
73405,82
73427,34
73471,93
73491,85
73505,70
73597,33
73600,23
73662,59
73706,36
73708,40
73716,57
73720,50
73738,58
73742,31
73782,70
73852,99
73859,101
73864,10
73871,59
73872,60
73877,67
73923,67
73941,61
74000,57
74001,20
74040,111
74043,38
74054,67
74067,94
74077,79
74090,46
74098,74
74146,56
74147,53
74182,45
74204,44
74211,40
74213,82
74216,59
74234,40
74252,40
74292,82
74298,88
74308,54
74337,78
74355,43
74356,60
74391,36
74392,94
74419,78
74434,52
74456,34
74457,89
74473,54
74564,66
74593,76
74595,51
74640,57
74677,64
74714,73
74734,69
74735,69
74747,61
74758,53
74760,72
74839,86
74882,68
74898,45
74933,37
74937,40
74938,56
74951,79
74957,62
75002,61
75019,68
75022,112
75039,76
75068,59
75100,71
75132,47
75221,68
75231,54
75239,98
75292,78
75328,53
75340,73
75359,75
75394,72
75530,70
75564,67
75577,60
75579,52
75586,48
75588,83
75598,43
75662,40
75676,42
75682,54
75691,85
75692,95
75708,36
75783,89
75813,42
75845,59
75856,73
75873,47
75904,66
75905,71
75923,73
75924,87
75939,40
75953,69
75995,68
76023,27
76029,73
76037,88
76048,84
76171,70
76179,39
76254,78
76291,39
76299,70
76316,67
76335,65
76373,64
76379,61
76405,47
76483,81
76486,67
76490,70
76491,22
76493,58
76500,68
76535,39
76542,71
76571,61
76609,60
76645,35
76728,72
76744,54
76765,63
76772,92
76789,47
76805,98
76920,50
76946,60
76996,78
77050,72
77071,26
77104,42
77121,6
77122,46
77141,52
77153,60
77178,75
77202,56
77211,58
77212,58
77243,60
77262,60
77273,66
77320,75
77327,66
77330,59
77340,81
77341,34
77360,82
77361,60
77432,59
77478,52
77507,41
77516,56
77525,82
77535,70
77569,63
77574,72
77589,41
77628,31
77638,81
77662,70
77688,95
77713,84
77727,29
77810,72
77813,24
77852,61
77867,82
77889,67
77901,45
77917,99
77921,49
77948,74
77959,78
77967,65
77969,64
78003,88
78009,82
78022,59
78045,30
78046,81
78111,59
78130,47
78143,49
78180,65
78227,87
78240,74
78247,59
78263,37
78274,57
78334,52
78339,47
78375,23
78395,55
78402,55
78403,49
78414,56
78417,60
78451,86
78500,44
78522,69
78535,47
78544,67
78549,42
78572,64
78573,58
78574,88
78577,52
78588,69
78598,89
78635,43
78670,59
78699,45
78738,72
78817,56
78818,51
78825,54
78835,56
78844,21
78900,51
78919,28
78948,49
79005,50
79023,78
79053,44
79141,23
79203,52
79214,83
79236,72
79294,70
79325,59
79357,75
79370,63
79371,71
79404,52
79410,46
79412,63
79413,68
79427,42
79428,78
79443,80
79506,18
79560,77
79570,54
79579,88
79593,49
79616,40
79623,78
79640,65
79641,35
79642,60
79658,19
79667,78
79677,43
79703,88
79757,84
79762,81
79788,67
79795,64
79797,49
79819,66
79854,75
79945,68
79948,55
79973,83
80002,84
80003,37
80023,42
80036,52
80039,37
80048,69
80059,58
80071,71
80074,98
80108,53
80113,79
80122,85
80123,88
80126,93
80146,92
80163,93
80174,54
80239,35
80251,54
80280,66
80314,66
80317,36
80370,69
80374,93
80378,88
80398,93
80403,66
80404,76
80420,58
80426,58
80454,72
80499,61
80503,86
80514,57
80522,71
80538,82
80550,62
80561,75
80567,39
80597,65
80608,60
80611,53
80639,61
80644,63
80685,70
80689,68
80691,51
80699,77
80730,80
80733,69
80751,89
80784,35
80797,62
80871,77
80906,56
80909,102
80941,31
80947,45
80964,65
80997,57
81043,65
81063,52
81083,69
81122,52
81149,59
81162,98
81181,54
81195,50
81206,83
81211,72
81221,92
81235,43
81250,37
81269,68
81303,80
81320,33
81330,54
81331,19
81368,93
81391,46
81411,48
81417,43
81439,79
81448,91
81457,71
81471,58
81472,85
81476,55
81478,39
81481,56
81485,79
81500,74
81501,52
81551,77
81563,60
81567,48
81614,65
81615,43
81624,61
81628,62
81653,52
81690,55
81694,55
81708,70
81761,73
81792,35
81793,76
81806,6
81811,81
81849,42
81889,72
81892,48
81896,65
81940,55
82006,25
82015,28
82017,55
82043,76
82058,55
82061,71
82075,63
82081,62
82082,89
82084,48
82099,42
82131,37
82136,31
82150,73
82158,68
82163,52
82177,70
82179,52
82184,56
82233,58
82242,33
82260,69
82314,98
82315,60
82334,30
82366,42
82441,48
82461,40
82463,39
82483,48
82485,103
82532,104
82551,61
82552,79
82561,30
82574,36
82578,63
82587,72
82604,41
82624,36
82642,60
82648,50
82649,78
82667,30
82697,61
82703,65
82738,93
82750,76
82768,62
82790,84
82825,67
82832,73
82837,46
82854,56
82867,56
82900,33
82908,38
82941,77
82942,13
82967,65
82971,21
82992,75
83018,54
83036,67
83039,54
83103,101
83113,74
83114,46
83128,58
83135,74
83158,79
83160,78
83162,65
83279,61
83290,53
83293,60
83294,76
83310,66
83346,80
83374,39
83501,69
83567,67
83571,58
83583,65
83590,68
83616,57
83635,107
83671,72
83738,55
83774,49
83779,81
83791,44
83865,18
83890,60
83902,37
83904,45
83933,70
83959,84
84022,35
84031,45
84044,33
84051,50
84065,78
84093,99
84126,28
84127,77
84137,43
84152,64
84153,64
84173,78
84177,35
84204,72
84211,37
84235,68
84238,82
84241,64
84242,99
84268,70
84320,95
84336,72
84358,72
84445,86
84485,58
84488,25
84504,54
84526,44
84548,28
84569,34
84578,72
84581,40
84602,42
84647,72
84657,77
84685,56
84721,41
84726,50
84730,51
84743,49
84765,71
84766,47
84769,65
84809,84
84850,66
84863,54
84866,30
84869,102
84923,34
84995,53
85005,41
85012,60
85042,46
85052,68
85053,48
85055,56
85061,69
85066,44
85071,47
85072,64
85092,1
85099,65
85129,55
85134,102
85179,53
85189,66
85192,59
85267,66
85272,89
85298,52
85299,69
85317,55
85352,66
85372,40
85381,35
85442,51
85449,73
85564,53
85573,62
85623,60
85632,41
85636,67
85637,85
85639,53
85642,77
85664,99
85671,49
85724,98
85797,92
85817,25
85828,77
85867,57
85882,77
85899,69
85942,63
85978,62
85984,53
85993,63
86020,54
86042,69
86078,29
86131,54
86134,81
86143,98
86146,54
86173,61
86182,71
86186,83
86239,44
86249,49
86254,49
86263,71
86284,72
86301,67
86307,61
86308,79
86339,65
86368,49
86393,83
86394,58
86433,79
86461,64
86476,61
86564,69
86574,49
86609,65
86612,66
86621,38
86634,31
86650,35
86689,53
86702,62
86707,42
86755,52
86768,65
86792,47
86846,82
86880,73
86902,14
86933,64
86934,75
86935,58
86951,75
87006,106
87010,47
87047,97
87066,48
87092,69
87108,65
87120,35
87145,53
87146,59
87172,75
87228,39
87264,66
87268,68
87279,54
87295,61
87304,48
87308,82
87327,34
87350,30
87375,98
87401,60
87403,84
87452,43
87478,66
87502,38
87507,30
87561,69
87571,44
87607,54
87614,39
87632,57
87648,67
87652,60
87653,67
87755,69
87819,67
87862,70
87864,22
87879,80
87905,64
87909,55
87919,85
87925,48
87929,59
87933,54
87944,59
87950,34
87957,65
87959,62
87966,70
87975,79
87976,76
88015,80
88030,51
88040,80
88071,65
88123,74
88143,78
88177,32
88208,60
88226,46
88234,44
88239,67
88245,24
88262,53
88274,45
88306,90
88317,54
88318,101
88333,104
88359,46
88421,75
88424,38
88451,56
88507,63
88510,55
88538,57
88539,66
88545,43
88576,45
88584,20
88654,74
88658,55
88659,52
88661,44
88720,68
88740,53
88762,42
88785,47
88809,64
88812,68
88823,68
88846,48
88872,29
88879,89
88886,68
88892,78
88904,44
88941,40
88978,49
88981,68
89043,33
89053,72
89069,70
89081,75
89125,77
89135,42
89137,35
89155,66
89158,62
89180,58
89181,59
89227,62
89287,76
89294,45
89321,59
89324,79
89361,43
89373,59
89392,68
89408,60
89434,34
89443,82
89448,61
89465,65
89487,57
89515,47
89516,48
89523,60
89524,70
89545,69
89563,77
89588,62
89609,20
89709,54
89750,70
89775,80
89793,58
89816,69
89820,73
89859,29
89862,103
89898,73
89920,55
89925,52
89969,67
89970,66
89976,33
90005,51
90025,67
90026,84
90042,81
90049,18
90065,63
90118,54
90120,70
90170,82
90205,78
90217,65
90224,81
90231,29
90243,72
90278,74
90284,50
90307,104
90341,38
90355,26
90361,61
90387,48
90392,72
90396,94
90405,58
90417,86
90478,59
90557,75
90602,45
90610,56
90618,64
90649,59
90665,75
90670,36
90679,53
90727,47
90805,36
90873,79
90893,75
90936,42
90938,31
90976,37
90985,1
90990,61
91048,66
91066,53
91078,69
91131,65
91133,52
91134,83
91156,72
91204,68
91205,47
91210,32
91212,70
91272,59
91275,80
91280,58
91294,61
91301,59
91319,44
91345,36
91349,77
91358,67
91369,83
91380,84
91397,79
91398,81
91445,75
91464,86
91487,41
91498,46
91558,87
91582,101
91602,54
91612,44
91615,89
91616,75
91657,73
91679,44
91786,78
91803,52
91807,61
91839,38
91841,76
91844,52
91859,41
91880,46
91886,43
91888,66
91896,75
91901,53
91909,60
91924,78
91961,44
91971,40
91978,65
92008,56
92028,63
92033,69
92046,41
92048,66
92067,77
92075,56
92083,45
92095,43
92101,72
92181,49
92184,17
92220,65
92239,49
92292,52
92350,83
92356,53
92373,36
92374,57
92418,53
92458,54
92490,53
92553,50
92555,41
92556,59
92567,44
92585,63
92616,50
92626,71
92655,49
92657,36
92664,63
92666,59
92693,60
92794,47
92797,22
92805,61
92853,66
92858,74
92866,92
92867,42
92882,51
92906,74
92931,56
92944,38
92961,40
93015,46
93035,77
93089,61
93120,54
93136,100
93145,77
93150,95
93186,76
93190,43
93193,65
93206,45
93207,72
93222,41
93224,56
93241,49
93248,83
93264,14
93283,67
93341,33
93342,84
93379,61
93409,94
93474,48
93486,42
93520,72
93521,104
93538,64
93539,34
93558,29
93607,84
93635,86
93650,96
93662,43
93703,27
93744,68
93760,87
93795,28
93816,50
93821,49
93825,48
93837,59
93886,65
93903,72
93926,37
94018,30
94030,60
94036,40
94042,97
94052,32
94053,63
94054,45
94084,70
94085,66
94106,85
94120,71
94148,41
94176,105
94191,89
94192,66
94224,74
94243,61
94278,11
94282,82
94287,50
94288,59
94314,73
94359,75
94360,25
94377,43
94378,45
94395,60
94398,64
94416,69
94425,83
94431,58
94433,66
94443,36
94522,76
94573,18
94575,101
94576,64
94625,63
94627,40
94638,64
94641,74
94647,71
94684,51
94700,91
94707,44
94740,63
94829,68
94849,88
94870,7
94876,75
94898,39
94905,71
94926,54
94959,44
94992,48
95010,63
95016,98
95021,57
95022,67
95026,63
95044,58
95068,33
95072,72
95097,64
95101,28
95195,62
95205,92
95238,69
95243,85
95248,82
95249,60
95273,62
95276,79
95287,12
95299,43
95302,36
95317,31
95320,81
95331,67
95349,76
95351,73
95373,63
95405,40
95420,53
95481,49
95482,56
95503,72
95514,64
95540,68
95544,43
95570,62
95590,29
95591,53
95592,89
95624,39
95630,50
95648,66
95651,62
95655,43
95664,81
95727,20
95729,85
95803,44
95844,68
95853,67
95861,45
95863,86
95865,83
95866,60
95927,55
95959,56
95968,51
95977,84
96059,91
96072,71
96086,84
96104,34
96115,65
96116,67
96118,46
96128,48
96148,72
96171,54
96172,71
96206,71
96240,27
96290,83
96308,82
96311,42
96364,38
96365,89
96372,51
96385,7
96386,47
96393,42
96403,71
96407,38
96415,67
96435,100
96438,75
96452,73
96454,77
96456,62
96466,77
96491,58
96511,79
96528,34
96597,40
96626,46
96641,70
96677,86
96694,56
96715,57
96720,42
96750,45
96811,62
96816,61
96829,88
96843,52
96925,54
96935,52
96946,119
96959,46
96962,55
97022,55
97050,68
97084,86
97090,67
97126,27
97138,52
97155,36
97210,50
97271,84
97282,87
97283,71
97288,50
97340,73
97350,75
97351,72
97378,62
97390,40
97412,50
97416,68
97451,82
97473,60
97610,97
97632,67
97633,37
97639,29
97643,56
97644,59
97683,48
97710,20
97711,48
97778,65
97874,59
97906,51
97956,94
98029,95
98055,70
98056,67
98068,46
98083,63
98130,66
98190,38
98253,68
98283,64
98314,50
98320,81
98341,72
98342,54
98344,90
98449,65
98457,49
98470,83
98515,43
98543,41
98557,80
98620,54
98692,62
98707,69
98748,32
98749,58
98767,39
98791,53
98801,85
98811,68
98824,30
98832,60
98909,43
98935,41
98938,50
98969,49
98977,54
99013,82
99100,77
99158,63
99175,79
99181,47
99208,84
99231,62
99236,89
99257,76
99284,53
99285,37
99327,51
99355,89
99359,70
99372,89
99380,65
99395,102
99404,63
99406,36
99428,43
99438,39
99493,44
99496,57
99581,13
99606,70
99615,42
99650,43
99659,74
99662,80
99726,61
99744,52
99794,40
99816,21
99858,46
99872,70
99878,45
99890,47
99921,50
99940,66
99957,56
99988,61
100026,93
100062,33
100064,49
100066,35
100101,66
100122,95
100123,49
100136,32
100193,57
100196,46
100216,72
100245,61
100246,68
100264,59
100287,89
100294,60
100326,99
100380,52
100404,57
100463,47
100469,49
100505,78
100513,37
100537,80
100564,43
100589,58
100609,62
100617,75
100631,71
100678,37
100698,32
100711,88
100717,91
100718,48
100737,89
100755,57
100782,56
100813,61
100815,54
100821,73
100835,48
100851,52
100893,25
100897,57
100908,18
100921,65
100938,58
100967,26
100989,64
100999,47
101001,99
101055,50
101075,51
101089,78
101126,41
101178,40
101183,45
101202,71
101205,60
101241,55
101280,64
101316,26
101351,63
101435,72
101503,60
101524,53
101538,84
101606,60
101607,59
101634,45
101679,55
101719,29
101720,64
101750,30
101769,64
101850,81
101898,52
101943,70
101948,40
101979,97
101980,81
102021,62
102078,57
102079,59
102099,66
102100,51
102222,67
102252,52
102301,28
102306,104
102322,68
102334,60
102339,59
102362,42
102383,76
102450,54
102554,68
102557,67
102561,102
102635,66
102638,47
102646,56
102659,53
102694,63
102698,68
102733,53
102767,51
102770,86
102778,33
102782,69
102814,83
102823,78
102824,48
102826,54
102828,82
102838,40
102865,54
102904,79
102954,29
103003,52
103007,68
103028,80
103073,78
103076,55
103093,52
103140,71
103154,76
103164,38
103190,70
103192,76
103193,72
103209,90
103211,50
103217,67
103225,68
103229,50
103234,54
103303,40
103314,60
103318,79
103338,80
103342,69
103377,33
103394,101
103400,31
103405,68
103425,40
103440,28
103443,66
103449,67
103463,71
103466,52
103509,80
103529,72
103543,96
103546,49
103575,64
103576,49
103614,56
103647,64
103655,40
103668,78
103686,51
103691,59
103778,49
103802,72
103877,44
103909,43
103915,33
103972,35
104017,52
104019,25
104040,61
104068,56
104086,36
104113,78
104119,59
104121,54
104169,49
104223,46
104242,75
104272,62
104294,72
104296,59
104344,48
104374,54
104401,76
104466,15
104471,80
104502,32
104512,81
104517,63
104520,114
104526,38
104530,78
104550,62
104558,50
104569,89
104570,41
104571,58
104572,33
104587,61
104591,67
104608,63
104619,55
104664,33
104682,41
104714,34
104731,39
104739,48
104741,90
104750,70
104819,83
104850,65
104857,62
104889,55
104904,81
104924,32
104964,72
104967,36
104991,85
104993,91
104996,66
105073,69
105081,65
105082,72
105099,60
105102,67
105106,79
105151,25
105193,43
105205,85
105214,87
105223,78
105224,22
105233,65
105253,86
105260,31
105267,51
105298,41
105299,90
105322,52
105344,44
105360,63
105402,47
105407,72
105458,46
105487,46
105514,88
105593,31
105654,52
105694,78
105708,66
105734,71
105737,67
105770,53
105777,72
105778,62
105793,31
105803,49
105808,49
105885,48
105893,54
105959,55
105964,72
105972,46
105980,77
106020,54
106026,34
106036,46
106060,42
106084,45
106100,94
106113,38
106136,72
106142,104
106153,81
106190,71
106196,24
106202,75
106203,44
106259,86
106283,56
106292,28
106313,53
106321,74
106328,70
106358,47
106383,59
106418,72
106422,69
106436,81
106454,77
106458,49
106466,46
106500,74
106522,62
106598,14
106639,57
106672,75
106675,57
106693,50
106720,63
106741,43
106746,46
106755,73
106777,33
106787,66
106837,46
106847,58
106853,63
106896,52
106925,71
106930,60
106934,48
106936,20
106941,57
106945,53
106963,76
107023,65
107028,55
107034,43
107102,60
107174,67
107176,56
107186,64
107227,110
107241,74
107258,66
107280,29
107305,49
107312,63
107359,25
107372,43
107386,53
107395,32
107407,74
107408,50
107428,84
107445,67
107462,43
107485,71
107509,71
107538,59
107555,79
107563,58
107568,34
107603,89
107643,33
107670,76
107677,55
107698,68
107716,59
107734,55
107741,62
107816,42
107832,77
107840,69
107884,46
107895,40
107915,35
107949,53
107952,96
107973,49
108005,60
108009,51
108047,32
108096,74
108098,36
108131,43
108133,82
108142,53
108152,76
108159,29
108197,84
108243,59
108247,39
108257,28
108314,74
108361,66
108385,58
108439,56
108469,61
108470,79
108615,46
108625,43
108628,61
108683,45
108705,64
108717,80
108790,81
108825,29
108893,57
108945,50
108955,46
108967,56
109031,55
109044,53
109061,92
109071,28
109074,82
109141,75
109163,49
109193,97
109203,41
109235,64
109274,68
109279,56
109310,81
109315,82
109354,59
109418,87
109455,26
109540,94
109551,43
109566,55
109674,46
109711,43
109735,78
109750,27
109786,33
109792,30
109804,33
109814,47
109856,65
109865,63
109880,86
109909,66
109919,66
109947,54
109994,77
110006,54
110020,74
110084,78
110086,60
110090,62
110125,82
110126,55
110137,110
110210,41
110245,55
110269,65
110275,61
110287,94
110288,61
110290,84
110302,42
110321,70
110329,100
110344,58
110401,57
110402,66
110410,51
110421,82
110462,61
110503,64
110506,67
110520,56
110526,83
110533,70
110534,79
110537,79
110575,67
110597,54
110661,59
110666,56
110672,32
110673,73
110675,39
110710,41
110734,55
110753,53
110757,48
110771,37
110774,41
110824,78
110865,95
110938,34
110939,41
110949,32
110968,69
110992,36
110999,66
111022,53
111081,60
111093,64
111097,50
111102,51
111110,101
111111,78
111135,61
111214,33
111220,65
111283,97
111334,87
111362,88
111371,86
111390,46
111397,49
111399,72
111406,53
111410,53
111452,64
111462,49
111524,62
111531,79
111543,53
111559,93
111585,58
111597,73
111607,44
111615,59
111636,84
111666,61
111670,67
111673,47
111686,62
111689,25
111691,69
111694,80
111729,21
111751,63
111760,58
111767,77
111768,60
111790,75
111796,53
111798,41
111826,45
111848,44
111884,59
111891,87
111911,30
111932,80
111945,65
111989,52
111992,36
111998,61
112036,60
112050,57
112061,54
112069,84
112091,53
112103,63
112104,52
112117,54
112138,41
112189,73
112201,50
112226,87
112264,72
112268,86
112399,64
112407,37
112497,31
112569,48
112588,44
112605,66
112631,38
112655,59
112675,69
112676,45
112685,86
112712,78
112720,80
112752,89
112756,86
112758,97
112764,79
112900,43
112903,44
112955,28
112968,59
112992,64
112993,45
112995,40
113001,54
113005,49
113023,52
113033,36
113041,65
113072,57
113101,58
113107,47
113112,37
113124,79
113127,63
113130,76
113150,19
113178,85
113222,42
113246,59
113247,74
113248,71
113262,66
113274,82
113290,71
113311,67
113322,51
113347,91
113396,47
113415,78
113460,65
113462,74
113519,52
113570,48
113571,68
113583,46
113586,58
113609,39
113616,47
113623,87
113635,60
113671,37
113705,54
113712,90
113721,38
113738,58
113766,46
113795,64
113804,37
113818,38
113832,65
113849,92
113855,46
113871,89
113900,73
113906,49
113913,70
113933,60
113947,89
113965,96
113993,77
114012,48
114017,45
114036,58
114089,53
114096,47
114116,58
114120,59
114124,80
114174,38
114178,46
114187,69
114193,95
114198,70
114213,64
114239,81
114240,48
114249,66
114261,92
114399,43
114495,77
114581,41
114583,95
114588,35
114589,48
114597,75
114605,63
114630,35
114694,78
114718,44
114740,59
114775,65
114782,91
114811,65
114822,70
114830,43
114840,35
114870,35
114871,62
114896,48
114945,86
115027,94
115043,78
115049,60
115054,42
115065,57
115086,65
115106,69
115122,76
115133,86
115171,40
115172,59
115187,61
115189,48
115203,59
115230,64
115238,46
115239,94
115267,41
115269,54
115286,52
115305,72
115309,43
115329,59
115367,68
115369,53
115370,71
115371,61
115390,80
115394,65
115395,36
115432,48
115437,82
115446,37
115459,32
115479,46
115497,49
115498,48
115508,65
115514,24
115559,41
115617,53
115620,71
115624,68
115672,16
115706,54
115716,52
115726,82
115728,45
115744,55
115758,53
115761,53
115770,61
115844,21
115851,76
115860,83
115904,34
115931,44
115937,33
115938,74
116003,53
116008,43
116010,60
116011,59
116015,57
116017,62
116018,53
116019,46
116049,58
116060,46
116070,84
116071,33
116072,61
116107,53
116155,67
116164,35
116176,64
116191,45
116195,77
116196,93
116242,39
116244,75
116247,94
116278,51
116307,27
116316,94
116317,46
116335,90
116342,49
116348,85
116354,49
116357,79
116383,69
116459,82
116492,27
116509,79
116580,60
116581,32
116583,62
116634,39
116635,78
116653,82
116659,73
116682,60
116718,58
116753,20
116759,46
116809,45
116824,64
116832,88
116851,43
116857,78
116865,64
116870,96
116882,51
116897,60
116901,97
116911,38
116919,60
116948,24
116974,71
117031,86
117033,50
117064,53
117087,81
117088,75
117107,68
117131,73
117138,90
117143,65
117144,72
117167,51
117180,69
117189,38
117195,18
117213,56
117266,67
117269,43
117293,91
117330,75
117352,81
117369,42
117398,61
117408,47
117420,38
117421,37
117469,48
117481,61
117508,79
117518,51
117539,62
117543,52
117592,68
117593,77
117602,15
117625,53
117655,41
117687,41
117729,59
117766,66
117769,55
117788,67
117825,46
117848,68
117982,71
117984,67
117986,92
117987,62
117996,75
117997,64
118045,58
118056,77
118077,61
118082,56
118107,65
118115,64
118127,61
118218,61
118223,37
118230,60
118235,85
118288,83
118302,43
118312,46
118314,85
118331,52
118361,81
118389,60
118420,43
118422,68
118423,56
118427,42
118432,108
118467,39
118495,48
118500,87
118520,79
118543,71
118588,51
118599,58
118601,64
118634,40
118677,72
118702,80
118783,73
118821,98
118834,50
118851,47
118879,62
118918,35
118924,51
118979,54
118989,70
118999,62
119001,50
119037,53
119048,59
119059,76
119073,57
119078,48
119117,91
119120,60
119183,96
119197,76
119208,63
119285,56
119312,54
119326,57
119340,61
119351,45
119355,39
119360,91
119391,47
119405,70
119481,58
119587,68
119590,50
119602,37
119630,50
119643,80
119644,56
119647,66
119676,82
119766,67
119768,56
119777,85
119786,44
119795,62
119799,82
119813,41
119817,45
119865,72
119892,63
119893,43
119897,90
119911,72
119918,62
119929,55
119973,70
119997,61
120011,31
120014,82
120022,47
120028,50
120066,65
120068,87
120088,58
120089,60
120100,36
120101,68
120109,61
120110,79
120111,56
120135,66
120152,84
120224,64
120256,63
120291,80
120393,60
120430,41
120439,82
120470,70
120482,98
120505,35
120507,77
120526,94
120563,60
120600,39
120627,84
120636,27
120650,66
120655,80
120659,81
120702,28
120779,61
120803,75
120832,81
120892,59
120979,76
121063,5
121080,82
121108,54
121118,47
121122,76
121182,31
121219,33
121373,70
121386,58
121397,53
121446,55
121468,30
121490,59
121497,64
121542,53
121559,31
121561,55
121645,48
121667,59
121715,89
121729,74
121735,40
121736,58
121749,67
121761,58
121763,66
121777,74
121781,70
121803,50
121823,92
121826,71
121860,74
121864,51
121895,55
121900,55
121912,57
121914,43
121934,39
121938,42
121946,47
121951,73
121952,56
121968,47
121979,50
121983,79
122015,87
122026,53
122029,52
122051,71
122055,57
122063,25
122064,39
122069,40
122081,27
122099,43
122119,69
122132,34
122145,49
122181,42
122213,64
122229,17
122239,47
122265,42
122291,60
122308,56
122375,60
122398,61
122399,66
122414,90
122416,39
122457,46
122489,82
122496,107
122512,66
122519,35
122524,66
122526,57
122542,55
122559,69
122572,49
122718,88
122742,44
122938,50
122963,54
122994,62
122998,80
123049,49
123064,64
123110,73
123118,44
123123,77
123137,68
123143,61
123155,53
123191,56
123216,39
123277,40
123295,73
123318,56
123368,66
123381,47
123417,75
123438,26
123515,51
123578,93
123602,15
123640,61
123659,63
123663,75
123667,51
123705,18
123727,48
123735,67
123771,61
123776,80
123786,75
123805,79
123849,42
123852,56
123865,73
123886,59
123898,60
123914,63
123936,43
123948,79
124006,29
124059,55
124070,57
124135,61
124148,61
124155,38
124213,58
124223,71
124235,27
124250,47
124270,60
124294,44
124345,55
124383,49
124427,59
124428,43
124442,77
124452,72
124548,81
124549,66
124560,53
124572,71
124575,73
124580,44
124590,72
124610,59
124618,46
124622,60
124625,67
124638,17
124648,32
124675,68
124692,65
124698,62
124722,73
124724,55
124726,63
124742,44
124768,74
124808,77
124815,64
124822,25
124826,54
124828,63
124831,68
124840,76
124866,71
124900,56
124935,75
124977,52
124979,70
125019,69
125030,55
125064,79
125127,58
125138,77
125144,51
125145,56
125150,86
125173,63
125203,87
125216,84
125217,84
125229,53
125239,72
125253,22
125277,42
125290,48
125298,98
125302,57
125313,70
125338,55
125349,102
125367,62
125410,54
125431,51
125463,47
125477,84
125486,42
125502,69
125507,63
125508,72
125518,56
125536,41
125562,92
125571,62
125594,64
125629,56
125655,60
125695,82
125702,63
125706,63
125779,52
125798,68
125801,76
125830,64
125868,89
125869,37
125879,66
125911,47
125912,45
125918,70
125927,49
125950,44
126019,106
126030,70
126073,34
126121,34
126133,49
126164,41
126169,59
126208,54
126314,63
126381,66
126415,69
126417,50
126435,66
126454,62
126469,75
126554,55
126603,79
126650,78
126670,42
126678,82
126681,61
126721,51
126722,72
126725,73
126807,56
126850,5
126851,57
126860,65
126882,89
126884,52
126903,64
126909,61
126921,61
126946,46
126951,49
127000,25
127033,43
127081,59
127092,54
127100,52
127174,77
127239,86
127263,66
127304,52
127320,63
127321,51
127342,98
127370,34
127376,36
127408,50
127409,89
127428,77
127429,49
127434,59
127435,85
127457,95
127474,73
127476,74
127477,78
127507,72
127510,52
127514,71
127534,88
127552,82
127556,49
127566,53
127568,66
127589,58
127606,54
127624,59
127625,36
127658,48
127660,57
127708,72
127741,41
127762,44
127812,96
127905,41
127924,58
127950,1
127951,46
128013,73
128059,67
128061,27
128104,61
128109,69
128149,68
128152,93
128161,60
128178,81
128262,46
128279,73
128290,64
128292,89
128298,64
128309,23
128343,70
128380,27
128415,69
128420,57
128423,80
128450,46
128463,55
128466,50
128479,61
128495,29
128515,31
128546,43
128563,68
128567,47
128608,68
128611,60
128617,40
128637,49
128643,52
128673,29
128680,74
128699,73
128718,74
128719,79
128722,60
128731,35
128737,61
128738,50
128770,38
128777,57
128785,76
128786,70
128807,76
128809,86
128817,72
128854,81
128862,47
128882,78
128935,74
128979,49
129008,95
129014,67
129027,37
129028,75
129067,75
129068,80
129073,41
129087,70
129105,43
129106,88
129113,44
129131,75
129155,68
129159,68
129204,68
129220,53
129303,65
129337,84
129352,52
129399,60
129428,74
129441,51
129472,56
129499,76
129505,62
129516,39
129526,33
129542,29
129543,53
129552,91
129596,89
129604,59
129615,75
129624,66
129630,47
129657,70
129706,57
129742,36
129814,62
129837,62
129872,79
129925,72
129930,68
129939,69
129945,88
129969,69
130083,49
130097,61
130110,26
130144,40
130146,72
130253,49
130271,96
130283,65
130301,64
130328,47
130382,78
130385,63
130386,89
130396,57
130425,51
130455,76
130512,74
130531,61
130551,35
130563,104
130573,63
130599,88
130620,34
130653,59
130654,54
130677,71
130678,57
130683,31
130699,78
130759,57
130760,48
130777,50
130782,62
130824,74
130837,57
130853,63
130861,64
130889,39
130912,71
130929,38
130936,89
130951,54
130952,34
130957,64
130964,79
130989,98
131009,72
131027,49
131032,75
131040,56
131045,80
131082,64
131083,61
131084,47
131137,32
131153,55
131173,61
131193,45
131206,40
131224,52
131227,70
131265,28
131291,60
131293,65
131316,50
131323,83
131330,46
131451,56
131459,40
131512,70
131529,40
131531,15
131579,76
131587,44
131598,49
131621,80
131632,38
131658,48
131696,65
131733,47
131757,53
131760,68
131835,61
131840,58
131864,100
131883,53
131887,69
131911,54
131948,60
132015,79
132044,40
132088,76
132098,83
132113,38
132122,52
132161,76
132191,67
132268,43
132296,60
132357,61
132373,69
132388,48
132393,39
132401,40
132426,66
132436,71
132466,87
132490,7
132530,60
132579,55
132583,66
132593,47
132630,65
132649,94
132651,58
132678,67
132737,29
132742,38
132757,42
132764,63
132771,46
132772,83
132804,31
132810,40
132818,61
132819,65
132895,83
132943,49
132955,46
133069,28
133080,64
133088,61
133103,56
133196,87
133199,59
133212,63
133218,71
133239,42
133255,111
133278,72
133312,79
133335,43
133359,77
133365,64
133380,67
133387,64
133399,55
133412,68
133437,99
133442,70
133449,62
133460,58
133486,47
133487,38
133495,78
133497,64
133504,97
133568,66
133569,65
133572,55
133575,34
133602,49
133638,65
133640,90
133662,23
133715,82
133729,62
133730,71
133739,75
133743,62
133772,62
133785,80
133842,64
133849,66
133852,62
133874,13
133903,54
133905,59
133910,91
133911,68
133914,40
133920,68
133934,67
133938,71
133960,85
133993,67
134037,59
134055,68
134060,51
134069,65
134199,17
134210,47
134229,80
134231,40
134248,66
134253,56
134282,63
134303,111
134329,70
134340,57
134353,89
134363,89
134404,52
134405,91
134412,43
134420,72
134442,12
134443,66
134448,39
134459,50
134479,67
134500,54
134540,77
134559,53
134574,62
134600,35
134666,85
134692,45
134747,43
134754,75
134796,61
134820,59
134827,67
134843,81
134851,46
134890,66
134901,58
134905,44
134906,96
134954,25
134958,60
135006,87
135066,68
135068,70
135074,90
135091,66
135092,24
135094,77
135101,54
135124,54
135128,68
135137,32
135147,23
135150,65
135173,53
135189,45
135193,60
135327,46
135345,53
135365,58
135367,67
135373,58
135380,25
135387,83
135431,66
135435,32
135466,76
135644,73
135713,49
135779,47
135781,58
135807,52
135834,110
135846,12
135866,56
135881,78
135886,71
135907,44
135938,56
135939,75
135943,56
135990,59
136004,61
136018,33
136023,60
136029,66
136030,66
136038,83
136052,74
136058,59
136083,54
136129,52
136134,62
136142,43
136174,51
136204,42
136260,44
136291,62
136351,35
136358,31
136359,82
136383,48
136403,65
136424,41
136432,50
136435,61
136462,37
136515,89
136517,43
136564,71
136605,71
136673,74
136694,27
136702,55
136714,84
136729,47
136745,63
136767,53
136783,78
136788,98
136833,8
136864,60
136892,58
136918,75
136926,30
136944,39
137058,66
137094,68
137118,34
137159,34
137178,53
137199,52
137203,45
137209,52
137214,25
137241,93
137242,80
137255,89
137259,65
137342,54
137349,47
137359,41
137365,42
137368,65
137375,71
137403,66
137404,62
137436,65
137437,70
137466,84
137476,49
137480,73
137490,39
137517,80
137613,87
137623,57
137627,89
137643,45
137677,38
137687,61
137689,25
137701,55
137717,65
137746,32
137758,68
137761,90
137820,44
137834,59
137866,57
137879,50
137896,41
137900,65
137905,56
137906,45
137917,63
137919,65
137934,51
137941,57
137943,67
137947,70
137953,48
137955,60
137968,87
137987,40
138004,54
138015,72
138024,84
138063,54
138166,70
138216,69
138217,76
138245,98
138331,43
138358,84
138425,50
138448,75
138449,61
138477,60
138480,61
138483,115
138492,46
138563,44
138564,47
138580,58
138599,44
138652,68
138672,60
138681,76
138684,40
138701,49
138708,63
138754,82
138790,51
138817,22
138824,49
138834,39
138890,64
138899,76
138901,65
138933,52
138936,52
138938,78
138952,56
138964,91
139026,71
139027,51
139060,39
139067,58
139094,66
139115,66
139143,58
139146,63
139172,47
139181,77
139197,25
139245,37
139278,82
139299,42
139300,54
139323,70
139338,51
139428,33
139437,57
139470,39
139475,76
139501,39
139540,68
139541,59
139548,65
139577,64
139587,70
139588,49
139679,61
139691,37
139696,58
139707,73
139727,74
139732,34
139733,27
139741,58
139743,91
139775,54
139816,66
139817,33
139826,76
139845,59
139846,34
139853,74
139874,65
139881,77
139894,82
139957,48
139965,58
139977,76
139985,67
139993,53
140004,74
140036,85
140055,34
140060,53
140072,70
140077,64
140087,36
140097,67
140109,80
140124,57
140147,32
140153,37
140158,36
140169,91
140175,80
140209,91
140240,38
140241,100
140257,48
140272,40
140280,53
140291,52
140327,58
140328,45
140377,41
140386,124
140397,102
140485,23
140501,66
140549,47
140557,60
140561,41
140575,75
140579,73
140590,49
140597,59
140605,68
140615,69
140683,51
140688,57
140707,61
140736,41
140761,55
140767,90
140814,49
140828,14
140839,54
140874,41
140919,63
140920,26
140925,73
140927,77
140928,72
140933,58
140977,36
141010,24
141025,44
141045,87
141057,64
141061,42
141064,32
141086,74
141227,69
141237,52
141250,50
141259,82
141301,39
141319,50
141333,43
141337,81
141338,50
141349,42
141359,66
141360,41
141399,53
141416,80
141467,48
141502,62
141504,72
141526,63
141626,49
141645,71
141684,56
141695,37
141720,96
141739,72
141753,29
141763,97
141769,21
141829,74
141835,64
141865,72
141874,52
141897,57
141904,40
141906,84
141932,55
141937,37
141944,59
141951,35
141953,55
141991,39
141996,88
141998,49
142032,54
142065,19
142148,29
142168,82
142229,69
142257,48
142320,51
142337,71
142340,51
142358,59
142395,63
142416,72
142456,93
142463,62
142498,52
142551,58
142561,81
142565,39
142594,59
142618,94
142637,51
142652,60
142653,50
142660,41
142662,87
142668,68
142673,82
142674,76
142689,57
142730,61
142761,73
142812,87
142817,58
142838,54
142839,75
142840,41
142849,70
142862,54
142874,83
142900,55
142913,36
142923,78
142924,58
142935,71
142956,96
142959,73
142969,67
142970,68
143076,77
143086,35
143091,85
143095,65
143103,36
143114,47
143123,87
143134,64
143138,72
143140,58
143141,43
143161,40
143162,18
143175,37
143194,72
143200,85
143229,57
143232,64
143259,74
143275,70
143281,95
143489,72
143541,23
143599,79
143620,48
143630,62
143683,84
143686,62
143696,75
143706,48
143713,36
143808,46
143857,50
143920,72
143926,44
143938,44
143975,102
143977,54
143998,21
143999,59
144013,80
144015,39
144089,81
144100,51
144216,44
144219,39
144223,64
144312,53
144374,66
144375,50
144378,72
144382,72
144383,57
144400,82
144401,69
144463,49
144472,65
144501,54
144540,76
144553,44
144574,76
144591,8
144597,53
144623,50
144644,36
144664,93
144717,80
144726,60
144729,50
144767,56
144771,60
144817,65
144826,63
144831,62
144839,70
144913,97
144914,51
144921,68
144923,72
144936,66
144964,54
144997,99
145049,61
145059,95
145061,68
145138,94
145170,71
145191,43
145210,56
145250,58
145255,58
145257,64
145266,62
145269,58
145273,52
145298,31
145322,80
145332,78
145344,80
145359,54
145360,71
145395,44
145399,57
145416,27
145417,67
145447,38
145464,70
145471,65
145487,49
145515,59
145528,70
145546,46
145553,38
145610,85
145613,31
145652,63
145682,65
145684,41
145705,73
145732,30
145734,65
145743,48
145750,63
145754,59
145773,73
145790,65
145793,78
145817,72
145876,36
145887,79
145961,87
145983,37
145991,78
146056,64
146086,78
146094,97
146112,72
146150,73
146193,52
146197,32
146201,67
146202,74
146241,60
146272,63
146289,65
146301,80
146316,43
146332,80
146334,54
146347,52
146405,97
146417,64
146456,52
146461,68
146493,37
146503,77
146509,81
146556,78
146571,54
146572,73
146574,69
146605,57
146631,86
146633,64
146635,64
146675,50
146677,71
146689,75
146694,25
146708,71
146738,77
146745,66
146787,33
146819,46
146853,70
146858,44
146868,80
146909,72
146911,63
146933,65
146944,76
146966,1
147045,63
147090,58
147094,82
147098,63
147102,41
147121,50
147124,90
147130,71
147133,61
147141,23
147162,97
147166,26
147262,67
147357,48
147388,47
147398,47
147417,65
147476,43
147498,77
147539,110
147590,40
147604,72
147618,36
147619,89
147625,66
147637,69
147642,59
147651,46
147674,78
147685,34
147703,48
147707,75
147732,65
147840,39
147892,88
147925,65
147929,95
147937,78
148009,51
148024,69
148039,49
148096,89
148157,62
148162,44
148166,68
148167,80
148180,66
148235,112
148245,55
148325,28
148345,27
148374,75
148391,50
148411,80
148442,60
148471,90
148508,32
148548,54
148615,48
148626,30
148649,58
148683,41
148700,18
148746,59
148828,75
148833,64
148864,60
148870,76
148876,52
148886,78
148917,23
148936,60
148954,61
148982,75
149007,35
149015,45
149016,90
149032,61
149096,41
149141,74
149165,91
149172,29
149175,35
149196,60
149261,25
149272,54
149289,71
149307,46
149308,58
149396,75
149487,82
149491,70
149529,73
149569,61
149587,42
149588,24
149600,92
149601,76
149602,30
149604,74
149653,36
149659,51
149670,36
149676,56
149690,60
149706,65
149723,50
149730,58
149737,60
149748,72
149782,81
149813,73
149841,52
149844,63
149872,84
149879,42
149915,47
149924,57
149937,74
149968,69
149988,35
149997,69
150026,67
150051,43
150113,73
150135,66
150158,52
150188,61
150194,51
150211,51
150230,78
150269,44
150288,70
150320,69
150366,54
150440,38
150452,57
150463,76
150533,55
150566,67
150576,39
150582,70
150602,31
150608,59
150633,56
150634,66
150679,52
150697,55
150711,45
150712,64
150717,40
150719,65
150726,41
150728,58
150744,41
150777,69
150778,55
150824,63
150846,69
150868,64
150874,57
150882,86
150887,37
150894,110
150926,51
151014,82
151039,58
151045,24
151084,60
151109,75
151151,55
151157,91
151180,73
151195,44
151201,90
151205,8
151207,69
151208,39
151229,37
151235,70
151298,59
151360,83
151411,43
151416,58
151436,66
151473,72
151492,65
151527,70
151543,62
151547,41
151590,72
151627,57
151641,72
151651,46
151692,39
151722,79
151748,37
151760,56
151822,31
151849,51
151857,52
151866,73
151871,85
151879,62
151926,40
151931,65
151937,54
152045,85
152060,44
152090,61
152116,19
152136,73
152154,41
152169,66
152212,61
152232,72
152274,78
152328,68
152330,58
152351,44
152352,93
152376,95
152390,84
152408,76
152431,76
152460,50
152505,67
152516,60
152523,51
152524,30
152572,80
152583,79
152611,81
152643,78
152651,52
152658,66
152688,71
152690,60
152702,63
152715,69
152750,63
152766,85
152810,30
152831,61
152865,60
152887,36
152892,66
152957,72
152975,67
152996,80
153007,67
153064,38
153069,43
153080,41
153088,82
153167,72
153216,84
153265,45
153270,60
153297,70
153316,82
153320,73
153370,67
153382,32
153388,38
153422,74
153450,61
153453,46
153474,54
153480,57
153495,57
153501,58
153548,31
153559,91
153561,59
153609,69
153610,84
153632,69
153643,69
153708,48
153715,78
153738,60
153759,23
153787,41
153799,67
153840,33
153901,75
153922,67
153930,65
153986,20
154044,50
154056,90
154073,73
154095,66
154101,61
154118,60
154140,54
154163,60
154164,42
154174,74
154195,58
154221,37
154298,78
154329,29
154359,71
154378,61
154379,88
154387,50
154394,49
154402,62
154424,64
154435,50
154447,39
154448,84
154458,54
154469,64
154471,56
154473,62
154505,65
154537,92
154556,80
154599,48
154621,42
154646,52
154648,49
154655,43
154674,64
154708,96
154726,53
154730,30
154754,43
154767,53
154797,50
154833,84
154917,86
154968,89
154996,78
154997,89
155028,54
155079,59
155089,58
155165,60
155196,63
155277,90
155278,63
155286,88
155296,91
155323,53
155346,61
155386,68
155431,39
155461,62
155483,54
155512,29
155519,78
155533,73
155553,60
155574,65
155606,76
155640,87
155708,55
155715,52
155720,48
155729,71
155749,64
155758,74
155761,62
155794,46
155815,75
155904,60
155922,37
155938,81
155978,78
156022,69
156043,40
156055,45
156072,64
156093,48
156094,58
156113,58
156129,55
156150,94
156175,29
156183,46
156185,42
156187,48
156193,66
156198,62
156200,45
156207,106
156227,75
156229,69
156230,69
156256,83
156281,56
156314,53
156316,81
156324,42
156332,49
156367,43
156373,94
156399,73
156416,79
156452,72
156464,86
156478,80
156745,87
156757,73
156792,50
156801,92
156815,75
156824,57
156851,103
156919,60
156945,56
156952,85
156986,37
156987,59
156989,95
156991,56
156997,72
157024,42
157050,48
157072,23
157080,72
157081,46
157108,60
157170,44
157171,50
157192,60
157205,54
157224,57
157228,71
157232,84
157269,73
157293,51
157304,43
157351,56
157352,30
157400,80
157426,55
157466,92
157475,28
157532,93
157583,62
157711,47
157765,41
157774,82
157790,68
157808,61
157841,91
157862,47
157874,87
157908,58
157919,71
157921,69
157922,66
157930,85
157959,66
157970,62
157972,88
157981,52
157987,91
157998,36
158066,61
158093,86
158113,79
158115,70
158121,52
158122,83
158126,36
158161,58
158170,36
158191,30
158216,61
158224,56
158261,77
158291,55
158306,72
158339,66
158347,48
158354,53
158362,36
158381,60
158474,60
158480,102
158492,47
158538,67
158550,81
158551,58
158552,71
158641,42
158659,56
158733,31
158747,63
158752,32
158773,71
158788,36
158880,58
158898,60
158899,52
158935,41
158946,37
158967,45
158985,85
158989,72
158992,65
159011,112
159031,19
159058,76
159060,33
159099,62
159107,69
159168,67
159212,88
159257,65
159259,79
159329,85
159352,67
159384,84
159388,72
159403,82
159411,89
159414,42
159434,42
159487,66
159498,40
159521,25
159560,84
159567,63
159595,55
159619,41
159620,67
159624,55
159629,59
159652,58
159679,78
159724,48
159741,76
159751,44
159764,33
159767,21
159776,63
159777,39
159794,68
159796,84
159833,51
159869,65
159878,59
159904,55
159931,40
159938,50
159941,56
159950,65
159971,82
160027,54
160043,70
160044,42
160047,100
160048,60
160060,71
160061,59
160071,48
160118,33
160176,66
160180,52
160181,28
160194,43
160283,66
160301,43
160341,34
160343,69
160382,53
160417,67
160471,79
160542,66
160574,28
160579,64
160594,78
160604,46
160629,75
160680,52
160685,57
160693,81
160721,57
160747,80
160784,38
160814,40
160816,45
160834,61
160866,66
160911,40
160930,83
160948,45
160964,58
160969,65
160990,79
161052,75
161055,59
161112,48
161113,59
161157,81
161165,50
161172,72
161191,69
161197,47
161207,60
161303,63
161312,72
161363,48
161369,98
161418,45
161426,29
161427,78
161459,78
161476,69
161499,44
161509,21
161568,43
161586,67
161612,59
161646,86
161648,74
161693,43
161746,48
161753,70
161763,70
161790,32
161800,9
161813,51
161825,78
161835,79
161878,52
161904,79
161906,58
161965,30
161970,75
161977,40
162008,62
162011,85
162029,64
162077,84
162085,41
162139,68
162160,50
162172,58
162199,60
162211,65
162240,91
162257,57
162301,63
162319,59
162326,50
162372,46
162373,51
162412,53
162435,87
162448,91
162470,61
162477,57
162501,70
162529,77
162631,76
162647,57
162672,77
162681,54
162692,57
162694,87
162701,51
162715,57
162717,34
162759,40
162780,26
162781,73
162816,56
162901,70
162938,61
162976,75
162979,44
162981,42
162993,17
163056,62
163160,66
163162,45
163210,56
163215,56
163226,73
163231,70
163245,71
163266,79
163318,73
163330,100
163388,41
163391,40
163406,82
163422,56
163424,61
163455,64
163477,53
163507,67
163518,59
163528,63
163545,89
163558,34
163560,36
163639,35
163647,77
163717,45
163742,51
163746,41
163859,87
163877,63
163887,63
163930,52
163949,87
163955,54
163963,81
163966,42
164000,54
164014,44
164017,92
164033,81
164043,60
164048,86
164049,31
164078,77
164080,58
164091,72
164104,60
164128,74
164143,58
164159,61
164185,76
164198,77
164208,59
164297,57
164300,47
164303,59
164308,51
164309,52
164312,51
164322,82
164329,54
164348,92
164381,75
164404,79
164416,41
164420,92
164475,31
164514,74
164526,95
164641,99
164658,67
164661,76
164666,47
164827,92
164830,55
164844,53
164845,54
164879,55
164935,36
164956,50
164976,53
164978,52
165008,56
165018,63
165019,65
165046,62
165061,65
165065,71
165069,37
165149,74
165169,86
165203,53
165204,58
165278,74
165286,20
165349,81
165432,65
165448,39
165466,85
165472,45
165475,40
165488,69
165532,39
165560,51
165561,49
165594,70
165622,24
165643,53
165646,63
165660,54
165685,99
165692,56
165717,80
165724,72
165725,53
165780,62
165888,46
165889,65
165891,47
165904,42
165945,67
165952,68
165953,59
165955,80
165970,66
165980,94
165987,47
165994,49
166028,61
166046,53
166081,72
166088,47
166110,77
166112,57
166117,42
166153,55
166197,62
166205,61
166211,40
166244,55
166271,45
166273,62
166279,62
166284,70
166286,55
166307,82
166323,49
166347,64
166397,50
166405,77
166408,58
166409,45
166426,54
166461,23
166467,57
166468,51
166499,53
166510,73
166528,50
166536,66
166540,80
166553,69
166572,16
166573,52
166579,49
166601,32
166617,80
166628,67
166629,58
166647,99
166648,49
166652,51
166740,92
166741,70
166743,56
166802,30
166832,81
166883,51
166952,35
166953,31
166976,71
166977,78
166978,53
166987,59
167002,51
167028,43
167031,78
167063,53
167078,92
167096,81
167123,71
167126,36
167136,45
167137,55
167160,62
167172,50
167181,64
167190,67
167207,74
167214,65
167234,81
167244,54
167250,76
167251,70
167252,73
167256,58
167260,42
167270,47
167280,12
167307,78
167310,68
167317,54
167331,44
167335,54
167393,34
167409,98
167438,32
167449,50
167461,83
167473,50
167485,68
167489,41
167493,54
167516,90
167521,42
167524,57
167571,57
167582,81
167622,86
167626,43
167634,63
167680,81
167727,53
167734,43
167782,55
167819,51
167854,68
167888,42
167919,61
167927,63
167958,69
167962,49
167980,53
168029,100
168059,74
168065,81
168072,81
168084,88
168088,65
168094,90
168117,43
168173,44
168179,75
168222,62
168225,80
168319,30
168322,49
168341,74
168390,75
168422,42
168426,81
168465,40
168482,31
168522,89
168531,72
168550,64
168572,82
168590,35
168591,93
168620,44
168672,88
168679,45
168682,49
168684,78
168687,75
168731,67
168783,46
168802,60
168814,79
168840,57
168850,80
168880,57
168928,65
168954,82
169028,80
169039,41
169119,59
169138,76
169141,54
169173,82
169174,58
169182,60
169224,89
169261,32
169318,92
169351,84
169377,53
169386,57
169396,84
169434,84
169454,64
169458,86
169478,79
169481,79
169487,57
169505,68
169506,69
169524,13
169533,64
169566,58
169571,40
169612,69
169656,35
169685,51
169740,76
169761,61
169776,57
169778,35
169795,41
169813,49
169839,83
169867,50
169891,45
169993,77
170008,86
170048,13
170082,69
170146,76
170148,46
170239,47
170250,75
170253,44
170290,87
170402,59
170447,50
170453,81
170455,92
170494,51
170508,67
170516,55
170517,40
170532,35
170641,81
170694,53
170727,29
170749,56
170779,68
170810,99
170847,52
170862,78
170871,70
170894,64
170963,53
170988,36
171012,24
171037,69
171039,64
171045,27
171058,68
171059,37
171083,59
171085,78
171110,84
171123,68
171125,62
171143,77
171166,39
171181,32
171194,40
171203,51
171255,32
171268,60
171281,50
171284,45
171287,75
171306,82
171340,38
171372,65
171381,58
171383,46
171410,48
171417,67
171449,30
171450,41
171459,55
171464,31
171471,65
171476,28
171484,62
171533,62
171534,33
171564,56
171582,90
171602,39
171614,68
171631,39
171639,51
171668,60
171682,62
171734,38
171773,68
171780,33
171782,82
171786,59
171914,86
171971,66
171974,74
172006,37
172087,57
172089,37
172090,55
172093,38
172098,50
172136,62
172137,38
172139,68
172143,75
172202,90
172215,80
172230,63
172267,28
172304,52
172353,55
172355,70
172370,53
172382,53
172388,56
172406,61
172415,61
172424,73
172495,60
172500,32
172505,55
172514,67
172519,67
172529,73
172560,39
172638,51
172639,70
172652,77
172662,60
172694,92
172734,83
172800,73
172809,91
172829,72
172858,76
172869,34
172876,58
172888,116
172917,95
172959,63
172969,80
173000,79
173006,82
173017,64
173029,56
173046,87
173084,86
173102,89
173108,67
173112,72
173191,53
173252,72
173257,98
173303,46
173317,39
173318,45
173320,33
173329,69
173330,56
173396,60
173398,75
173445,64
173446,38
173504,78
173509,45
173522,72
173531,23
173550,46
173581,99
173598,85
173614,53
173728,52
173772,44
173779,53
173804,79
173808,92
173832,64
173836,44
173859,51
173885,89
173886,70
173992,71
174013,61
174041,47
174042,59
174046,64
174076,62
174090,46
174111,74
174123,53
174128,64
174134,74
174196,85
174317,82
174349,55
174374,67
174415,61
174422,20
174427,48
174434,62
174457,36
174489,67
174526,59
174563,96
174594,48
174613,66
174626,53
174641,57
174653,82
174656,51
174689,77
174719,73
174728,70
174764,70
174782,60
174887,105
174897,76
174911,40
174928,45
174930,71
174935,48
174968,56
174986,43
175020,50
175031,75
175035,50
175038,56
175063,26
175120,56
175138,62
175157,28
175185,63
175198,59
175200,95
175220,41
175221,55
175261,40
175262,64
175268,42
175333,70
175398,80
175409,62
175411,50
175432,65
175472,65
175476,41
175508,69
175519,63
175543,88
175544,64
175547,62
175552,62
175557,47
175571,79
175622,61
175638,74
175644,69
175668,52
175690,62
175708,66
175730,42
175764,56
175810,67
175856,53
175888,72
175913,87
175917,76
175933,60
175944,60
175965,58
175973,45
176096,80
176130,30
176147,91
176151,59
176158,55
176168,93
176199,72
176223,85
176231,61
176286,51
176324,48
176326,58
176335,44
176348,45
176356,74
176385,38
176411,65
176422,76
176467,40
176477,60
176478,63
176481,49
176497,47
176510,40
176578,51
176590,50
176607,53
176627,65
176652,75
176672,70
176707,50
176709,50
176721,93
176734,40
176782,54
176798,76
176833,88
176845,89
176851,75
176860,53
176925,52
176926,69
176938,80
176994,66
177040,68
177079,84
177135,29
177136,95
177152,57
177158,61
177233,44
177346,57
177351,42
177371,62
177373,60
177402,68
177418,66
177422,81
177478,70
177639,39
177644,36
177721,48
177734,55
177747,30
177775,62
177811,34
177887,64
177910,39
177914,94
177934,57
177960,39
177996,55
178029,105
178043,46
178068,60
178079,36
178084,63
178088,66
178089,41
178090,54
178128,51
178146,48
178149,51
178179,64
178184,72
178189,83
178193,66
178208,60
178218,97
178239,125
178254,61
178259,91
178280,65
178291,53
178352,58
178361,74
178383,54
178384,58
178428,54
178435,43
178444,43
178468,80
178490,35
178497,78
178508,51
178513,49
178539,45
178602,88
178622,99
178625,71
178648,55
178650,68
178657,56
178744,72
178759,29
178766,44
178777,60
178795,68
178812,1
178843,81
178879,103
178926,62
178950,81
178957,93
179016,68
179067,83
179068,51
179147,50
179154,55
179217,66
179243,81
179296,79
179326,66
179356,56
179388,63
179431,44
179436,85
179459,48
179467,60
179476,68
179490,38
179500,73
179511,69
179513,81
179516,73
179523,64
179533,41
179581,46
179585,66
179621,89
179682,50
179696,19
179697,65
179712,72
179739,66
179750,73
179755,22
179821,69
179844,94
179865,102
179868,80
179899,37
179911,72
179917,53
179947,46
179975,41
179998,48
180021,66
180034,46
180048,41
180084,70
180092,83
180178,37
180195,53
180198,39
180228,51
180230,59
180257,61
180275,91
180330,68
180376,62
180406,79
180436,62
180515,35
180516,80
180540,52
180546,63
180594,79
180626,52
180627,39
180629,46
180672,24
180691,54
180695,106
180718,66
180721,98
180737,66
180756,52
180790,31
180836,54
180838,17
180881,65
180888,90
180893,46
180917,36
180920,48
180933,61
180943,35
181001,71
181053,62
181088,71
181138,54
181162,70
181234,55
181266,65
181322,29
181389,43
181424,86
181434,60
181442,57
181457,51
181474,77
181475,94
181491,49
181508,87
181516,52
181526,71
181556,75
181618,30
181635,61
181636,59
181648,77
181659,82
181679,20
181683,55
181724,54
181761,12
181771,40
181795,34
181811,79
181817,93
181874,92
181876,17
181901,35
181914,85
181955,65
181971,61
182058,43
182062,64
182108,104
182139,61
182213,48
182216,67
182223,40
182242,34
182312,55
182330,65
182370,81
182430,74
182447,65
182458,41
182479,69
182511,41
182517,72
182549,42
182564,57
182574,55
182644,69
182645,53
182646,66
182702,48
182748,56
182754,80
182759,50
182767,100
182791,57
182819,71
182822,76
182824,80
182850,76
182871,65
182887,62
182888,44
182897,44
182935,74
182936,58
182939,59
182961,45
182973,46
182983,66
182984,43
183005,42
183006,58
183087,83
183090,86
183094,50
183142,47
183184,44
183189,50
183200,60
183212,46
183213,42
183224,92
183281,60
183327,66
183356,59
183419,30
183431,57
183444,101
183460,73
183463,56
183479,39
183494,55
183514,87
183533,31
183617,83
183698,57
183714,28
183758,60
183765,45
183775,104
183789,56
183839,64
183840,60
183859,84
183861,33
183862,59
183905,26
183922,74
183927,108
183944,72
183961,64
184034,41
184040,52
184041,79
184057,73
184126,44
184146,104
184202,48
184223,56
184233,42
184289,78
184291,78
184305,44
184306,34
184343,74
184386,98
184405,61
184495,64
184529,39
184535,70
184595,44
184603,27
184678,96
184743,81
184768,52
184795,97
184825,82
184839,76
184867,61
184871,51
184902,50
184913,77
184933,28
184955,54
184970,73
185016,67
185030,81
185096,85
185114,53
185131,86
185266,64
185295,78
185321,12
185363,52
185449,70
185559,78
185579,70
185596,38
185597,75
185600,71
185609,20
185626,53
185634,67
185636,66
185642,49
185663,38
185670,57
185684,51
185696,78
185697,74
185711,37
185719,69
185733,65
185767,44
185788,78
185805,5
185825,65
185848,33
185902,34
185906,70
185907,43
185911,54
185943,25
185966,59
186013,67
186033,44
186086,38
186111,82
186137,35
186138,88
186142,49
186153,79
186173,76
186182,78
186204,46
186231,47
186269,69
186273,96
186286,67
186323,55
186324,83
186364,30
186377,36
186379,109
186424,52
186441,49
186446,79
186458,80
186478,60
186556,57
186616,62
186619,56
186627,24
186679,87
186690,55
186818,71
186848,78
186905,58
186911,78
186970,78
187000,82
187020,14
187044,65
187135,66
187173,78
187177,44
187182,88
187227,59
187237,75
187240,92
187256,84
187264,73
187445,75
187542,77
187563,76
187578,71
187642,53
187650,62
187680,62
187681,23
187724,61
187789,62
187827,70
187848,46
187864,77
187884,29
187893,80
187900,65
187904,54
187914,70
187939,93
187975,53
187981,72
188025,76
188031,50
188054,70
188057,51
188069,76
188082,57
188086,92
188098,100
188129,66
188177,76
188194,99
188211,71
188216,45
188297,79
188326,59
188335,72
188385,72
188386,87
188421,64
188433,82
188470,20
188486,44
188499,59
188531,49
188566,51
188576,43
188594,93
188650,68
188666,36
188704,55
188714,78
188775,42
188809,60
188814,66
188891,48
188902,53
188918,49
188943,43
188950,51
188969,44
188980,67
189018,70
189020,64
189054,69
189081,42
189091,59
189152,54
189176,92
189178,24
189217,68
189226,55
189227,40
189267,73
189278,102
189287,39
189288,61
189325,68
189352,57
189354,49
189388,56
189410,61
189418,71
189436,33
189448,66
189473,78
189492,94
189546,57
189550,63
189576,76
189579,61
189589,41
189601,95
189611,109
189625,48
189643,81
189644,16
189647,35
189656,55
189664,102
189667,40
189698,48
189703,62
189709,27
189711,48
189766,57
189770,63
189780,57
189809,80
189819,50
189859,68
189901,61
189942,74
189947,43
189948,61
189978,57
190026,66
190032,59
190039,28
190046,85
190057,42
190082,67
190147,48
190182,78
190204,48
190211,84
190264,63
190297,73
190306,46
190308,20
190345,52
190383,25
190443,71
190449,60
190455,49
190458,72
190460,51
190465,69
190489,45
190491,63
190493,61
190503,74
190511,88
190598,49
190648,79
190673,64
190678,68
190702,24
190759,50
190760,111
190773,68
190775,77
190777,35
190803,54
190814,48
190837,30
190888,59
190924,45
190936,56
190966,72
190979,58
191049,17
191051,83
191089,56
191109,49
191113,50
191146,102
191219,50
191263,63
191271,76
191295,45
191312,38
191369,75
191377,105
191379,81
191402,86
191405,53
191424,37
191440,58
191452,57
191468,68
191482,83
191496,59
191519,57
191522,64
191536,53
191557,51
191602,42
191606,55
191663,65
191664,61
191671,31
191704,45
191730,80
191749,33
191762,60
191763,68
191776,73
191819,79
191849,59
191917,52
191918,52
191922,60
191952,69
191987,73
191998,63
192003,9
192011,85
192015,85
192047,67
192058,59
192094,56
192105,95
192152,60
192166,34
192179,62
192192,91
192227,53
192234,61
192264,22
192281,56
192305,62
192367,78
192388,68
192425,92
192454,63
192480,64
192515,76
192531,51
192591,61
192609,49
192612,55
192616,97
192625,59
192638,31
192644,34
192668,65
192683,53
192685,94
192689,70
192793,95
192811,61
192847,77
192905,58
192988,53
192995,97
193034,46
193069,61
193082,55
193089,54
193174,38
193176,49
193208,69
193221,68
193276,58
193277,72
193332,45
193333,63
193340,49
193351,79
193364,51
193366,60
193371,76
193411,30
193431,63
193452,62
193476,47
193514,54
193576,60
193593,55
193619,58
193635,79
193644,90
193655,100
193676,75
193684,67
193722,72
193731,88
193743,62
193758,80
193764,58
193782,66
193834,8
193845,31
193848,67
193883,26
193911,70
193929,59
193946,65
193960,74
193968,55
193989,29
193999,83
194011,35
194030,87
194040,70
194071,35
194084,53
194098,44
194133,39
194136,32
194153,47
194177,53
194182,58
194189,59
194252,48
194276,50
194285,56
194309,62
194388,86
194436,89
194439,67
194455,53
194460,36
194462,45
194485,103
194490,49
194506,100
194541,42
194594,40
194623,39
194713,65
194733,39
194736,52
194750,81
194768,14
194781,74
194782,69
194792,36
194810,58
194831,37
194835,47
194836,67
194840,95
194847,72
194876,32
194920,58
194926,84
194965,42
194967,40
194981,79
194982,19
195064,101
195065,55
195099,69
195104,68
195167,76
195169,59
195186,43
195200,76
195210,51
195222,56
195255,49
195267,82
195305,37
195326,61
195328,34
195349,91
195376,57
195397,75
195422,57
195430,56
195472,51
195481,75
195514,52
195518,63
195565,61
195586,61
195589,52
195692,73
195712,54
195716,66
195742,59
195756,56
195762,56
195772,45
195786,41
195787,56
195832,39
195858,42
195862,57
195867,50
195883,99
195888,58
195921,40
195942,46
195943,41
196030,62
196051,99
196098,94
196155,50
196161,67
196215,51
196236,56
196266,52
196282,40
196300,65
196353,50
196384,54
196411,100
196412,58
196413,50
196429,109
196437,72
196476,81
196507,86
196529,41
196531,64
196580,78
196643,40
196648,62
196664,42
196748,49
196761,55
196770,83
196785,63
196799,66
196827,54
196890,47
196909,81
196934,72
196939,60
196963,53
197023,24
197065,70
197162,39
197164,70
197165,59
197169,69
197170,69
197224,82
197230,72
197239,70
197242,41
197264,52
197266,38
197313,58
197324,66
197343,72
197344,50
197349,67
197356,85
197397,58
197405,106
197413,55
197426,82
197429,33
197437,40
197438,52
197454,55
197470,64
197523,46
197536,58
197542,81
197625,37
197626,86
197631,65
197635,11
197636,41
197638,71
197661,52
197668,57
197685,35
197688,56
197715,50
197724,32
197732,32
197750,55
197795,78
197797,62
197811,71
197852,63
197862,49
197863,74
197906,68
197912,50
198015,53
198017,46
198033,63
198053,34
198083,74
198086,98
198136,84
198157,82
198268,49
198281,86
198287,60
198293,84
198314,21
198348,73
198351,71
198382,89
198393,44
198426,59
198438,57
198451,33
198464,74
198476,61
198566,78
198599,47
198605,84
198615,81
198619,79
198628,74
198729,60
198734,31
198742,70
198745,60
198762,50
198797,57
198811,48
198824,87
198832,70
198844,51
198855,72
198861,43
198868,35
198998,36
199006,74
199021,45
199040,56
199047,74
199053,86
199102,54
199118,9
199164,48
199183,53
199211,63
199212,66
199214,85
199245,90
199253,52
199259,48
199260,73
199267,74
199313,44
199325,66
199328,66
199329,37
199365,71
199434,22
199440,68
199519,30
199527,76
199528,30
199603,45
199611,72
199631,36
199656,37
199688,74
199742,61
199763,91
199765,85
199792,79
199805,46
199812,49
199831,55
199852,84
199873,80
199877,73
199951,75
199981,65
200011,50
200027,50
200063,46
200071,32
200112,65
200123,82
200196,59
200220,75
200267,62
200298,69
200310,72
200316,42
200327,67
200335,73
200425,65
200472,40
200477,83
200511,90
200515,65
200520,65
200529,67
200562,54
200582,53
200614,11
200630,70
200649,61
200656,55
200667,27
200670,66
200673,85
200706,71
200761,42
200763,78
200774,54
200808,89
200813,61
200818,52
200829,56
200862,64
200863,84
200871,57
200978,71
200988,67
201017,48
201042,74
201049,72
201070,72
201076,55
201145,52
201146,74
201165,48
201179,73
201188,50
201207,51
201227,66
201257,46
201280,66
201298,67
201345,60
201378,46
201396,42
201435,33
201453,103
201477,38
201536,43
201558,49
201572,79
201579,63
201584,75
201649,50
201670,55
201692,75
201720,62
201723,60
201798,104
201808,55
201809,63
201815,30
201818,52
201824,80
201869,85
201883,75
201884,56
201908,74
201909,33
202011,80
202019,71
202092,54
202110,52
202113,66
202134,63
202138,80
202140,64
202188,30
202220,88
202236,64
202261,82
202293,63
202310,70
202365,50
202370,68
202414,65
202467,69
202481,55
202501,61
202524,49
202538,54
202555,72
202580,59
202581,95
202614,79
202638,62
202672,47
202700,38
202708,81
202715,71
202717,55
202720,43
202733,54
202734,38
202744,67
202795,68
202810,54
202826,30
202835,59
202836,63
202857,51
202877,61
202887,55
202928,98
202950,63
203033,48
203076,69
203092,24
203117,21
203123,33
203125,66
203151,47
203198,68
203199,99
203209,47
203223,46
203264,61
203291,35
203312,39
203319,57
203320,59
203337,42
203376,68
203392,57
203396,63
203416,81
203429,79
203462,52
203479,42
203539,42
203565,69
203578,102
203605,61
203631,90
203637,51
203641,74
203642,36
203678,86
203704,69
203708,77
203736,84
203745,65
203770,60
203771,46
203794,44
203795,80
203849,70
203858,57
203867,60
203878,81
203902,57
203919,54
203929,84
203942,64
203949,71
203961,37
203969,57
203980,75
204003,47
204008,70
204013,66
204067,54
204076,90
204112,76
204123,71
204125,55
204138,73
204139,38
204169,72
204192,56
204204,40
204263,32
204285,54
204306,49
204330,37
204348,42
204405,71
204459,48
204472,64
204476,78
204496,25
204524,84
204561,79
204563,38
204566,58
204583,33
204609,73
204651,53
204685,34
204731,27
204738,35
204746,71
204747,47
204906,48
204920,43
204938,51
204995,56
205015,78
205033,58
205052,26
205079,47
205117,43
205119,114
205151,5
205158,49
205194,54
205217,37
205226,60
205240,57
205243,63
205247,96
205251,54
205253,25
205308,113
205309,58
205350,61
205351,82
205427,34
205442,40
205461,70
205474,59
205480,36
205483,56
205503,91
205515,55
205531,38
205537,35
205571,67
205582,72
205583,68
205593,67
205605,35
205609,79
205613,41
205622,56
205625,64
205636,32
205657,65
205677,55
205694,42
205723,35
205735,93
205782,43
205804,49
205814,57
205830,88
205843,58
205847,71
205857,52
205859,65
205899,84
205958,51
205983,58
206013,70
206020,85
206046,63
206054,68
206058,41
206081,38
206092,36
206093,58
206097,53
206100,65
206102,53
206106,47
206161,38
206162,50
206261,51
206264,53
206287,59
206309,77
206330,39
206403,59
206406,60
206422,67
206455,82
206462,59
206491,60
206492,34
206510,51
206526,49
206531,40
206537,52
206588,55
206599,74
206615,35
206630,95
206631,77
206649,58
206666,46
206711,32
206748,45
206750,89
206751,41
206801,97
206802,63
206840,24
206856,61
206861,52
206997,60
207000,55
207012,42
207027,78
207043,83
207066,88
207083,17
207097,72
207111,63
207112,73
207124,59
207127,38
207128,65
207144,74
207174,73
207215,42
207221,39
207255,12
207295,53
207303,58
207325,85
207333,95
207342,42
207433,64
207436,46
207440,47
207444,83
207453,51
207478,54
207484,61
207512,27
207517,51
207547,71
207555,77
207566,51
207572,72
207585,53
207593,68
207617,63
207671,34
207684,63
207708,56
207799,55
207810,82
207818,68
207836,43
207894,63
207941,79
207952,61
207953,48
207962,53
207978,65
208059,56
208060,55
208102,54
208108,63
208159,40
208166,59
208212,53
208242,40
208400,52
208404,22
208461,47
208472,80
208493,69
208511,69
208516,50
208539,63
208574,38
208606,68
208610,54
208621,46
208643,58
208651,58
208676,80
208724,73
208731,36
208745,44
208766,56
208801,87
208821,68
208822,52
208827,42
208860,47
208869,44
208909,62
208915,62
208932,35
208996,67
209006,76
209044,101
209053,68
209055,55
209119,63
209164,59
209183,113
209261,96
209269,64
209281,79
209286,61
209303,48
209326,73
209346,85
209366,109
209392,68
209434,45
209467,60
209491,75
209499,88
209524,24
209602,63
209603,70
209625,55
209631,59
209647,56
209667,34
209672,69
209677,73
209680,57
209732,65
209733,61
209739,80
209740,63
209753,97
209766,48
209773,93
209774,55
209781,40
209842,42
209902,56
209903,79
209914,88
209943,38
209969,53
210040,49
210066,71
210080,64
210098,32
210099,77
210117,67
210148,51
210194,56
210209,70
210255,47
210279,71
210302,53
210331,91
210462,70
210469,78
210527,46
210535,82
210552,24
210598,53
210600,51
210622,57
210658,65
210663,40
210673,77
210705,79
210782,42
210831,60
210861,71
210866,71
210899,14
210972,59
210990,47
211003,81
211011,82
211052,62
211075,55
211077,57
211105,71
211106,75
211128,45
211215,50
211224,53
211259,67
211275,58
211333,27
211392,79
211438,71
211450,65
211467,70
211471,53
211485,55
211495,57
211501,34
211507,97
211509,44
211520,83
211524,73
211535,67
211567,50
211571,62
211609,36
211614,64
211679,84
211688,42
211727,80
211745,33
211759,51
211767,71
211769,39
211772,67
211796,93
211816,38
211823,71
211836,72
211866,19
211893,47
211913,28
211963,40
211970,65
211974,57
211975,53
211977,96
211988,55
212010,67
212046,65
212048,110
212057,55
212068,78
212074,46
212095,35
212096,73
212110,64
212158,70
212182,61
212249,25
212258,66
212260,60
212274,54
212276,71
212278,64
212317,103
212358,59
212407,71
212428,63
212437,47
212455,74
212491,58
212497,25
212506,75
212566,66
212574,85
212581,63
212617,52
212638,98
212658,54
212671,49
212690,69
212698,60
212702,80
212726,67
212732,34
212742,29
212743,25
212771,57
212781,55
212798,70
212800,70
212807,79
212850,53
212930,46
212981,52
213006,86
213024,80
213026,52
213137,44
213152,75
213189,47
213196,42
213199,62
213255,66
213261,63
213291,44
213336,67
213363,21
213413,79
213489,57
213505,64
213524,65
213551,55
213600,51
213607,50
213615,80
213637,66
213645,44
213676,23
213679,12
213706,35
213718,63
213741,56
213747,59
213828,57
213850,60
213881,60
213907,57
213961,101
214003,60
214004,58
214017,23
214088,61
214133,65
214159,49
214160,72
214182,64
214183,57
214196,76
214201,57
214205,34
214207,90
214212,81
214237,65
214248,25
214267,102
214293,53
214312,53
214320,41
214451,59
214454,44
214483,75
214486,33
214507,73
214577,30
214597,71
214652,59
214706,81
214707,90
214709,72
214710,86
214730,79
214773,66
214815,57
214872,60
214910,93
214913,59
214928,59
214968,64
214974,47
215129,37
215161,66
215166,45
215177,73
215180,76
215198,39
215201,46
215244,42
215245,63
215250,33
215288,54
215292,55
215306,62
215315,75
215325,70
215362,87
215381,50
215389,49
215431,40
215432,78
215507,73
215509,61
215510,84
215531,57
215537,63
215553,74
215561,89
215598,46
215599,54
215601,54
215608,47
215610,46
215630,66
215684,56
215687,49
215709,53
215712,41
215718,70
215784,80
215787,56
215811,60
215855,18
215863,24
215870,50
215874,69
215895,57
215897,8
215942,72
215965,38
215970,41
216057,81
216061,58
216071,42
216099,51
216107,100
216117,88
216118,77
216126,64
216129,63
216133,61
216164,36
216187,57
216215,69
216230,28
216294,89
216295,40
216298,70
216308,45
216309,63
216332,49
216357,99
216377,41
216460,78
216493,54
216495,42
216515,46
216559,39
216566,35
216630,75
216633,72
216641,25
216651,96
216655,36
216710,77
216761,96
216797,90
216798,78
216809,72
216810,55
216819,63
216831,86
216841,62
216897,46
216981,41
216990,59
216991,77
216992,26
217009,74
217010,62
217013,53
217032,59
217080,63
217082,47
217089,102
217097,88
217099,82
217187,68
217195,60
217210,94
217219,67
217265,76
217272,70
217274,53
217302,100
217315,56
217357,50
217389,64
217402,72
217483,67
217490,81
217511,82
217529,88
217543,33
217559,55
217573,65
217606,62
217639,110
217640,41
217644,68
217650,51
217659,62
217669,64
217672,77
217675,40
217688,63
217723,29
217735,60
217763,69
217800,55
217803,67
217806,69
217807,89
217825,48
217848,39
217873,52
217890,21
217921,83
217927,54
217929,104
217950,71
217956,53
217967,44
217986,72
218079,61
218082,53
218098,69
218110,71
218121,59
218147,84
218157,70
218189,30
218202,52
218207,38
218307,62
218312,46
218379,91
218407,50
218431,67
218434,78
218439,40
218468,73
218483,81
218489,66
218497,81
218531,52
218560,87
218601,94
218606,89
218613,69
218616,70
218636,66
218676,62
218719,68
218762,43
218765,72
218767,76
218802,24
218805,50
218811,80
218858,73
218880,41
218904,47
218988,57
218992,43
219002,76
219023,43
219037,97
219060,82
219092,44
219094,63
219103,57
219113,86
219115,62
219122,74
219171,47
219299,83
219320,77
219346,79
219352,96
219353,60
219357,74
219366,47
219370,54
219378,63
219379,37
219409,43
219436,43
219443,25
219446,50
219449,52
219501,69
219526,43
219544,82
219550,77
219562,32
219590,58
219593,80
219607,82
219673,40
219714,54
219718,77
219729,74
219743,55
219807,42
219816,72
219820,54
219821,52
219828,68
219839,67
219840,73
219841,65
219958,54
219965,71
219990,52
220025,81
220028,7
220067,57
220068,51
220116,58
220148,70
220168,52
220181,68
220193,53
220204,51
220208,96
220213,68
220215,62
220246,51
220274,64
220304,91
220315,41
220334,47
220365,70
220386,68
220394,59
220395,43
220407,51
220422,54
220428,86
220473,58
220493,88
220526,79
220527,50
220528,77
220533,43
220559,87
220594,51
220604,73
220623,94
220630,69
220741,42
220762,69
220763,89
220816,37
220818,73
220877,36
220894,57
220896,77
220918,59
220955,74
220993,52
221137,67
221227,77
221234,64
221262,75
221286,62
221349,36
221363,34
221386,52
221408,82
221413,69
221424,66
221470,46
221471,67
221535,93
221537,48
221605,60
221619,56
221645,105
221655,40
221656,69
221659,61
221717,55
221830,66
221839,90
221856,52
221896,82
221913,60
221952,72
221962,80
221973,35
221975,89
221983,44
221993,74
222021,113
222023,59
222064,60
222087,45
222121,45
222132,40
222176,54
222178,61
222200,70
222209,83
222254,91
222256,78
222270,43
222277,75
222303,63
222310,65
222317,77
222333,16
222342,66
222344,68
222364,68
222390,95
222446,55
222449,59
222549,78
222631,77
222674,50
222692,31
222725,28
222730,48
222735,55
222774,68
222777,49
222788,97
222809,69
222821,65
222822,57
222836,23
222876,72
222881,47
222932,65
222948,61
222952,49
222995,65
223067,77
223079,67
223185,72
223191,82
223239,61
223318,70
223326,37
223332,53
223338,72
223376,36
223380,52
223382,38
223421,41
223422,53
223444,71
223570,57
223610,67
223656,42
223673,53
223691,59
223712,64
223760,71
223795,41
223807,41
223814,68
223815,51
223821,55
223849,60
223856,55
223921,52
223948,63
223982,94
223998,32
224007,41
224019,40
224031,69
224057,42
224058,56
224068,86
224082,51
224121,49
224134,80
224182,48
224204,109
224238,55
224240,65
224339,68
224365,22
224380,24
224393,52
224419,78
224422,41
224453,62
224477,77
224514,98
224516,52
224556,49
224568,49
224571,49
224573,59
224642,60
224643,51
224644,21
224646,42
224661,54
224688,60
224803,44
224823,33
224824,65
224893,50
224913,67
224939,63
224972,62
224981,83
225016,85
225031,63
225032,68
225047,63
225067,55
225070,28
225073,62
225097,73
225101,71
225137,59
225228,47
225233,49
225264,55
225265,50
225296,83
225301,70
225316,49
225329,62
225342,83
225365,50
225386,78
225403,60
225411,69
225467,60
225493,76
225507,62
225522,78
225536,69
225543,70
225577,67
225580,92
225592,64
225634,51
225647,96
225653,69
225654,32
225661,67
225662,82
225667,88
225671,63
225694,72
225695,56
225711,25
225724,58
225725,40
225792,82
225814,57
225827,47
225907,64
225910,65
225920,71
225956,65
225985,74
226011,52
226016,98
226041,45
226046,65
226047,75
226175,51
226245,48
226255,61
226311,23
226323,29
226364,113
226382,64
226417,30
226431,58
226439,43
226468,52
226522,69
226530,56
226535,83
226587,81
226606,51
226609,30
226641,58
226645,30
226661,21
226667,70
226680,53
226710,41
226749,55
226791,29
226828,53
226856,65
226891,24
226932,57
226966,60
226968,50
226982,61
227029,97
227030,35
227046,33
227132,71
227153,32
227161,56
227177,61
227220,76
227259,68
227260,46
227375,60
227377,74
227395,60
227418,50
227424,66
227462,91
227505,59
227515,54
227569,83
227604,54
227605,56
227606,28
227615,36
227629,57
227642,74
227645,45
227648,49
227664,57
227690,59
227703,52
227722,47
227730,32
227738,51
227767,33
227803,47
227849,75
227871,56
227904,57
227916,46
227937,71
227977,53
227984,76
227999,70
228001,94
228082,43
228093,78
228095,88
228102,59
228106,68
228126,67
228151,44
228207,79
228228,58
228243,46
228270,54
228273,68
228310,69
228327,43
228329,54
228365,55
228370,85
228389,51
228391,48
228393,46
228407,22
228471,31
228478,13
228479,74
228498,46
228501,43
228547,61
228591,57
228594,55
228704,69
228742,81
228768,65
228781,42
228803,85
228807,80
228810,60
228811,34
228820,48
228836,72
228840,72
228928,68
228957,44
228959,87
228965,64
228973,83
228991,42
229020,56
229028,44
229081,46
229125,69
229141,69
229161,46
229198,55
229208,40
229233,81
229250,74
229275,81
229298,32
229353,38
229371,37
229396,47
229430,79
229455,78
229456,64
229480,89
229490,52
229552,64
229587,16
229623,59
229657,88
229672,46
229679,68
229680,62
229686,54
229699,46
229713,61
229737,63
229745,50
229750,63
229753,65
229798,69
229809,35
229822,35
229825,86
229839,96
229871,83
229874,69
229878,44
229910,41
229944,85
229959,62
229970,58
229982,71
229992,55
230005,83
230016,61
230057,16
230108,65
230109,84
230119,49
230140,71
230174,62
230194,70
230206,79
230215,32
230265,82
230301,66
230314,74
230315,62
230341,90
230366,56
230403,30
230447,89
230476,79
230495,53
230501,80
230515,29
230516,65
230561,75
230575,45
230576,54
230585,76
230605,53
230646,54
230656,56
230659,44
230662,85
230669,49
230710,71
230720,61
230769,100
230776,56
230796,87
230828,43
230855,68
230862,68
230868,78
230873,19
230892,64
230914,51
231005,47
231022,80
231025,50
231037,70
231051,38
231083,31
231112,46
231126,51
231138,72
231159,47
231173,65
231182,48
231190,78
231201,21
231237,84
231240,57
231253,43
231292,38
231325,60
231326,61
231339,58
231389,53
231400,57
231402,97
231410,69
231465,72
231524,96
231525,47
231557,58
231559,61
231566,62
231587,80
231643,45
231650,65
231660,74
231676,58
231709,40
231715,48
231723,76
231744,58
231751,98
231760,50
231796,63
231798,34
231820,81
231834,62
231845,55
231867,74
231868,61
231912,65
231940,76
231953,37
231959,56
231961,75
231997,53
232054,39
232063,84
232084,44
232088,79
232091,29
232103,92
232118,114
232120,56
232143,49
232156,78
232179,59
232197,83
232203,44
232223,65
232227,66
232260,78
232267,68
232271,55
232291,50
232302,54
232303,61
232343,58
232362,38
232363,72
232374,75
232383,41
232387,87
232408,90
232409,70
232437,61
232449,30
232488,52
232498,69
232521,47
232573,58
232594,73
232614,68
232707,41
232740,73
232751,42
232754,67
232808,73
232821,75
232856,77
232865,80
232875,65
232895,60
233000,94
233085,83
233110,64
233120,35
233134,83
233139,77
233161,57
233203,105
233226,33
233260,13
233263,33
233280,90
233290,69
233298,68
233309,56
233349,60
233382,63
233390,73
233453,33
233454,58
233466,55
233474,88
233476,50
233513,84
233544,60
233555,62
233613,62
233645,90
233670,99
233681,88
233693,82
233726,31
233776,106
233835,80
233866,60
233880,81
233893,94
233903,57
233952,71
233984,80
233999,54
234004,41
234027,83
234040,48
234063,67
234084,76
234097,73
234099,76
234116,48
234122,66
234162,51
234173,37
234181,70
234193,59
234195,52
234244,105
234275,44
234281,51
234310,67
234318,69
234402,49
234404,40
234413,42
234431,49
234441,49
234447,55
234466,65
234467,61
234480,83
234514,66
234552,59
234562,71
234568,77
234590,64
234603,77
234622,68
234660,62
234709,47
234736,70
234739,56
234741,62
234745,27
234756,32
234779,88
234808,37
234824,45
234858,55
234865,61
234912,66
234937,56
234962,45
234964,79
234988,58
234997,81
235059,63
235111,51
235154,57
235165,68
235185,76
235240,36
235256,76
235273,58
235278,39
235281,38
235292,86
235336,77
235360,83
235414,65
235457,70
235471,65
235478,74
235489,68
235510,44
235529,30
235601,67
235605,50
235609,69
235623,55
235659,14
235666,58
235717,33
235761,71
235770,22
235787,32
235829,41
235854,86
235862,71
235941,59
236009,101
236032,90
236039,34
236041,85
236051,72
236052,35
236053,63
236056,59
236073,29
236091,14
236099,62
236105,43
236144,70
236167,50
236195,62
236252,33
236256,51
236338,59
236339,36
236343,69
236353,80
236371,91
236382,71
236387,64
236399,99
236404,41
236409,87
236477,56
236482,71
236495,60
236562,35
236595,84
236614,83
236645,40
236651,43
236711,52
236741,57
236778,111
236781,52
236813,79
236817,61
236865,75
236882,68
236899,45
236900,73
236917,90
236923,70
236925,59
236956,58
236968,50
236985,49
236997,94
237002,53
237014,38
237018,72
237073,65
237074,33
237083,72
237095,79
237101,51
237146,42
237221,50
237277,36
237289,82
237326,61
237332,54
237333,64
237338,61
237350,71
237357,70
237360,76
237375,84
237379,100
237401,57
237406,56
237416,21
237522,56
237541,90
237551,117
237553,53
237576,44
237577,47
237615,69
237648,73
237649,76
237651,72
237744,43
237755,44
237763,63
237769,69
237783,84
237827,61
237859,26
237873,95
237874,54
237967,69
238056,77
238065,43
238066,107
238090,59
238098,66
238115,74
238128,69
238152,48
238153,91
238164,42
238169,47
238205,44
238209,57
238225,73
238234,57
238239,29
238249,54
238274,29
238276,72
238337,61
238377,40
238382,27
238397,63
238433,72
238437,95
238524,48
238538,65
238565,39
238673,78
238696,86
238719,42
238752,54
238834,97
238937,73
238947,56
239053,68
239065,68
239080,69
239083,28
239127,59
239132,85
239143,66
239162,63
239175,41
239193,54
239197,46
239264,53
239315,41
239337,55
239376,74
239378,83
239381,60
239400,75
239428,82
239436,58
239437,70
239447,70
239494,96
239503,92
239504,58
239519,33
239534,63
239549,79
239556,75
239608,51
239621,45
239634,45
239703,63
239779,101
239780,63
239834,52
239844,61
239986,77
239990,73
240018,66
240019,60
240036,33
240098,75
240104,104
240114,34
240129,96
240130,78
240178,46
240234,73
240241,63
240295,74
240398,59
240441,69
240493,24
240541,50
240657,81
240678,71
240680,101
240692,97
240708,67
240712,38
240735,36
240736,35
240750,55
240754,38
240833,80
240835,84
240843,45
240889,32
240917,63
240925,77
240991,81
240999,104
241000,59
241008,42
241024,42
241045,27
241142,74
241150,40
241221,65
241239,70
241286,89
241294,55
241326,69
241328,29
241377,70
241383,35
241394,71
241423,88
241520,76
241526,61
241542,68
241564,51
241573,48
241612,99
241627,50
241650,50
241652,80
241657,70
241665,47
241692,35
241698,66
241715,39
241747,34
241759,60
241772,67
241778,70
241780,66
241827,101
241875,68
241889,33
241924,75
241966,50
241970,54
241981,54
242002,87
242013,68
242071,64
242077,88
242078,61
242139,72
242158,40
242175,68
242245,91
242277,53
242296,40
242306,65
242356,92
242382,102
242401,64
242425,43
242525,79
242546,64
242548,27
242549,64
242569,64
242585,73
242617,53
242625,79
242642,95
242677,34
242722,45
242780,33
242844,96
242876,75
242886,68
242900,103
242925,44
242965,27
242975,44
242982,28
243064,36
243106,63
243154,58
243163,79
243180,40
243265,66
243290,61
243303,53
243317,67
243358,89
243376,44
243398,55
243409,56
243455,74
243459,60
243530,59
243538,56
243554,46
243668,81
243672,62
243745,44
243763,61
243788,36
243805,58
243810,54
243819,37
243827,75
243859,56
243950,66
243983,80
244058,26
244076,72
244099,45
244107,66
244132,69
244138,39
244180,67
244198,53
244260,49
244280,58
244281,66
244295,40
244296,49
244300,18
244314,56
244329,24
244340,68
244376,60
244403,87
244421,60
244437,75
244452,58
244464,91
244465,33
244481,63
244515,54
244536,65
244578,27
244587,65
244588,51
244607,37
244640,35
244681,46
244691,72
244708,41
244753,59
244790,58
244873,31
244874,66
244891,62
244899,42
244939,90
245002,63
245043,65
245044,68
245061,46
245096,54
245124,104
245128,91
245139,70
245148,56
245153,76
245169,70
245170,48
245237,49
245269,68
245324,72
245433,89
245439,50
245456,60
245505,66
245515,76
245541,71
245545,61
245582,60
245609,63
245611,68
245615,74
245624,54
245697,59
245710,65
245717,49
245738,60
245751,59
245752,72
245760,71
245779,64
245796,85
245811,26
245815,62
245818,46
245841,61
245857,58
245872,50
245878,79
245883,66
245886,65
245894,73
245932,67
245947,30
245956,83
246007,51
246081,65
246108,76
246114,25
246140,20
246190,37
246198,64
246201,57
246202,50
246227,69
246242,60
246243,55
246258,76
246316,42
246390,43
246416,77
246418,50
246419,56
246490,58
246532,69
246552,47
246574,47
246619,63
246652,54
246659,71
246662,28
246703,48
246723,57
246771,63
246773,65
246776,63
246804,33
246841,41
246863,47
246893,82
246906,84
247001,61
247003,74
247006,70
247016,58
247082,10
247187,52
247191,99
247193,43
247208,28
247214,35
247230,47
247234,79
247293,47
247318,95
247336,65
247368,60
247380,44
247381,68
247471,92
247472,70
247514,58
247520,51
247597,94
247598,76
247604,42
247688,70
247709,56
247712,83
247788,37
247804,72
247836,51
247837,44
247844,64
247893,27
247931,67
247932,51
247934,56
247975,61
247998,74
248005,94
248006,80
248033,63
248052,105
248059,89
248092,78
248096,69
248104,41
248130,57
248138,44
248149,74
248188,83
248198,62
248208,36
248241,48
248248,64
248249,23
248255,53
248264,87
248282,78
248339,49
248353,70
248441,71
248446,88
248483,29
248500,80
248540,55
248553,56
248561,70
248619,81
248629,41
248645,97
248674,45
248680,81
248800,73
248833,83
248851,50
248854,91
248905,53
248929,75
248950,42
248960,52
248964,78
249033,51
249044,41
249115,85
249123,53
249128,66
249135,80
249146,73
249181,60
249196,33
249198,60
249231,79
249241,72
249253,78
249276,59
249307,87
249347,63
249375,83
249381,52
249388,89
249393,43
249407,58
249421,70
249422,48
249480,59
249498,48
249553,61
249558,30
249589,68
249601,63
249650,50
249664,67
249665,48
249667,71
249682,36
249702,6
249734,16
249741,51
249742,64
249770,49
249777,67
249798,93
249849,49
249894,67
249940,33
249954,55
249977,77
249989,61
250005,71
250006,69
250010,64
250020,53
250021,67
250057,64
250058,71
250091,81
250108,39
250151,42
250155,73
250186,48
250206,58
250225,31
250246,57
250261,44
250272,74
250273,30
250286,58
250297,55
250331,38
250346,69
250411,52
250426,80
250429,90
250459,37
250487,69
250489,62
250492,82
250531,66
250533,108
250541,60
250696,45
250737,63
250765,64
250774,34
250785,59
250819,83
250825,57
250835,40
250838,85
250844,49
250859,60
250872,53
250877,47
250898,68
250910,51
250913,50
250915,80
250939,58
250940,40
250955,56
250968,77
250973,69
250976,69
251000,57
251010,64
251030,69
251037,44
251085,94
251107,28
251131,62
251138,89
251172,31
251174,46
251201,52
251227,82
251275,72
251278,56
251312,44
251361,91
251375,17
251397,44
251409,77
251434,36
251435,76
251437,66
251472,49
251479,70
251547,57
251611,51
251615,63
251623,45
251635,50
251645,45
251651,36
251672,61
251688,46
251738,56
251811,80
251834,74
251852,37
251869,57
251873,67
251874,53
251877,68
251891,49
251938,64
251979,63
252014,60
252018,74
252024,89
252039,42
252080,67
252088,45
252125,48
252140,32
252142,58
252144,63
252154,73
252171,57
252196,44
252204,67
252208,52
252209,55
252215,48
252255,39
252263,61
252276,91
252294,51
252305,59
252319,45
252321,54
252322,63
252406,55
252457,55
252461,90
252469,64
252485,73
252529,33
252538,52
252544,53
252549,63
252557,46
252574,42
252589,48
252697,64
252726,40
252733,43
252738,84
252753,76
252759,47
252788,59
252856,74
252899,58
252949,63
252950,16
252956,80
252965,46
252966,43
252967,55
253004,93
253015,42
253041,60
253052,65
253053,53
253100,52
253112,74
253152,53
253157,60
253168,62
253199,33
253205,53
253207,80
253220,51
253227,81
253326,46
253331,82
253366,58
253396,74
253422,67
253427,68
253442,81
253475,85
253501,11
253515,43
253535,67
253550,84
253579,76
253586,36
253624,64
253626,83
253644,49
253723,66
253734,47
253847,68
253866,58
253869,87
253878,40
253901,29
253905,75
253907,54
253915,93
253939,38
253959,53
253987,55
253996,65
254014,62
254030,50
254062,64
254077,67
254082,37
254130,63
254134,46
254140,87
254145,58
254146,23
254148,68
254180,29
254222,52
254226,71
254235,78
254237,85
254258,76
254262,71
254285,69
254290,60
254296,46
254341,61
254352,51
254358,71
254376,66
254389,68
254400,34
254404,63
254418,59
254432,79
254480,77
254493,42
254555,96
254568,68
254589,72
254597,61
254606,39
254610,70
254627,98
254650,51
254674,67
254706,83
254727,39
254755,41
254776,56
254795,54
254796,42
254801,84
254812,27
254816,95
254818,70
254834,74
254840,30
254910,56
254930,63
254949,60
254971,54
254976,59
254987,49
254998,102
255016,80
255021,53
255025,31
255087,32
255098,50
255115,55
255145,102
255163,61
255170,67
255201,85
255205,66
255211,2
255258,42
255279,60
255289,44
255336,63
255386,88
255387,56
255432,55
255441,73
255467,66
255472,55
255506,66
255516,86
255554,69
255570,53
255575,37
255608,100
255631,77
255684,71
255692,81
255701,37
255704,80
255711,62
255751,34
255752,57
255754,42
255767,68
255801,64
255824,67
255842,88
255843,26
255908,45
255913,56
255914,59
255917,74
255937,30
255982,62
255996,59
256005,41
256017,69
256018,44
256036,67
256079,73
256125,58
256147,76
256156,94
256162,36
256208,47
256234,30
256284,71
256292,58
256340,42
256382,75
256427,43
256431,58
256435,87
256446,64
256482,63
256484,117
256508,48
256527,84
256535,76
256549,48
256650,68
256679,64
256751,38
256765,77
256796,49
256801,46
256807,35
256820,66
256859,60
256896,90
257003,72
257031,63
257032,74
257033,51
257054,52
257088,72
257091,42
257105,19
257116,64
257129,63
257166,47
257173,71
257196,56
257210,94
257216,88
257244,65
257251,83
257299,65
257356,42
257382,69
257384,33
257440,62
257460,25
257517,77
257518,12
257537,57
257542,75
257559,70
257655,76
257663,55
257666,67
257696,41
257702,67
257786,50
257788,57
257802,43
257817,37
257846,37
257882,47
257889,88
257910,56
257919,17
257934,44
257944,59
258001,58
258008,43
258033,59
258062,84
258085,53
258105,75
258111,41
258128,96
258145,39
258162,59
258194,112
258199,83
258221,81
258240,45
258245,68
258248,84
258335,63
258344,47
258345,62
258354,72
258375,75
258420,38
258439,66
258453,83
258463,64
258514,82
258524,59
258537,69
258557,28
258581,70
258591,48
258628,58
258638,68
258654,40
258665,51
258667,50
258705,46
258707,88
258714,74
258734,65
258775,62
258841,53
258873,67
258916,32
258923,58
258930,61
258996,66
259019,85
259201,81
259202,53
259212,51
259227,74
259229,87
259234,81
259252,54
259279,74
259304,29
259338,75
259340,83
259364,47
259374,60
259406,56
259415,27
259431,59
259442,83
259453,79
259477,47
259516,92
259526,60
259556,41
259588,51
259633,62
259642,31
259661,23
259662,39
259687,57
259712,43
259718,83
259751,65
259783,65
259815,69
259852,77
259875,65
259906,73
259951,76
259966,64
260000,54
260154,54
260179,58
260185,26
260207,74
260217,82
260273,51
260276,71
260307,63
260337,56
260383,77
260434,74
260456,60
260494,65
260520,85
260526,64
260538,64
260546,60
260572,73
260573,72
260591,40
260628,45
260633,97
260643,64
260656,61
260695,47
260708,58
260709,75
260729,50
260789,77
260791,49
260815,116
260817,30
260819,59
260837,64
260840,72
260854,43
260865,76
260921,58
260922,56
260923,61
260929,80
261021,68
261034,49
261043,79
261071,87
261079,62
261097,86
261109,58
261112,35
261124,69
261161,59
261199,42
261204,67
261217,57
261227,74
261297,75
261313,61
261315,55
261328,78
261366,68
261407,78
261437,40
261488,73
261493,80
261521,46
261527,54
261534,39
261566,81
261593,34
261608,55
261671,65
261675,71
261695,77
261699,18
261722,61
261728,84
261781,73
261890,71
261912,92
261926,50
261947,51
261963,49
261989,48
261999,66
262020,58
262021,68
262077,77
262099,75
262100,40
262110,55
262143,38
262193,56
262234,62
262265,50
262304,55
262339,51
262407,78
262428,77
262500,61
262505,59
262556,56
262573,69
262588,56
262601,50
262605,65
262618,58
262662,39
262680,59
262686,39
262704,30
262707,53
262710,89
262766,71
262786,86
262813,74
262845,54
262849,55
262880,75
262912,83
262935,85
262941,37
262970,35
263010,39
263013,82
263016,55
263030,68
263083,22
263088,30
263099,50
263110,84
263120,63
263129,74
263197,56
263198,34
263247,82
263248,56
263274,78
263293,42
263304,31
263305,47
263314,66
263327,35
263335,64
263340,64
263383,76
263420,60
263436,35
263438,24
263446,80
263459,91
263482,70
263507,67
263526,49
263546,82
263562,71
263566,50
263611,60
263627,59
263634,79
263635,40
263636,65
263665,49
263690,87
263722,60
263741,60
263765,67
263791,51
263803,46
263833,70
263843,30
263862,54
263896,73
264014,59
264040,40
264062,51
264086,89
264102,77
264142,47
264149,60
264152,85
264160,84
264190,42
264194,69
264200,38
264203,39
264215,70
264227,59
264243,49
264255,46
264260,99
264311,48
264321,21
264356,74
264366,50
264373,60
264375,40
264383,75
264386,46
264417,91
264465,49
264494,51
264550,68
264551,60
264579,47
264587,59
264590,62
264626,62
264628,61
264684,54
264762,60
264764,63
264784,67
264793,49
264815,46
264819,57
264823,62
264877,80
264884,69
264901,54
264929,85
264943,61
265096,61
265109,37
265133,70
265142,66
265172,84
265218,29
265222,41
265237,40
265246,63
265251,63
265317,73
265335,53
265339,78
265342,43
265390,55
265417,63
265449,35
265468,69
265496,87
265503,46
265506,62
265516,76
265562,93
265583,40
265607,44
265623,74
265685,83
265697,53
265699,36
265700,76
265703,59
265760,46
265770,83
265805,53
265810,73
265829,69
265901,1
265941,90
265956,54
265960,44
265975,54
266001,68
266003,88
266009,77
266010,47
266024,92
266033,73
266084,65
266103,43
266105,59
266146,68
266154,99
266157,9
266175,82
266192,29
266283,83
266290,62
266292,37
266293,74
266299,81
266300,58
266314,53
266346,79
266370,69
266398,64
266402,64
266413,66
266438,79
266456,63
266487,61
266514,37
266527,68
266528,74
266575,75
266623,64
266625,30
266627,55
266703,21
266791,65
266880,71
266916,84
266938,73
266939,37
266976,55
266977,71
266996,42
267024,60
267046,27
267048,48
267050,65
267080,50
267092,38
267129,67
267221,54
267226,51
267227,69
267276,71
267310,54
267335,70
267385,77
267404,44
267409,77
267415,46
267421,50
267439,63
267446,33
267447,67
267462,37
267472,61
267473,57
267488,73
267554,69
267562,55
267565,39
267582,56
267600,26
267615,37
267662,53
267669,76
267686,66
267704,43
267712,77
267750,47
267758,87
267792,53
267799,37
267815,54
267853,70
267875,54
267884,81
267891,29
267907,79
267908,84
267926,89
267987,44
268030,62
268034,67
268047,76
268048,76
268055,91
268098,77
268144,66
268158,58
268234,36
268247,80
268329,74
268420,54
268443,77
268444,48
268455,79
268486,82
268488,49
268500,67
268503,70
268507,47
268535,62
268609,47
268611,75
268615,84
268621,40
268622,58
268705,40
268735,48
268740,63
268749,54
268785,68
268830,47
268868,62
268874,63
268886,58
268902,46
268904,56
268905,57
268986,35
268997,47
269039,73
269072,81
269073,54
269076,59
269097,50
269103,74
269111,60
269146,67
269162,46
269197,103
269229,63
269239,106
269247,72
269248,78
269253,86
269274,66
269276,62
269284,78
269305,89
269333,41
269364,70
269409,94
269424,73
269446,53
269451,70
269504,43
269506,49
269517,33
269530,72
269557,96
269584,92
269629,58
269630,35
269659,40
269767,29
269778,55
269790,41
269825,78
269846,75
269911,92
269938,91
269960,52
269971,55
270006,87
270073,43
270106,55
270113,77
270114,56
270146,56
270179,40
270229,49
270234,59
270246,80
270265,63
270280,87
270314,67
270319,81
270331,68
270363,64
270429,93
270436,84
270485,46
270507,57
270520,62
270538,25
270552,61
270586,61
270596,54
270610,43
270631,70
270671,49
270692,66
270699,39
270701,81
270733,76
270767,108
270785,63
270805,54
270841,66
270857,73
270930,51
270939,51
270968,74
270972,36
271017,48
271052,37
271055,112
271062,106
271126,79
271127,52
271133,85
271166,70
271198,31
271213,68
271249,70
271252,46
271253,47
271275,93
271338,85
271366,52
271367,62
271370,59
271390,68
271393,40
271441,51
271483,51
271485,62
271486,69
271508,31
271522,71
271523,57
271573,72
271599,94
271613,83
271619,58
271681,34
271698,56
271699,82
271724,90
271755,85
271756,65
271772,68
271782,41
271786,49
271807,86
271819,70
271822,65
271862,54
271871,98
271882,21
271887,50
271902,79
271937,82
271971,66
272003,50
272083,83
272115,71
272117,40
272123,54
272125,39
272145,40
272151,61
272189,58
272235,55
272239,75
272244,58
272245,66
272286,66
272289,74
272301,67
272304,66
272305,47
272324,73
272389,71
272400,48
272416,64
272427,78
272428,65
272443,66
272448,41
272453,55
272463,51
272491,22
272521,71
272556,92
272562,55
272583,42
272586,67
272594,52
272604,24
272663,56
272669,57
272736,62
272763,45
272817,62
272822,27
272823,37
272882,88
272895,62
272904,75
272925,64
272928,67
272930,54
272960,54
272975,33
272978,55
273038,83
273039,30
273089,74
273092,71
273150,65
273152,54
273159,66
273206,44
273219,73
273232,105
273246,48
273268,59
273280,49
273289,39
273303,64
273318,70
273323,23
273350,70
273358,90
273368,28
273437,85
273451,44
273490,72
273556,29
273576,58
273610,71
273617,60
273623,57
273625,73
273671,43
273672,76
273692,47
273710,62
273743,102
273762,67
273783,46
273842,51
273974,61
274043,59
274063,87
274071,59
274105,83
274119,69
274174,109
274186,76
274194,31
274204,58
274258,26
274272,38
274302,35
274316,54
274321,54
274343,53
274344,44
274349,65
274366,25
274378,94
274387,76
274421,53
274424,33
274509,39
274571,89
274615,52
274668,83
274683,68
274712,38
274714,39
274778,39
274796,71
274811,75
274825,41
274869,75
274877,78
274892,69
274897,39
274904,39
274910,47
274944,59
274947,55
274959,73
275026,59
275027,67
275030,90
275034,82
275042,51
275043,50
275062,86
275063,69
275071,31
275100,66
275125,67
275147,33
275184,54
275194,50
275207,50
275226,58
275229,60
275232,30
275244,52
275303,49
275309,26
275313,66
275322,55
275346,70
275395,64
275404,35
275464,45
275471,51
275502,22
275542,63
275590,36
275613,74
275616,70
275654,50
275662,50
275684,74
275718,75
275731,64
275748,38
275752,48
275757,72
275794,68
275809,82
275812,64
275830,65
275867,91
275872,34
275880,59
275881,67
275892,38
275899,71
275905,60
275908,84
275909,39
275930,86
275950,46
276029,43
276056,63
276100,79
276127,53
276134,64
276180,35
276190,52
276203,69
276219,55
276265,57
276332,67
276336,37
276350,75
276351,63
276358,68
276372,79
276378,69
276384,66
276385,65
276386,76
276399,46
276417,60
276424,49
276460,67
276479,69
276480,70
276509,57
276514,55
276535,52
276571,65
276621,40
276636,59
276654,81
276666,91
276678,57
276686,78
276727,64
276763,84
276766,52
276812,86
276851,78
276986,51
277011,94
277034,35
277047,103
277098,88
277114,54
277115,90
277140,51
277146,83
277194,83
277235,32
277236,81
277242,30
277267,68
277344,47
277355,40
277386,49
277397,53
277408,41
277451,48
277477,48
277507,67
277511,50
277630,45
277680,18
277754,81
277769,61
277785,64
277793,54
277860,43
277918,36
277924,46
277940,76
277962,58
278009,54
278028,59
278032,74
278056,54
278059,92
278070,46
278071,62
278090,52
278137,82
278163,58
278248,90
278252,73
278253,36
278255,83
278280,60
278295,48
278307,37
278318,70
278341,40
278361,62
278371,86
278380,58
278393,19
278413,39
278431,32
278439,68
278452,80
278453,58
278522,68
278542,79
278558,93
278617,38
278637,48
278675,76
278736,67
278772,82
278774,58
278817,67
278858,59
278859,70
278871,63
278882,52
278889,57
278954,42
278963,69
278972,44
278989,99
279000,75
279054,58
279056,59
279058,66
279086,64
279107,82
279163,62
279164,76
279181,101
279224,43
279225,41
279255,69
279272,88
279290,55
279291,70
279292,71
279336,73
279343,69
279356,46
279393,103
279410,71
279417,76
279421,70
279425,76
279441,59
279478,55
279485,85
279490,84
279513,76
279543,68
279615,53
279619,77
279637,59
279638,56
279674,58
279708,45
279735,51
279743,74
279761,54
279790,86
279804,59
279819,56
279820,62
279843,30
279846,18
279854,47
279862,58
279937,33
279968,41
279975,70
279985,57
280038,27
280048,48
280050,76
280078,37
280086,104
280118,51
280168,28
280185,73
280188,48
280201,30
280206,35
280212,82
280221,69
280232,72
280240,88
280245,49
280253,45
280292,68
280293,78
280325,49
280368,80
280379,51
280380,95
280467,53
280519,47
280534,55
280542,37
280558,85
280612,82
280650,58
280681,45
280697,38
280702,67
280766,81
280788,58
280826,37
280950,65
280980,49
280991,57
281036,86
281045,45
281057,46
281059,86
281063,59
281125,70
281219,15
281227,85
281250,52
281271,71
281275,20
281292,67
281310,52
281321,80
281325,34
281339,60
281343,31
281346,45
281419,50
281434,75
281520,69
281529,50
281540,50
281545,61
281577,61
281597,100
281610,81
281611,63
281620,36
281654,48
281655,54
281674,70
281721,73
281747,54
281753,76
281766,51
281802,71
281890,45
281897,77
281934,51
282017,73
282028,43
282048,75
282065,82
282079,55
282096,31
282114,42
282144,73
282163,53
282167,71
282174,40
282188,35
282216,66
282246,43
282248,77
282272,51
282283,61
282333,84
282334,49
282343,69
282362,68
282389,61
282392,68
282423,78
282466,83
282490,32
282527,50
282529,38
282535,74
282571,42
282573,77
282583,47
282615,36
282624,67
282625,39
282627,71
282655,70
282664,91
282671,78
282672,47
282677,61
282683,74
282711,76
282746,63
282777,55
282793,66
282816,70
282823,46
282842,52
282855,75
282866,59
282893,60
282916,67
282927,45
282928,64
282945,59
282955,75
282963,89
283002,72
283004,61
283030,78
283036,52
283042,34
283044,56
283055,79
283066,44
283080,43
283089,70
283103,68
283112,33
283126,75
283130,73
283139,71
283142,48
283304,44
283319,62
283323,22
283350,70
283379,24
283410,40
283440,63
283458,45
283466,84
283482,67
283493,34
283519,48
283539,85
283548,71
283557,32
283560,51
283584,97
283593,68
283630,57
283664,61
283671,73
283674,69
283675,16
283706,48
283753,49
283779,83
283794,84
283797,58
283807,77
283833,54
283853,82
283872,87
283874,66
283908,65
283912,61
283977,68
283982,63
283983,53
283989,56
284008,49
284016,56
284051,60
284111,72
284115,52
284148,62
284154,55
284175,33
284199,24
284287,92
284313,42
284330,43
284331,59
284332,49
284352,47
284367,52
284395,50
284411,33
284429,37
284446,32
284469,55
284474,69
284511,42
284520,70
284609,43
284616,40
284666,57
284691,56
284709,91
284728,39
284767,90
284772,68
284780,82
284797,58
284865,39
284868,79
284887,60
284922,64
285045,66
285054,54
285056,85
285085,60
285095,86
285120,49
285121,61
285187,75
285218,47
285245,61
285272,63
285315,54
285325,67
285327,72
285340,69
285349,52
285375,68
285427,65
285452,63
285475,24
285536,58
285549,98
285550,45
285561,84
285607,73
285636,83
285682,65
285683,38
285711,68
285721,37
285722,79
285757,60
285759,60
285772,71
285799,65
285852,65
285861,90
285871,91
285875,34
285896,40
285902,55
285905,84
285910,56
285933,68
285977,60
285980,52
286006,76
286052,91
286065,87
286079,65
286089,49
286090,55
286091,75
286110,67
286134,89
286145,67
286150,70
286169,52
286209,76
286243,55
286252,82
286285,53
286344,71
286348,53
286399,34
286402,44
286410,51
286443,76
286500,48
286503,38
286549,62
286573,57
286603,81
286617,74
286642,51
286712,81
286725,98
286728,29
286739,32
286790,75
286806,74
286807,72
286813,56
286817,40
286818,86
286865,62
286965,59
287010,95
287064,50
287067,79
287087,36
287091,68
287096,61
287104,95
287113,71
287122,47
287127,70
287139,47
287140,59
287242,72
287250,44
287285,73
287287,40
287288,40
287308,50
287354,38
287427,64
287468,77
287469,81
287542,54
287543,66
287563,82
287569,50
287619,60
287665,59
287706,65
287722,20
287723,68
287739,81
287756,52
287767,64
287834,74
287856,57
287868,62
287874,52
287878,72
287885,60
287978,71
288028,62
288052,46
288075,81
288084,30
288142,69
288146,67
288180,65
288263,59
288289,77
288357,57
288360,63
288378,44
288396,67
288412,57
288442,71
288447,55
288454,42
288470,57
288477,69
288510,64
288524,52
288527,60
288571,43
288616,60
288637,67
288639,49
288640,70
288641,42
288645,62
288650,61
288704,64
288766,103
288767,72
288790,42
288832,68
288898,35
288899,43
288902,107
288925,94
288932,58
288960,39
288987,75
288991,48
289098,96
289101,59
289115,44
289158,48
289173,54
289184,35
289194,61
289201,53
289226,88
289243,58
289244,80
289267,53
289296,60
289316,52
289334,76
289367,60
289380,78
289383,46
289385,75
289405,87
289450,56
289468,102
289518,51
289588,65
289608,81
289611,53
289632,60
289638,60
289639,35
289648,75
289650,54
289671,77
289675,85
289679,54
289684,37
289710,38
289734,81
289798,71
289811,57
289821,50
289836,24
289837,40
289891,70
289902,50
289935,58
289940,64
289957,60
289965,45
289972,76
289974,84
289986,57
289991,64
290011,49
290020,73
290027,33
290028,54
290087,65
290107,10
290196,54
290228,72
290237,50
290260,89
290275,57
290278,38
290288,50
290335,50
290352,60
290384,55
290407,38
290448,92
290449,92
290456,66
290563,52
290564,62
290611,81
290613,79
290631,38
290658,75
290695,74
290733,48
290735,29
290770,82
290809,41
290832,35
290837,67
290941,46
290955,18
290962,40
290967,47
290976,70
290986,49
291028,29
291047,49
291082,71
291096,62
291147,68
291158,62
291168,43
291189,57
291255,45
291275,66
291277,45
291283,58
291308,68
291360,57
291379,78
291405,35
291419,20
291441,41
291457,51
291480,60
291509,43
291511,51
291578,37
291581,109
291673,100
291711,48
291763,62
291770,89
291781,66
291796,50
291798,59
291802,55
291821,28
291870,55
291874,45
291888,67
291920,63
291924,62
291937,47
291961,54
291982,44
292011,74
292020,80
292051,40
292057,64
292077,57
292092,58
292106,95
292129,43
292140,62
292148,52
292215,67
292218,60
292263,60
292272,53
292314,75
292353,32
292389,71
292394,46
292421,76
292453,86
292466,47
292485,56
292486,72
292532,27
292558,63
292562,34
292608,43
292609,65
292688,62
292689,61
292702,79
292770,37
292812,54
292813,42
292818,84
292819,59
292849,74
292858,69
292902,75
292951,38
292995,60
293172,55
293205,67
293231,84
293234,61
293277,70
293308,82
293334,51
293357,29
293377,50
293382,17
293389,49
293414,50
293423,52
293452,28
293516,42
293523,47
293525,88
293550,85
293555,70
293565,45
293599,78
293632,94
293648,58
293651,31
293670,59
293672,60
293683,86
293685,28
293697,72
293702,51
293714,61
293719,54
293727,65
293763,64
293771,80
293789,51
293805,72
293822,73
293828,66
293829,64
293841,59
293878,69
293888,56
293894,84
293912,25
293959,36
293967,71
294017,82
294023,50
294049,61
294063,46
294087,34
294115,31
294143,55
294144,39
294196,26
294223,72
294234,55
294242,64
294263,81
294285,43
294286,55
294308,59
294326,77
294327,77
294365,61
294372,58
294402,75
294416,105
294417,63
294427,85
294428,68
294505,81
294519,50
294606,40
294640,70
294654,54
294656,74
294657,36
294691,76
294695,62
294730,89
294758,63
294806,46
294836,80
294849,42
294859,64
294869,65
294879,63
294914,50
294973,32
294979,83
294988,44
295060,77
295096,60
295104,75
295114,92
295133,62
295141,82
295152,45
295177,65
295185,95
295201,24
295210,61
295254,60
295279,59
295297,60
295313,76
295363,76
295367,38
295368,25
295382,52
295456,44
295460,65
295467,48
295517,48
295550,64
295556,66
295562,77
295568,104
295569,61
295582,41
295593,34
295684,57
295690,61
295701,51
295711,61
295719,83
295777,73
295901,66
295951,50
295969,76
296033,39
296041,39
296051,64
296053,47
296099,51
296117,84
296143,90
296232,61
296251,84
296257,52
296261,42
296272,68
296273,66
296291,81
296327,56
296371,52
296410,58
296413,64
296431,49
296450,62
296486,33
296497,46
296539,75
296557,41
296561,80
296581,54
296618,38
296695,25
296709,63
296721,65
296768,69
296769,27
296798,54
296799,64
296805,84
296871,72
296896,68
296898,18
296934,28
296958,58
296963,47
296965,83
297046,54
297070,79
297093,66
297095,64
297166,70
297187,93
297213,40
297217,82
297226,60
297281,58
297282,73
297285,42
297309,66
297329,102
297380,29
297400,53
297418,72
297420,47
297437,59
297482,86
297494,82
297500,58
297606,33
297620,36
297643,48
297654,59
297708,86
297728,39
297745,41
297755,98
297792,58
297795,62
297815,59
297845,53
297891,65
297898,85
297908,69
297912,60
297918,93
297968,68
298063,37
298192,81
298196,55
298233,84
298239,75
298243,64
298259,48
298311,89
298317,39
298336,13
298360,52
298374,54
298394,65
298409,56
298410,57
298442,67
298472,56
298489,76
298535,70
298544,74
298596,74
298613,40
298628,59
298633,67
298634,98
298638,72
298713,41
298723,38
298765,69
298766,62
298776,63
298809,44
298835,56
298841,42
298862,72
298865,60
298944,73
298958,86
298969,60
298998,45
299006,80
299031,48
299034,75
299126,49
299145,56
299146,90
299183,56
299191,48
299195,52
299253,61
299254,18
299255,46
299270,91
299302,35
299309,67
299323,57
299337,21
299340,70
299341,34
299349,35
299354,74
299438,39
299474,35
299483,73
299531,98
299536,57
299541,67
299544,61
299545,46
299569,77
299576,64
299581,65
299617,76
299633,50
299660,73
299666,63
299685,100
299713,61
299723,32
299776,45
299782,75
299802,74
299821,54
299830,33
299832,27
299851,39
299861,52
299886,47
299889,39
299906,54
299909,75
299922,38
299940,87
299941,55
299942,86
299947,49
299961,54
299975,78
299980,80
300001,56
300012,69
300026,87
300034,46
300041,84
300129,45
300147,67
300149,56
300182,59
300201,51
300218,45
300221,57
300293,31
300305,71
300321,56
300357,74
300371,74
300379,32
300384,73
300392,80
300398,69
300415,72
300435,49
300460,33
300490,55
300511,42
300516,58
300542,60
300599,46
300673,87
300748,86
300751,48
300852,69
300870,59
300879,51
300882,84
300916,41
300933,60
300964,64
301003,71
301045,80
301078,49
301125,34
301135,51
301139,59
301162,57
301170,52
301179,43
301203,65
301212,77
301246,106
301247,57
301277,91
301312,71
301322,50
301329,50
301368,45
301372,62
301430,52
301439,44
301445,71
301474,90
301493,35
301525,42
301530,37
301536,67
301541,50
301551,62
301554,67
301593,28
301604,74
301618,94
301674,73
301678,97
301682,75
301698,27
301772,68
301798,75
301810,36
301845,86
301860,40
301883,34
301939,77
301951,69
301959,29
302004,55
302056,83
302058,67
302139,94
302147,56
302162,61
302174,69
302185,49
302200,37
302218,73
302281,84
302294,58
302316,53
302386,68
302403,67
302407,78
302420,68
302435,52
302483,72
302494,26
302513,51
302514,81
302515,40
302566,36
302594,71
302614,70
302655,39
302685,79
302695,17
302697,48
302763,67
302780,73
302822,71
302824,54
302844,72
302884,51
302886,74
302915,41
302923,48
302924,69
302950,72
302952,57
302953,61
302988,57
302999,55
303026,74
303112,77
303115,49
303138,59
303150,44
303176,106
303200,82
303215,75
303253,42
303260,61
303265,26
303269,68
303298,57
303305,61
303314,59
303317,55
303343,64
303348,88
303453,87
303460,105
303466,67
303503,84
303535,56
303557,62
303588,77
303609,77
303611,59
303626,72
303657,58
303688,35
303714,51
303782,56
303829,68
303830,60
303837,85
303847,74
303848,52
303876,69
303877,55
303887,88
303906,67
303911,56
303975,67
303976,61
303978,42
303983,73
303999,47
304000,63
304082,60
304107,59
304110,78
304118,92
304208,83
304213,70
304231,91
304294,54
304318,75
304327,95
304369,104
304396,89
304401,73
304426,63
304434,78
304440,66
304471,29
304472,67
304490,66
304506,52
304526,70
304529,71
304572,85
304575,22
304584,54
304588,40
304594,30
304648,65
304657,38
304686,62
304695,29
304774,102
304781,55
304811,47
304836,81
304844,42
304852,61
304865,69
304894,36
304922,83
304930,33
304934,68
304967,46
304970,69
304973,64
304980,47
305004,57
305018,34
305020,89
305022,66
305046,28
305080,58
305094,33
305095,79
305100,80
305130,65
305138,91
305149,40
305156,44
305169,65
305184,48
305242,75
305244,70
305262,15
305290,50
305311,53
305319,52
305334,53
305355,57
305356,61
305393,86
305403,50
305415,51
305436,96
305478,75
305490,65
305501,67
305543,55
305560,68
305564,51
305565,79
305588,49
305684,47
305715,86
305731,54
305743,48
305745,42
305758,94
305768,72
305769,41
305773,47
305795,50
305800,96
305803,57
305812,79
305813,49
305820,65
305821,80
305822,94
305842,52
305848,54
305850,51
305881,79
305901,74
306042,91
306057,51
306097,79
306107,55
306173,82
306196,83
306233,25
306245,98
306251,69
306258,63
306287,87
306307,84
306323,69
306329,53
306430,84
306461,38
306469,75
306474,22
306497,65
306525,82
306535,62
306554,81
306595,58
306623,84
306630,49
306638,100
306639,83
306641,70
306652,84
306703,67
306704,81
306726,34
306743,72
306766,73
306788,67
306815,42
306828,72
306857,78
306863,46
306879,57
306910,41
306912,43
306926,87
306945,72
306955,71
306972,88
306979,57
307032,90
307037,45
307054,57
307080,62
307103,63
307131,80
307134,98
307166,76
307172,58
307195,42
307196,46
307203,43
307207,54
307211,41
307226,80
307231,75
307254,73
307258,33
307274,26
307296,75
307298,78
307388,71
307415,56
307418,83
307433,25
307437,64
307438,94
307454,70
307504,65
307507,89
307531,32
307578,90
307604,86
307607,28
307667,3
307672,67
307681,78
307710,71
307727,45
307728,84
307731,53
307810,77
307836,71
307917,58
307927,49
307976,73
308191,93
308193,31
308206,69
308218,43
308235,82
308262,78
308293,54
308308,51
308317,24
308319,70
308342,42
308345,87
308365,47
308386,40
308436,57
308441,30
308451,52
308454,80
308460,78
308463,79
308502,50
308543,104
308601,89
308639,55
308656,45
308690,52
308702,32
308707,33
308730,68
308737,41
308767,50
308786,87
308792,66
308800,70
308827,43
308830,49
308869,100
308871,69
308884,35
308885,73
308932,90
308936,70
308959,26
308976,58
308996,78
308997,75
309039,65
309042,68
309044,81
309050,60
309083,39
309087,39
309119,53
309124,52
309128,107
309134,70
309140,49
309155,55
309204,26
309212,49
309232,62
309242,63
309257,65
309279,68
309287,84
309310,64
309319,58
309341,49
309344,35
309350,44
309363,54
309387,58
309415,61
309426,64
309433,79
309470,43
309495,92
309534,68
309595,59
309632,33
309649,76
309650,54
309658,99
309695,75
309702,32
309706,25
309774,55
309778,63
309791,58
309804,54
309809,79
309819,30
309820,21
309850,49
309903,52
309959,44
309983,39
309984,59
309996,124
310018,10
310101,40
310124,35
310142,51
310190,30
310191,60
310225,54
310272,77
310323,61
310328,84
310329,51
310331,55
310358,58
310361,69
310412,61
310414,71
310452,93
310511,45
310523,50
310526,71
310664,51
310702,87
310753,63
310754,53
310755,68
310769,69
310785,48
310789,81
310790,50
310820,42
310859,50
310865,67
310963,39
310968,85
311056,53
311079,51
311084,8
311090,55
311102,76
311118,72
311123,96
311124,42
311132,55
311169,78
311202,82
311224,103
311239,59
311315,79
311316,75
311335,76
311367,86
311368,39
311373,30
311392,44
311412,56
311457,53
311524,84
311534,72
311544,59
311554,87
311559,79
311585,49
311598,60
311605,73
311607,57
311627,21
311634,58
311641,74
311674,47
311679,68
311773,73
311778,41
311781,33
311792,57
311793,29
311798,55
311825,38
311829,1
311830,31
311880,71
311917,54
311958,58
311967,76
312030,44
312039,63
312040,54
312065,93
312070,38
312080,64
312081,63
312099,64
312130,59
312136,84
312164,89
312191,50
312192,81
312202,66
312204,54
312207,68
312214,49
312223,68
312226,61
312282,81
312283,69
312284,40
312322,48
312329,41
312333,58
312342,54
312384,40
312407,32
312434,34
312454,43
312497,37
312499,53
312502,45
312544,56
312564,71
312570,62
312590,55
312591,87
312595,78
312602,95
312631,71
312636,90
312713,58
312750,50
312790,69
312827,60
312839,65
312891,44
312912,64
312917,92
312918,53
312927,60
312960,61
312974,30
312997,61
313018,68
313035,77
313133,66
313200,43
313232,76
313244,59
313254,90
313275,52
313350,73
313355,70
313367,53
313381,90
313398,71
313400,68
313403,46
313427,61
313428,76
313432,34
313434,47
313457,69
313461,43
313505,56
313564,61
313577,87
313582,48
313598,97
313608,54
313659,77
313700,38
313759,95
313808,67
313809,57
313821,30
313828,37
313835,66
313836,71
313871,85
313883,38
313898,44
313925,40
313933,82
313934,65
313944,64
314023,61
314067,50
314087,40
314088,61
314142,59
314159,57
314163,59
314181,87
314203,77
314240,54
314245,41
314247,61
314262,57
314267,35
314292,87
314314,71
314373,80
314389,74
314396,54
314424,41
314433,92
314460,47
314469,70
314484,66
314485,46
314538,58
314555,42
314571,47
314573,1
314589,46
314619,74
314626,64
314643,85
314652,34
314670,43
314695,54
314699,69
314713,56
314730,62
314811,60
314828,76
314836,61
314840,95
314842,40
314853,28
314855,67
314867,37
314885,65
314888,65
314897,55
314898,55
314909,87
314925,59
314930,44
314933,56
314962,52
314972,41
315003,32
315010,44
315023,59
315073,51
315083,57
315084,48
315094,20
315101,82
315119,37
315138,32
315180,61
315217,64
315260,63
315293,78
315297,58
315303,44
315305,78
315323,75
315338,74
315342,85
315348,77
315395,41
315398,75
315427,41
315437,86
315462,75
315491,78
315553,82
315565,72
315577,87
315591,58
315594,71
315607,57
315613,60
315627,51
315643,61
315660,62
315675,62
315678,67
315701,78
315759,55
315768,54
315812,78
315818,51
315854,52
315885,40
315887,35
315906,77
315972,49
316000,75
316022,78
316023,65
316053,36
316059,64
316060,37
316065,71
316071,71
316089,42
316096,74
316103,28
316104,48
316139,44
316177,67
316255,32
316256,90
316264,104
316273,38
316300,71
316302,40
316307,40
316318,52
316321,73
316322,43
316329,56
316432,52
316450,71
316459,76
316462,55
316469,64
316482,87
316491,62
316501,83
316541,81
316590,58
316603,75
316605,50
316606,58
316628,27
316658,40
316665,55
316697,47
316701,75
316709,33
316713,91
316723,83
316759,49
316780,69
316786,80
316806,74
316812,66
316873,64
316891,48
316902,44
316907,20
316919,66
316924,42
316947,61
316959,67
317014,100
317025,59
317101,61
317133,42
317156,66
317158,60
317162,21
317168,72
317212,76
317232,72
317239,66
317263,66
317269,64
317282,48
317351,35
317360,57
317394,59
317419,38
317556,78
317560,41
317567,89
317570,32
317599,78
317614,36
317617,74
317625,41
317636,26
317676,64
317682,59
317691,46
317717,44
317750,60
317757,67
317847,43
317854,69
317893,66
317894,60
317895,69
317897,63
317967,61
317968,38
317969,75
317989,47
318006,79
318023,75
318024,47
318043,76
318060,62
318084,44
318107,49
318118,60
318129,82
318157,37
318164,69
318192,97
318193,79
318208,58
318227,70
318228,14
318257,60
318266,70
318287,67
318313,33
318376,77
318384,42
318387,48
318405,48
318421,65
318422,38
318451,59
318461,55
318462,48
318476,66
318482,43
318534,34
318543,38
318575,55
318577,79
318586,76
318607,65
318728,95
318775,58
318785,42
318834,35
318852,54
318853,70
318857,81
318886,108
318917,68
318933,47
318945,70
318983,93
318996,73
319000,67
319009,52
319011,62
319025,71
319040,61
319136,100
319146,54
319158,57
319162,35
319175,43
319202,66
319232,54
319277,59
319377,36
319410,69
319414,59
319435,89
319447,59
319451,46
319464,36
319467,68
319494,56
319515,63
319542,35
319559,60
319575,29
319583,60
319594,36
319627,46
319653,26
319659,54
319688,52
319695,86
319698,59
319708,26
319752,77
319755,43
319756,77
319780,55
319781,41
319802,70
319857,48
319929,70
319960,53
319977,17
319978,68
319988,62
319996,77
320015,48
320060,51
320063,75
320088,66
320090,28
320130,63
320134,50
320151,53
320154,44
320155,65
320158,76
320218,39
320223,33
320254,64
320263,77
320264,41
320297,49
320299,54
320305,43
320313,38
320325,70
320345,40
320356,74
320363,72
320375,53
320380,76
320386,81
320431,34
320436,31
320437,77
320529,62
320537,54
320627,42
320628,64
320640,44
320649,60
320679,38
320681,43
320736,76
320754,50
320755,43
320759,50
320775,57
320781,74
320782,59
320842,40
320846,71
320879,34
320898,47
320908,61
320912,27
320928,77
321028,53
321029,84
321068,69
321108,81
321110,35
321111,44
321114,48
321138,41
321144,49
321157,89
321163,86
321181,79
321215,21
321247,55
321252,77
321275,71
321320,31
321387,84
321394,81
321396,72
321422,67
321433,87
321439,50
321448,53
321471,51
321495,74
321497,69
321613,82
321629,67
321634,78
321635,88
321643,24
321651,56
321664,98
321670,57
321696,51
321697,97
321700,73
321739,79
321749,52
321759,76
321773,53
321808,96
321887,44
321889,72
321932,85
321946,45
321975,47
321992,89
322002,51
322067,76
322090,52
322091,73
322104,91
322119,26
322132,86
322158,49
322194,31
322205,24
322206,67
322228,53
322232,70
322236,52
322284,74
322285,78
322289,62
322304,42
322308,58
322386,72
322402,48
322434,59
322454,49
322460,29
322464,79
322505,85
322506,71
322558,79
322628,60
322682,67
322694,46
322703,26
322722,65
322735,68
322737,80
322768,46
322916,41
322921,64
322927,67
322970,70
322982,59
323027,40
323034,68
323041,73
323063,46
323093,33
323129,56
323144,38
323152,61
323188,38
323211,74
323217,52
323250,98
323262,73
323281,63
323311,69
323318,44
323336,51
323348,59
323375,71
323385,68
323391,45
323393,71
323405,55
323416,47
323419,59
323447,93
323459,78
323462,50
323535,62
323593,85
323597,85
323598,57
323625,49
323636,55
323660,42
323727,66
323837,67
323891,18
323912,34
323913,61
323957,71
323958,80
323970,53
323973,44
323977,39
323990,84
324016,58
324030,82
324064,82
324068,53
324075,72
324089,45
324090,28
324091,18
324102,70
324125,69
324153,5
324221,84
324270,50
324299,111
324301,65
324317,62
324328,77
324336,43
324376,42
324429,37
324445,68
324469,98
324482,64
324532,24
324533,66
324534,84
324536,73
324568,33
324580,54
324588,36
324623,42
324627,44
324640,60
324702,58
324753,76
324795,67
324799,61
324813,105
324832,49
324863,29
324875,46
324930,25
324954,34
324955,60
324958,53
324986,73
325003,52
325025,45
325059,55
325072,81
325090,42
325103,66
325130,65
325168,56
325221,97
325229,80
325235,38
325242,46
325258,78
325282,50
325322,64
325334,55
325338,61
325352,69
325369,56
325377,95
325406,24
325418,72
325454,57
325477,44
325545,69
325547,73
325567,64
325603,38
325624,36
325671,71
325694,83
325704,34
325705,48
325745,59
325767,67
325815,49
325831,58
325841,60
325859,70
325869,65
325902,62
326003,61
326028,50
326034,88
326057,64
326088,52
326093,70
326115,45
326135,91
326164,39
326168,81
326177,58
326182,60
326197,69
326246,56
326308,66
326312,83
326314,54
326324,95
326326,67
326354,55
326361,30
326385,86
326423,64
326429,74
326440,45
326479,64
326489,68
326539,41
326555,82
326609,58
326612,40
326618,33
326663,71
326682,49
326699,59
326701,74
326702,66
326733,75
326759,65
326761,27
326766,72
326772,72
326781,34
326795,65
326799,55
326813,71
326839,103
326916,62
326944,75
326958,83
327005,80
327027,88
327028,46
327041,40
327048,27
327065,30
327079,97
327093,86
327157,80
327168,71
327208,76
327212,73
327218,44
327236,74
327238,88
327261,80
327267,98
327275,53
327276,44
327296,79
327362,70
327363,87
327392,42
327395,75
327424,20
327430,77
327433,47
327446,69
327451,46
327469,64
327498,100
327525,42
327527,59
327548,41
327607,41
327626,45
327664,47
327706,74
327713,67
327732,65
327738,46
327751,70
327770,62
327781,32
327799,33
327886,108
327896,40
327918,73
327926,81
327932,77
327935,36
327946,55
327979,60
327989,38
328049,30
328055,69
328091,60
328101,46
328144,60
328202,78
328222,84
328229,53
328239,76
328246,83
328257,51
328272,67
328275,61
328306,70
328336,50
328341,56
328348,78
328378,61
328393,53
328404,65
328410,54
328449,60
328469,75
328494,52
328503,55
328557,54
328577,66
328591,66
328594,44
328659,59
328709,88
328718,32
328740,59
328753,56
328846,45
328862,89
328887,72
328903,40
328927,56
328963,52
329005,53
329009,29
329082,46
329143,81
329169,65
329191,72
329276,54
329284,65
329290,80
329322,56
329357,43
329370,43
329377,58
329408,22
329476,63
329477,67
329514,37
329550,83
329569,63
329612,47
329636,91
329767,81
329789,43
329814,42
329828,73
329835,59
329863,55
329868,72
329874,100
329875,56
329885,78
329973,69
330055,37
330069,58
330079,43
330083,57
330098,100
330117,68
330128,66
330171,58
330174,60
330228,44
330241,91
330257,12
330297,60
330325,17
330348,62
330360,68
330377,76
330392,36
330401,34
330404,88
330487,34
330500,70
330501,52
330538,70
330641,76
330649,77
330679,69
330683,64
330738,63
330751,42
330754,51
330758,58
330759,61
330779,72
330804,46
330816,48
330888,48
330908,43
330914,50
330915,81
330917,61
330918,50
330922,15
330926,60
330954,11
330987,59
331033,83
331063,90
331107,68
331125,49
331173,79
331197,94
331212,47
331220,53
331222,45
331223,25
331276,96
331278,62
331279,64
331289,85
331305,37
331325,49
331340,65
331349,65
331351,49
331371,37
331375,62
331390,50
331404,63
331416,67
331418,65
331430,85
331455,85
331482,60
331497,53
331513,76
331624,61
331645,57
331650,50
331680,68
331681,39
331684,60
331688,56
331721,88
331741,66
331793,96
331813,77
331823,36
331830,40
331831,54
331851,44
331855,32
331860,45
331885,73
331900,69
331958,54
331984,95
332002,56
332012,84
332034,58
332038,54
332081,61
332082,41
332083,69
332102,23
332103,17
332111,41
332118,86
332149,49
332152,70
332167,69
332199,37
332201,78
332240,67
332247,52
332248,63
332283,88
332344,35
332354,81
332367,32
332369,64
332372,88
332384,75
332385,54
332405,78
332468,96
332476,92
332523,34
332546,81
332606,69
332626,58
332679,55
332680,71
332710,48
332720,38
332803,113
332819,54
332852,60
332863,91
332877,51
332879,37
332890,71
332938,45
332975,77
333054,45
333072,52
333074,61
333079,79
333093,79
333094,85
333095,72
333098,66
333126,52
333137,77
333139,77
333151,58
333154,69
333187,71
333243,54
333247,47
333266,48
333285,77
333349,67
333374,68
333413,67
333414,37
333427,74
333429,59
333436,65
333461,67
333463,60
333467,94
333512,44
333524,37
333542,61
333563,82
333580,77
333581,59
333597,55
333623,51
333625,48
333639,60
333663,79
333689,54
333702,55
333705,52
333712,68
333743,50
333800,40
333870,31
333907,72
333911,84
334016,41
334049,33
334065,40
334077,44
334090,36
334138,58
334142,56
334144,84
334146,73
334176,58
334221,43
334222,50
334228,71
334239,53
334257,74
334287,71
334319,41
334421,62
334497,62
334563,53
334564,93
334577,58
334588,43
334606,50
334608,67
334618,64
334683,45
334693,78
334714,61
334733,36
334740,42
334750,4
334837,64
334854,66
334865,68
334875,40
334906,88
334907,19
334951,100
334957,80
334974,73
335034,49
335035,86
335042,116
335063,41
335123,64
335134,45
335155,37
335171,72
335189,55
335213,16
335222,88
335244,73
335255,87
335256,93
335281,51
335300,80
335303,41
335313,56
335410,69
335464,53
335471,71
335473,53
335489,71
335500,50
335532,43
335553,64
335554,78
335566,52
335592,86
335666,71
335687,63
335698,37
335727,85
335745,25
335746,47
335752,86
335766,54
335787,94
335808,55
335815,40
335842,64
335864,57
335870,76
335879,71
335919,60
335924,48
335979,37
336030,56
336032,80
336038,49
336072,75
336088,60
336142,24
336143,50
336192,95
336206,62
336209,65
336259,76
336267,29
336285,41
336352,99
336404,49
336433,68
336446,58
336448,48
336475,53
336484,27
336493,74
336505,55
336547,85
336548,53
336553,86
336559,46
336560,44
336585,54
336636,75
336659,39
336666,93
336702,82
336703,54
336710,69
336770,8
336775,93
336798,72
336840,73
336871,66
336873,111
336882,47
336910,79
336915,63
336931,31
336963,55
336999,62
337012,53
337032,29
337033,84
337040,68
337041,45
337067,57
337074,61
337092,58
337131,93
337132,79
337139,64
337151,59
337165,41
337176,76
337216,28
337236,103
337269,66
337277,68
337285,67
337305,64
337330,70
337425,45
337435,98
337465,47
337480,65
337534,78
337592,61
337625,75
337650,88
337669,57
337719,58
337720,44
337751,69
337761,45
337776,74
337793,90
337818,64
337847,9
337850,47
337897,91
337983,49
338006,61
338007,70
338024,44
338072,65
338090,57
338123,84
338137,72
338143,63
338182,89
338192,77
338197,54
338225,58
338259,74
338287,44
338294,62
338299,57
338304,79
338312,91
338315,69
338353,62
338361,58
338382,70
338383,54
338393,42
338398,65
338403,38
338413,59
338414,93
338421,78
338435,52
338452,42
338553,48
338574,58
338576,54
338609,29
338642,86
338703,60
338765,108
338766,55
338774,55
338779,75
338780,79
338791,54
338804,69
338840,65
338864,67
338894,69
338896,78
338901,15
338909,66
338999,42
339029,71
339048,87
339054,39
339086,37
339117,48
339165,62
339232,59
339282,45
339365,30
339385,72
339411,59
339445,42
339462,63
339476,70
339486,77
339495,77
339514,74
339538,81
339541,48
339594,82
339601,53
339609,62
339618,72
339655,45
339665,50
339687,67
339743,64
339745,60
339786,65
339803,44
339818,53
339824,31
339827,53
339836,71
339849,29
339864,80
339900,73
339908,56
339932,43
339949,15
339966,56
339999,64
340016,58
340042,60
340090,24
340112,74
340137,59
340152,59
340157,50
340174,40
340197,39
340212,65
340247,62
340249,70
340302,54
340330,42
340422,91
340481,89
340495,57
340496,37
340501,63
340527,49
340556,58
340564,40
340742,86
340756,59
340760,37
340772,81
340786,79
340849,92
340900,84
340917,56
340951,65
340958,78
340985,50
341002,68
341006,49
341027,41
341042,72
341079,36
341144,80
341165,66
341185,50
341217,49
341221,38
341233,46
341283,33
341303,115
341336,48
341373,73
341409,54
341427,69
341450,59
341480,44
341483,89
341492,30
341506,32
341530,68
341544,56
341579,77
341601,73
341602,57
341611,66
341624,63
341638,68
341677,75
341684,56
341718,75
341722,54
341725,61
341772,52
341881,35
341901,64
341908,71
341951,34
342018,39
342041,63
342052,74
342056,52
342108,69
342121,51
342143,72
342256,37
342273,28
342293,63
342315,69
342316,80
342324,50
342348,67
342351,50
342387,64
342391,44
342443,59
342448,66
342466,35
342472,80
342480,60
342485,84
342504,67
342522,65
342524,79
342531,87
342540,37
342549,79
342596,47
342621,82
342642,70
342645,57
342695,72
342714,53
342720,69
342744,114
342775,62
342797,72
342811,36
342813,24
342821,73
342834,83
342837,19
342892,119
342897,70
342946,34
342999,53
343009,46
343087,72
343098,64
343136,35
343147,74
343193,63
343199,60
343204,87
343208,53
343220,70
343238,32
343252,45
343254,51
343262,77
343284,78
343300,75
343353,74
343354,38
343372,30
343401,69
343402,26
343412,67
343417,68
343427,71
343428,81
343452,55
343506,51
343512,72
343546,72
343564,73
343577,57
343667,63
343737,67
343821,73
343824,69
343859,80
343860,81
343889,66
343951,71
343972,77
343976,56
343978,70
343980,80
343995,61
343999,50
344012,81
344072,49
344083,120
344112,58
344132,80
344147,24
344163,45
344191,106
344192,39
344202,82
344234,68
344263,59
344364,91
344404,41
344416,65
344442,69
344469,26
344518,76
344527,28
344555,47
344585,69
344611,42
344622,78
344624,36
344654,64
344672,66
344690,51
344692,60
344698,78
344723,76
344726,46
344775,59
344799,70
344812,1
344821,85
344853,55
344890,67
344891,64
344892,36
344897,80
344947,97
344962,50
344963,78
344970,64
345013,52
345033,76
345087,55
345095,79
345102,78
345107,76
345140,35
345157,45
345183,76
345195,108
345245,78
345280,44
345290,68
345319,51
345327,42
345329,43
345363,78
345382,67
345417,88
345423,45
345437,37
345445,47
345484,55
345512,64
345531,48
345563,63
345590,73
345619,76
345626,46
345634,41
345669,71
345689,45
345690,45
345751,39
345767,100
345778,68
345825,64
345830,88
345850,81
345856,90
345888,29
345899,51
345991,84
345993,73
345996,52
346008,78
346027,56
346036,62
346038,27
346039,65
346040,47
346045,65
346073,61
346074,60
346103,54
346111,47
346141,48
346153,58
346179,78
346186,62
346188,39
346189,52
346202,70
346204,47
346215,42
346241,49
346283,106
346303,86
346313,41
346350,53
346365,34
346381,80
346422,58
346430,64
346483,35
346510,56
346568,42
346584,66
346593,59
346597,73
346599,81
346611,57
346634,75
346636,63
346654,89
346686,36
346687,49
346723,70
346745,84
346757,87
346765,58
346775,80
346777,65
346818,50
346839,45
346851,92
346909,74
346918,93
346936,50
346956,46
346973,56
347003,55
347019,27
347023,72
347035,95
347046,41
347056,65
347059,73
347104,60
347105,71
347106,86
347139,65
347163,63
347169,60
347176,90
347177,45
347181,36
347182,66
347185,59
347190,60
347220,76
347226,70
347238,44
347281,67
347292,52
347304,53
347308,65
347320,75
347357,44
347396,62
347403,77
347404,33
347415,66
347421,25
347468,39
347496,90
347497,44
347504,74
347531,42
347536,69
347552,41
347567,30
347580,40
347603,70
347617,66
347630,65
347646,94
347647,68
347681,81
347688,47
347695,52
347716,42
347727,71
347728,37
347732,24
347734,51
347741,76
347769,78
347783,39
347787,44
347798,57
347813,92
347831,46
347832,61
347835,75
347839,60
347869,34
347896,28
347898,113
347903,58
347904,57
347915,56
347948,72
347993,75
347998,83
348013,81
348087,54
348143,50
348153,23
348176,53
348214,107
348257,84
348267,64
348300,42
348319,42
348325,75
348335,67
348337,39
348351,49
348366,102
348367,87
348373,56
348382,62
348392,34
348452,72
348470,75
348472,48
348477,53
348519,71
348579,76
348580,52
348586,34
348593,52
348600,88
348653,82
348659,77
348668,44
348670,64
348691,92
348766,68
348800,55
348806,37
348825,43
348829,72
348880,64
348905,76
348920,60
348921,60
348922,66
348924,41
348952,84
348959,46
349048,42
349059,101
349119,48
349149,85
349153,49
349191,65
349270,75
349285,43
349293,48
349324,41
349350,60
349396,60
349398,65
349434,57
349450,70
349453,47
349499,61
349561,53
349610,47
349620,86
349623,63
349625,61
349674,67
349680,71
349690,57
349709,81
349751,47
349789,51
349800,90
349818,59
349822,79
349823,80
349829,63
349851,63
349868,73
349869,63
349880,61
349912,71
349916,39
349927,77
349947,46
349970,88
349981,58
349994,52
350005,56
350007,57
350014,27
350021,59
350022,25
350051,24
350074,90
350075,60
350077,71
350119,78
350141,69
350144,65
350217,55
350218,61
350224,44
350264,59
350270,57
350349,65
350364,49
350396,81
350408,59
350419,74
350443,81
350460,72
350461,120
350472,59
350622,56
350633,60
350653,69
350660,98
350714,44
350744,90
350778,53
350779,81
350826,68
350862,60
350873,58
350886,62
350913,66
350921,78
350931,57
350932,60
350947,45
350972,43
350982,75
351016,60
351032,58
351085,69
351093,52
351113,66
351130,53
351186,79
351201,28
351203,49
351207,67
351258,76
351326,73
351332,86
351339,41
351352,64
351357,75
351387,40
351393,68
351431,32
351477,40
351484,78
351530,66
351540,56
351547,59
351553,46
351566,55
351576,69
351582,67
351583,70
351585,76
351597,45
351598,71
351603,87
351610,57
351624,47
351640,78
351649,57
351661,55
351669,60
351679,45
351707,57
351709,54
351754,55
351756,68
351856,53
351922,49
351948,60
352014,76
352076,71
352089,49
352112,55
352115,46
352148,68
352182,75
352211,59
352231,80
352257,68
352272,77
352290,66
352299,59
352314,57
352326,81
352362,51
352412,42
352448,72
352451,67
352491,58
352550,60
352553,43
352559,49
352568,57
352578,69
352584,82
352613,60
352647,48
352655,51
352691,57
352731,53
352734,69
352800,75
352813,59
352828,74
352838,87
352876,51
352883,111
352895,66
352912,50
352940,11
352951,49
353005,66
353035,71
353086,45
353115,48
353116,75
353127,28
353134,62
353147,44
353171,60
353184,55
353192,36
353250,72
353263,66
353285,54
353303,83
353318,48
353329,55
353351,80
353441,47
353468,15
353483,79
353484,61
353486,85
353669,73
353689,68
353702,66
353703,50
353714,67
353730,69
353733,46
353755,64
353756,74
353758,80
353788,80
353857,80
353859,21
353866,39
353880,64
354011,47
354026,55
354041,64
354066,57
354074,42
354080,66
354090,40
354113,65
354114,52
354136,47
354154,40
354230,49
354246,50
354257,36
354285,60
354294,53
354341,65
354358,61
354371,78
354381,49
354390,17
354423,97
354429,50
354437,77
354440,68
354442,11
354443,50
354449,87
354456,104
354462,63
354465,90
354477,34
354507,32
354540,71
354567,100
354613,35
354624,44
354630,58
354635,87
354662,49
354693,51
354727,74
354731,28
354807,69
354837,43
354874,55
354896,56
354910,91
354953,57
354963,91
354973,87
354981,52
355007,69
355034,47
355054,76
355057,96
355102,40
355163,55
355194,48
355198,66
355211,53
355220,74
355240,54
355266,46
355267,31
355347,68
355370,48
355424,59
355434,49
355480,53
355503,59
355504,81
355541,73
355568,41
355576,38
355579,59
355616,60
355623,49
355645,52
355669,65
355670,34
355735,82
355746,70
355789,67
355803,71
355846,59
355862,87
355863,46
355926,49
355931,39
355937,65
355940,45
355966,44
355978,25
356010,67
356011,36
356020,85
356048,57
356059,44
356060,67
356090,67
356105,64
356163,60
356164,45
356183,86
356202,45
356221,48
356227,106
356297,69
356308,58
356311,59
356316,72
356339,12
356422,74
356448,48
356498,90
356536,82
356581,77
356589,78
356615,34
356627,68
356636,95
356643,81
356688,62
356697,63
356716,74
356724,51
356741,88
356792,65
356807,68
356821,84
356836,72
356850,66
356868,55
356876,56
356912,80
356960,95
356962,88
356963,34
357027,75
357037,43
357054,26
357062,81
357093,100
357096,60
357143,42
357144,53
357176,56
357177,14
357193,76
357197,78
357242,64
357309,14
357328,59
357348,61
357350,72
357400,64
357405,30
357479,71
357482,98
357530,68
357536,51
357572,49
357602,54
357705,52
357710,38
357757,70
357776,49
357778,62
357798,42
357803,86
357829,73
357869,71
357875,36
357934,79
357942,91
357944,85
357959,61
358004,66
358072,48
358138,64
358154,32
358156,69
358221,49
358238,58
358287,64
358298,73
358309,56
358319,51
358332,62
358340,44
358349,73
358352,43
358361,72
358365,56
358387,56
358415,81
358447,76
358458,85
358505,92
358537,55
358542,46
358576,38
358578,24
358597,84
358598,76
358602,59
358644,66
358692,57
358698,73
358706,87
358713,50
358741,54
358749,72
358779,43
358783,53
358812,73
358838,60
358857,38
358869,20
358920,25
358950,75
358952,82
358973,82
359009,58
359020,14
359047,25
359070,54
359093,52
359094,55
359128,68
359135,95
359143,77
359173,61
359223,43
359227,73
359340,66
359372,78
359415,43
359480,62
359511,42
359544,52
359567,58
359572,66
359601,33
359607,87
359621,45
359660,64
359663,84
359689,64
359772,89
359788,55
359815,53
359893,77
359907,40
359919,52
359939,29
359942,76
359949,89
359950,74
360017,101
360068,37
360085,96
360102,60
360115,71
360134,74
360135,58
360194,59
360196,81
360217,65
360231,50
360238,36
360249,29
360261,79
360277,74
360278,65
360306,66
360315,54
360318,6
360327,4
360331,65
360336,38
360342,53
360376,49
360380,104
360440,68
360446,88
360479,49
360481,98
360496,69
360519,50
360563,93
360603,72
360633,42
360636,53
360656,67
360661,63
360686,79
360704,55
360731,87
360753,67
360802,64
360814,87
360817,66
360856,72
360887,44
360906,46
360912,72
360930,58
360934,78
360947,55
360949,67
360983,66
361030,43
361033,68
361062,53
361096,55
361152,74
361158,45
361195,54
361201,70
361253,69
361265,17
361288,81
361291,77
361353,82
361365,68
361412,96
361421,41
361442,98
361445,76
361464,57
361487,58
361508,43
361509,75
361524,56
361540,52
361543,75
361548,44
361549,47
361550,69
361640,63
361649,98
361713,45
361730,83
361734,43
361760,53
361764,87
361791,79
361797,65
361901,23
361903,58
361974,68
362047,68
362131,44
362178,62
362204,70
362280,54
362281,22
362298,59
362364,72
362381,52
362395,90
362399,62
362422,86
362427,70
362431,79
362445,46
362447,47
362546,80
362573,60
362621,54
362639,89
362644,64
362649,14
362686,95
362705,69
362708,78
362716,73
362769,73
362779,83
362811,57
362837,48
362848,54
362883,75
362901,104
362906,70
362927,84
362942,31
362958,56
362968,89
362995,88
363009,44
363029,56
363043,76
363054,87
363098,55
363186,70
363189,58
363237,52
363285,48
363309,50
363342,33
363350,62
363362,57
363395,65
363417,44
363439,65
363490,56
363491,58
363500,39
363530,62
363535,94
363542,43
363544,75
363546,31
363566,98
363588,53
363637,71
363678,62
363719,36
363751,47
363808,65
363888,51
363956,44
363983,58
363997,85
364043,48
364062,29
364083,56
364090,63
364122,89
364144,67
364155,87
364156,46
364218,54
364233,41
364237,45
364246,81
364251,58
364290,37
364298,48
364303,71
364343,85
364349,88
364426,61
364435,20
364440,44
364463,48
364475,42
364563,83
364568,55
364581,59
364606,61
364726,71
364736,68
364743,67
364759,99
364777,77
364779,39
364786,18
364857,65
364892,59
364905,60
364928,56
364941,33
364998,86
365001,58
365006,62
365024,70
365029,72
365058,50
365071,43
365098,84
365139,64
365159,83
365170,45
365217,70
365219,66
365227,61
365228,62
365241,53
365249,72
365258,53
365262,20
365272,60
365317,66
365322,69
365344,59
365384,69
365424,50
365467,58
365513,24
365566,61
365614,57
365616,51
365678,47
365679,37
365697,67
365702,46
365737,60
365759,47
365764,63
365790,92
365808,51
365892,78
365907,98
365923,84
365983,44
365988,50
366091,38
366115,58
366120,71
366135,60
366136,56
366149,35
366171,76
366172,78
366184,65
366188,62
366196,77
366212,38
366217,68
366274,52
366289,86
366333,99
366389,63
366407,47
366408,38
366423,36
366425,77
366516,78
366525,40
366542,49
366560,71
366566,67
366567,30
366599,64
366660,61
366687,62
366718,78
366721,35
366722,83
366735,37
366736,71
366788,38
366807,101
366816,46
366822,33
366847,55
366866,90
366908,36
366970,50
366995,68
367011,40
367012,69
367013,45
367014,92
367050,66
367063,39
367079,64
367099,38
367131,41
367132,35
367156,48
367158,45
367171,57
367187,74
367263,82
367276,86
367315,66
367316,69
367317,33
367323,96
367353,50
367373,60
367404,72
367493,30
367504,94
367519,60
367585,76
367605,29
367633,44
367645,75
367672,59
367688,70
367717,67
367720,73
367732,70
367760,60
367764,51
367853,52
367923,65
367979,88
368008,70
368084,87
368110,31
368112,39
368129,46
368141,93
368191,68
368205,50
368217,65
368218,81
368236,68
368243,50
368267,74
368287,43
368292,75
368301,70
368368,44
368380,73
368415,61
368420,42
368433,80
368440,52
368480,61
368497,45
368513,47
368520,40
368526,52
368531,72
368538,72
368591,80
368672,85
368701,59
368703,49
368736,46
368753,89
368763,57
368767,74
368772,54
368783,49
368813,64
368828,80
368836,38
368842,27
368846,55
368877,89
368878,47
368887,97
368914,67
368935,52
368937,27
368947,45
368971,44
368983,44
368985,63
368990,76
368995,39
369031,62
369042,65
369060,107
369099,66
369105,60
369117,66
369126,23
369155,57
369164,85
369166,86
369191,73
369204,35
369211,41
369215,104
369222,57
369306,56
369340,43
369386,84
369400,32
369401,58
369428,61
369444,40
369446,43
369465,57
369486,54
369496,44
369535,45
369554,39
369576,56
369590,82
369613,65
369615,66
369652,67
369668,51
369670,53
369727,43
369732,46
369839,52
369875,60
369882,62
369888,61
369899,54
369906,54
369924,41
369932,38
369949,55
369953,50
369962,36
369963,44
370003,26
370030,62
370058,59
370071,77
370092,63
370101,56
370103,81
370108,65
370174,45
370182,60
370184,71
370189,35
370208,27
370233,76
370298,68
370305,73
370306,31
370324,72
370346,64
370350,53
370361,90
370383,70
370412,69
370433,60
370435,62
370480,88
370489,54
370524,71
370526,99
370564,57
370658,53
370670,69
370676,35
370686,66
370698,55
370738,100
370749,61
370816,70
370951,66
370952,85
370996,33
371022,41
371035,56
371048,73
371060,47
371075,65
371090,76
371094,72
371116,52
371129,17
371194,87
371202,78
371215,21
371218,49
371228,69
371288,91
371291,68
371308,26
371356,50
371362,52
371407,59
371411,93
371450,61
371453,80
371482,37
371543,56
371603,50
371606,95
371627,46
371700,35
371715,89
371747,71
371755,40
371763,73
371768,44
371771,64
371811,61
371859,64
371860,73
371953,80
371955,71
371959,100
371963,55
371971,68
371972,81
371987,78
371990,69
371992,64
372000,48
372012,48
372032,21
372056,62
372059,37
372085,48
372086,52
372118,54
372121,43
372149,58
372180,39
372200,35
372209,32
372211,66
372223,63
372229,60
372263,73
372266,57
372324,45
372331,59
372371,64
372382,41
372402,62
372419,108
372426,77
372430,90
372438,74
372445,53
372451,37
372464,53
372483,111
372512,73
372565,46
372578,38
372631,50
372641,75
372651,51
372719,82
372730,64
372780,64
372787,74
372793,42
372798,35
372889,13
372900,69
372922,76
372940,57
372944,74
372978,62
372979,46
372987,63
372992,58
373032,76
373064,86
373088,45
373094,75
373102,48
373121,41
373122,48
373127,29
373132,77
373139,65
373140,27
373143,73
373148,82
373151,100
373152,37
373213,59
373220,34
373224,69
373256,41
373267,67
373278,55
373291,60
373306,64
373340,80
373365,80
373378,84
373380,48
373381,73
373383,78
373404,77
373456,42
373457,75
373473,80
373502,49
373509,28
373533,67
373564,72
373565,79
373574,49
373618,52
373666,68
373683,72
373689,74
373703,29
373715,45
373749,42
373772,46
373803,72
373817,74
373818,81
373822,77
373831,33
373843,92
373849,71
373863,55
373868,43
373878,63
373938,60
373940,54
373971,55
373974,42
373986,55
374012,54
374024,50
374036,55
374043,69
374051,43
374054,64
374076,55
374096,65
374182,57
374294,64
374304,31
374318,43
374352,61
374354,67
374367,57
374372,29
374380,62
374390,79
374435,46
374453,40
374488,34
374513,51
374526,33
374528,76
374531,66
374606,68
374617,54
374622,68
374665,64
374667,80
374696,80
374697,43
374724,88
374725,62
374736,63
374753,94
374758,42
374762,83
374778,52
374783,67
374829,76
374830,79
374843,56
374846,68
374865,36
374885,69
374887,69
374896,47
374905,59
374906,24
374927,52
374948,60
374953,80
374954,71
374955,66
374961,79
375000,64
375006,81
375034,84
375037,57
375042,41
375060,69
375067,37
375068,25
375084,53
375171,50
375191,36
375202,70
375238,50
375244,80
375253,56
375294,66
375298,51
375306,67
375328,55
375335,73
375361,88
375376,70
375383,40
375392,7
375396,50
375413,81
375428,21
375433,64
375468,56
375479,46
375530,66
375534,70
375561,65
375595,58
375604,66
375635,50
375667,67
375671,87
375683,69
375684,67
375713,34
375743,40
375764,57
375795,63
375837,106
375844,99
375850,41
375877,76
375879,41
375881,14
375886,45
375919,47
375937,72
375967,56
376027,59
376046,63
376080,60
376089,36
376132,47
376152,80
376156,56
376165,58
376167,22
376169,40
376192,57
376201,55
376208,43
376213,34
376240,55
376245,66
376292,54
376297,45
376301,44
376304,44
376341,76
376351,84
376423,67
376434,54
376472,50
376503,41
376521,59
376544,23
376586,71
376623,69
376652,42
376657,61
376668,65
376669,80
376687,97
376688,75
376701,71
376722,65
376754,69
376786,70
376787,51
376791,95
376850,47
376853,43
376854,71
376870,53
376873,64
376898,40
376952,94
376953,71
376986,65
376990,49
377005,47
377040,59
377071,60
377097,69
377109,40
377135,70
377179,39
377191,30
377201,78
377213,43
377240,30
377241,77
377250,48
377255,68
377299,57
377301,59
377302,62
377303,48
377310,81
377314,48
377358,90
377367,85
377368,76
377381,48
377400,47
377403,55
377425,63
377426,77
377502,37
377513,75
377519,36
377520,60
377533,49
377557,58
377647,66
377655,45
377736,59
377750,54
377772,65
377803,51
377814,92
377832,82
377941,70
378004,76
378006,56
378008,71
378016,76
378027,73
378051,20
378097,42
378098,47
378131,16
378147,62
378207,88
378225,64
378269,73
378294,52
378296,59
378298,31
378322,57
378333,64
378341,78
378350,55
378354,41
378367,63
378426,55
378456,73
378485,78
378486,76
378508,77
378546,61
378586,48
378611,70
378671,58
378672,40
378683,112
378693,51
378700,31
378735,8
378739,85
378765,72
378766,57
378786,70
378829,57
378854,72
378858,60
378869,57
378919,82
378955,48
378995,91
379015,62
379021,37
379046,54
379048,71
379084,38
379088,19
379107,65
379175,93
379188,47
379189,51
379206,76
379222,60
379241,69
379246,59
379260,25
379263,53
379309,75
379314,39
379327,70
379358,31
379452,38
379456,57
379498,87
379522,66
379526,69
379562,42
379595,39
379596,54
379625,65
379698,56
379701,83
379725,61
379751,47
379757,35
379759,82
379763,28
379766,64
379780,51
379811,62
379826,38
379853,49
379863,70
379867,79
379895,80
379932,26
379951,63
380024,49
380059,51
380078,52
380079,60
380117,72
380122,44
380157,63
380181,65
380198,48
380216,67
380236,44
380259,45
380266,60
380287,95
380382,69
380403,82
380404,48
380412,96
380428,56
380514,65
380549,58
380560,76
380561,71
380613,67
380659,74
380691,94
380706,84
380726,69
380788,49
380795,63
380796,101
380798,68
380857,98
380892,62
380906,64
380932,116
380956,66
381001,49
381014,54
381028,56
381050,87
381055,60
381097,88
381110,87
381115,75
381154,74
381167,45
381200,65
381216,53
381241,54
381246,68
381260,55
381270,52
381279,20
381295,53
381397,41
381404,46
381406,62
381456,62
381519,33
381556,59
381573,48
381574,99
381586,44
381590,72
381595,61
381611,68
381619,44
381651,55
381707,62
381709,65
381730,85
381735,39
381808,77
381820,85
381851,60
381876,53
381924,85
381958,63
382003,41
382004,91
382006,68
382035,66
382047,42
382067,79
382094,60
382140,49
382235,45
382269,33
382277,94
382330,59
382343,80
382385,77
382400,76
382408,44
382452,90
382461,38
382462,34
382475,66
382492,75
382493,65
382507,59
382508,75
382540,72
382563,66
382583,29
382627,72
382644,50
382665,89
382676,59
382692,45
382717,47
382728,90
382765,28
382773,56
382778,78
382787,76
382793,41
382804,83
382810,24
382811,90
382813,73
382830,51
382843,70
382846,37
382866,56
382873,73
382878,63
382880,58
382885,79
382895,103
382931,73
382937,74
382966,82
383004,63
383030,55
383032,47
383118,68
383131,38
383171,64
383181,84
383240,72
383249,60
383278,63
383288,59
383310,84
383352,51
383384,55
383388,47
383466,72
383488,53
383524,84
383525,62
383537,81
383544,83
383550,64
383554,60
383568,65
383570,47
383625,57
383636,55
383646,74
383655,65
383677,72
383759,50
383761,70
383762,53
383837,53
383911,84
383946,62
383964,57
383973,77
383982,40
384000,51
384014,63
384030,68
384035,49
384039,23
384049,83
384053,48
384140,44
384190,80
384197,82
384217,76
384253,58
384255,45
384316,52
384339,62
384340,65
384375,54
384440,91
384441,88
384471,80
384493,54
384501,66
384529,97
384547,68
384548,91
384663,74
384690,71
384717,58
384765,69
384769,31
384773,89
384798,86
384810,63
384873,15
384899,53
384935,71
384955,41
384980,49
384998,73
385021,76
385036,23
385071,70
385079,21
385111,53
385142,42
385159,47
385188,88
385190,70
385202,49
385204,36
385224,82
385226,78
385249,55
385268,79
385281,67
385304,81
385326,68
385368,76
385382,43
385406,50
385407,72
385473,37
385501,70
385509,73
385541,78
385595,67
385605,46
385616,53
385640,85
385665,82
385670,92
385692,92
385743,64
385790,59
385791,68
385812,79
385824,36
385929,24
385954,68
385981,49
385984,99
385993,74
386009,91
386074,64
386086,69
386149,53
386168,92
386198,46
386217,77
386226,55
386230,84
386238,67
386242,51
386254,55
386281,72
386308,80
386337,14
386344,41
386418,52
386431,61
386447,42
386517,71
386548,80
386563,58
386598,80
386601,64
386619,65
386658,52
386676,45
386683,50
386702,66
386724,61
386748,31
386794,57
386801,81
386813,80
386888,48
386925,62
386942,41
386945,72
386987,60
387001,55
387014,51
387066,73
387069,47
387113,74
387121,74
387191,87
387254,87
387258,93
387289,57
387296,70
387325,86
387386,49
387398,56
387439,81
387451,43
387456,35
387475,56
387538,67
387561,61
387574,72
387605,80
387608,66
387620,77
387621,51
387638,59
387660,76
387674,80
387677,59
387690,63
387762,23
387778,13
387779,67
387800,57
387804,65
387822,72
387877,40
387880,57
387891,84
387921,33
387923,68
388019,69
388026,51
388047,53
388058,54
388110,73
388114,91
388127,71
388170,79
388195,63
388208,67
388209,25
388211,65
388214,69
388215,86
388233,65
388272,88
388275,36
388359,76
388394,70
388410,65
388477,71
388500,103
388511,61
388518,33
388521,77
388524,34
388543,59
388572,45
388573,73
388600,51
388611,64
388659,47
388707,74
388732,54
388845,87
388849,76
388851,73
388897,76
388919,72
388936,21
388948,56
388961,77
388977,57
388995,107
389001,64
389009,72
389020,84
389024,64
389046,64
389058,39
389064,26
389082,89
389084,40
389091,59
389094,25
389126,45
389150,60
389156,46
389168,62
389251,85
389257,59
389266,56
389306,65
389373,64
389401,92
389433,52
389438,33
389466,59
389480,66
389502,81
389549,65
389552,68
389553,76
389558,74
389600,58
389617,59
389686,44
389690,19
389696,45
389730,91
389731,58
389754,43
389785,74
389800,32
389805,61
389817,63
389828,89
389859,22
389945,60
389996,36
390006,58
390010,29
390029,67
390034,70
390049,53
390075,35
390076,24
390080,53
390089,70
390116,47
390118,62
390130,59
390146,88
390156,63
390173,56
390189,52
390207,49
390238,56
390240,37
390247,62
390291,63
390312,63
390365,62
390368,68
390382,64
390393,46
390399,76
390417,61
390420,58
390433,55
390470,86
390490,100
390494,65
390507,60
390510,117
390518,58
390523,29
390602,64
390607,38
390633,65
390636,51
390638,46
390686,84
390687,49
390723,92
390729,28
390731,51
390757,48
390819,60
390823,56
390829,39
390860,41
390874,45
390900,64
390901,91
390905,47
390930,76
390934,51
390990,76
390995,49
391000,55
391006,37
391008,64
391020,51
391050,98
391062,67
391086,72
391109,50
391154,91
391179,44
391212,44
391229,30
391232,26
391298,83
391303,42
391337,49
391338,49
391341,52
391346,46
391359,49
391361,63
391410,83
391424,82
391427,42
391442,44
391573,58
391592,24
391620,63
391671,41
391693,74
391746,48
391753,55
391755,25
391764,43
391767,102
391780,53
391791,74
391801,52
391819,80
391838,99
391867,80
391875,75
391882,87
391895,55
391907,55
391953,57
391972,39
391990,80
392003,38
392071,41
392099,79
392130,74
392139,61
392209,66
392280,39
392290,48
392303,58
392362,36
392407,77
392461,104
392465,87
392482,37
392508,61
392532,73
392553,61
392555,63
392561,64
392623,53
392634,73
392669,59
392707,52
392712,82
392717,71
392724,52
392725,77
392775,90
392797,57
392808,80
392840,63
392887,62
392911,57
392914,63
392934,75
392977,76
393043,36
393063,72
393106,76
393112,106
393119,69
393132,30
393149,57
393159,67
393165,67
393186,70
393201,35
393249,49
393277,34
393307,62
393361,56
393386,54
393387,51
393393,59
393407,75
393421,53
393423,43
393433,36
393501,97
393507,58
393509,61
393549,91
393564,43
393569,75
393603,49
393634,32
393665,31
393671,106
393677,36
393678,79
393696,46
393699,63
393724,76
393757,60
393773,36
393797,66
393820,62
393849,58
393865,57
393898,37
393926,74
393928,45
393929,82
393951,23
393976,68
393977,41
393983,37
393995,41
394017,68
394025,81
394039,87
394080,72
394109,54
394184,38
394185,61
394195,50
394196,57
394205,77
394211,72
394222,65
394228,64
394233,51
394246,58
394297,55
394348,30
394393,80
394405,60
394425,37
394431,66
394450,78
394463,79
394489,45
394503,57
394538,66
394576,50
394637,67
394662,72
394709,67
394750,85
394756,44
394877,54
394906,88
394921,42
394987,48
395034,43
395040,62
395042,88
395050,63
395071,27
395074,64
395147,103
395166,27
395193,45
395271,80
395281,61
395314,51
395330,81
395381,70
395401,39
395403,71
395426,33
395436,40
395437,58
395440,77
395446,39
395455,55
395460,84
395493,77
395504,48
395516,63
395523,53
395533,58
395552,56
395553,43
395554,60
395574,72
395585,80
395644,77
395651,73
395654,57
395667,83
395717,51
395732,23
395765,79
395775,73
395813,47
395814,48
395835,21
395840,73
395847,54
395868,49
395873,56
395875,102
395885,81
395896,58
395897,59
395926,61
395996,66
396053,45
396088,41
396095,30
396143,84
396220,66
396229,105
396263,71
396273,89
396302,84
396304,63
396309,56
396345,59
396387,46
396396,47
396404,79
396406,53
396417,77
396425,96
396456,82
396478,48
396521,36
396542,71
396545,87
396547,28
396559,90
396579,48
396593,77
396597,64
396616,83
396621,52
396728,45
396741,55
396746,68
396753,50
396754,77
396758,39
396815,88
396824,68
396859,41
396872,55
396912,71
396926,65
396948,70
396956,59
396961,72
397020,85
397034,82
397059,50
397081,50
397088,43
397097,64
397118,49
397122,48
397132,53
397148,65
397180,71
397197,68
397214,55
397268,30
397297,4
397320,60
397327,43
397329,80
397337,76
397339,69
397343,75
397380,56
397391,29
397401,73
397456,65
397459,83
397501,42
397502,49
397528,54
397543,64
397578,86
397601,70
397621,86
397631,25
397681,50
397688,68
397719,43
397752,77
397785,52
397794,94
397842,55
397850,77
397852,71
397867,62
397900,49
397901,19
397924,51
397955,82
397980,78
397998,52
398006,61
398022,77
398100,60
398105,80
398112,56
398139,53
398155,46
398167,58
398171,55
398175,50
398191,61
398205,83
398213,54
398251,57
398309,54
398330,52
398342,82
398473,48
398479,51
398522,67
398561,39
398587,30
398619,44
398637,46
398647,69
398675,28
398710,72
398716,94
398725,80
398791,45
398800,52
398818,77
398866,47
398878,58
398908,63
398953,67
398966,87
398986,40
399059,80
399060,39
399065,89
399120,85
399211,43
399269,47
399278,69
399281,22
399348,80
399362,55
399388,85
399395,61
399462,45
399470,56
399479,78
399519,31
399521,70
399577,76
399602,68
399609,40
399614,80
399620,43
399670,37
399674,79
399676,62
399686,60
399699,45
399706,73
399742,57
399768,29
399858,55
399913,63
399922,61
399934,67
399957,53
400030,88
400046,32
400051,29
400055,52
400070,78
400129,44
400136,53
400139,55
400141,73
400143,23
400258,40
400286,46
400288,43
400305,79
400314,58
400322,88
400323,46
400368,83
400387,40
400423,62
400438,102
400454,57
400498,13
400577,67
400582,37
400609,52
400654,38
400658,41
400687,47
400718,38
400720,63
400724,43
400743,80
400770,70
400771,56
400801,55
400814,45
400847,83
400858,33
400859,57
400864,23
400866,54
400896,56
400917,49
400943,68
400946,89
400958,69
401004,55
401019,50
401044,70
401056,72
401081,46
401092,60
401096,65
401124,40
401130,68
401158,89
401179,17
401180,89
401181,68
401220,62
401236,63
401243,17
401257,83
401270,41
401324,72
401325,86
401335,46
401377,61
401400,87
401448,78
401463,71
401567,61
401587,63
401589,104
401593,38
401622,46
401649,43
401653,34
401686,55
401687,96
401727,74
401751,54
401763,44
401766,72
401784,39
401803,28
401806,65
401828,90
401838,56
401849,75
401853,64
401864,71
401879,54
401904,56
401915,60
401919,49
401941,94
401949,49
401963,56
401965,54
401967,59
401989,40
402003,61
402058,53
402063,27
402189,95
402204,108
402255,51
402286,57
402339,22
402341,87
402377,56
402401,48
402430,72
402442,77
402448,20
402510,50
402572,61
402619,44
402655,83
402669,80
402670,68
402680,19
402706,58
402714,63
402727,56
402752,53
402765,69
402768,83
402798,54
402832,66
402841,78
402873,56
402917,41
402962,40
402967,74
402987,92
403005,72
403013,46
403034,46
403038,69
403049,59
403077,70
403080,71
403150,48
403158,83
403173,69
403215,57
403219,61
403223,69
403244,75
403250,37
403279,53
403286,78
403299,59
403311,1
403328,94
403346,67
403353,70
403439,78
403465,85
403512,48
403557,51
403601,41
403604,82
403610,96
403611,46
403625,61
403647,82
403650,76
403663,44
403666,51
403671,58
403672,37
403686,86
403692,82
403694,33
403709,56
403715,91
403718,38
403765,26
403781,67
403791,48
403820,55
403842,84
403851,72
403906,59
403960,68
403967,82
403983,64
403985,46
403998,35
404028,71
404050,73
404066,36
404075,90
404076,63
404106,42
404109,52
404122,77
404153,96
404200,47
404201,105
404265,82
404276,27
404279,70
404285,70
404418,50
404493,77
404530,82
404549,83
404564,66
404611,63
404690,46
404723,41
404734,67
404754,75
404773,28
404777,70
404779,45
404795,50
404825,86
404838,50
404881,71
404934,80
404950,52
404953,71
404967,71
404973,55
404974,78
404996,40
405089,82
405100,70
405105,62
405130,52
405154,34
405163,73
405196,68
405221,51
405222,45
405246,70
405247,57
405298,73
405304,49
405306,50
405316,52
405320,73
405358,55
405387,67
405419,46
405442,37
405449,31
405470,63
405552,80
405589,31
405599,25
405613,66
405648,53
405650,75
405679,58
405694,82
405695,70
405713,65
405742,35
405750,61
405753,63
405757,63
405801,72
405830,42
405837,45
405875,93
405907,46
405955,76
405956,61
405997,70
406084,77
406096,47
406118,14
406129,32
406238,79
406316,36
406367,33
406369,78
406474,54
406517,61
406530,38
406561,66
406625,74
406629,47
406634,65
406650,43
406655,41
406666,18
406679,32
406690,43
406744,80
406790,30
406795,62
406852,67
406861,67
406878,57
406901,56
406921,55
406940,31
406960,43
407018,31
407083,46
407120,79
407128,66
407134,57
407212,74
407214,72
407244,70
407319,55
407338,58
407339,54
407358,64
407359,75
407360,56
407373,110
407425,64
407437,63
407517,50
407585,48
407634,60
407657,83
407665,33
407698,79
407712,74
407714,76
407735,38
407749,32
407754,52
407791,37
407795,62
407800,56
407823,33
407845,48
407855,81
407866,57
407873,82
407897,85
407906,50
407908,79
407910,80
407943,69
407992,44
407993,39
408089,69
408096,39
408110,57
408144,52
408168,66
408175,49
408180,95
408186,66
408348,51
408414,42
408419,116
408440,29
408445,67
408449,65
408475,44
408480,54
408504,59
408545,83
408556,43
408612,68
408623,49
408634,44
408680,34
408683,70
408688,61
408692,84
408715,58
408740,59
408743,79
408800,76
408803,98
408894,88
408898,81
408910,48
408928,55
408940,49
408941,38
408953,50
408957,34
408962,48
408970,64
408982,45
409022,62
409053,46
409083,73
409111,67
409167,52
409184,73
409185,90
409192,69
409226,66
409284,35
409314,42
409344,93
409350,55
409362,90
409401,47
409405,80
409414,68
409420,49
409448,66
409451,31
409454,44
409458,60
409477,105
409542,44
409556,62
409579,26
409583,88
409597,48
409655,38
409669,55
409673,28
409680,74
409710,36
409749,57
409759,39
409779,50
409797,43
409802,55
409817,72
409835,79
409850,78
409858,59
409900,27
409902,59
409936,30
409983,49
409986,51
409997,83
410013,52
410034,40
410046,39
410101,71
410118,69
410138,52
410176,42
410197,60
410204,58
410222,56
410245,87
410248,34
410250,77
410288,42
410302,72
410331,81
410426,61
410432,36
410441,80
410445,63
410469,41
410482,70
410491,22
410500,55
410514,74
410522,47
410531,38
410538,60
410560,76
410564,54
410570,64
410572,38
410579,40
410588,22
410661,88
410662,48
410681,52
410708,42
410709,51
410720,56
410771,69
410792,56
410793,58
410794,75
410821,58
410851,80
410878,47
410890,53
410907,74
410933,74
410951,52
410974,43
410993,66
411052,70
411089,67
411101,91
411118,64
411129,47
411159,35
411221,55
411228,44
411242,51
411280,48
411284,61
411334,64
411362,92
411366,45
411375,45
411388,52
411415,41
411456,54
411473,56
411517,122
411525,52
411527,71
411530,96
411536,55
411545,47
411616,67
411636,97
411637,63
411666,83
411670,24
411717,18
411718,70
411752,75
411764,52
411776,42
411782,65
411815,81
411819,89
411896,72
411918,41
411950,51
411998,58
412000,73
412019,72
412057,69
412080,60
412118,56
412144,43
412166,60
412173,34
412202,39
412214,37
412255,51
412267,58
412304,21
412307,45
412310,71
412357,63
412362,40
412384,86
412398,58
412419,52
412425,22
412459,68
412559,82
412583,58
412598,82
412628,53
412652,55
412774,72
412782,41
412813,59
412814,65
412917,67
412918,55
412932,65
412945,86
412965,83
412973,43
412977,88
412998,85
413036,64
413069,24
413102,31
413149,63
413181,68
413188,56
413231,79
413245,58
413283,25
413302,42
413319,49
413396,56
413426,60
413455,52
413460,83
413485,114
413495,74
413501,45
413502,75
413525,87
413531,48
413539,75
413546,58
413594,70
413614,45
413616,77
413617,44
413618,55
413634,70
413639,52
413655,56
413663,8
413677,52
413712,89
413713,93
413725,59
413730,51
413731,53
413745,89
413765,83
413766,69
413821,70
413847,73
413877,87
413932,60
413936,38
413941,59
413950,69
413985,60
413991,58
414038,90
414044,65
414069,46
414078,72
414084,93
414129,49
414141,15
414207,59
414244,71
414249,68
414256,36
414258,84
414345,49
414368,52
414397,52
414404,44
414411,50
414427,85
414436,103
414455,39
414496,65
414513,60
414514,65
414517,58
414518,66
414559,69
414576,31
414606,94
414630,76
414693,105
414731,41
414741,71
414742,27
414796,86
414799,72
414814,43
414826,71
414866,76
414879,62
414905,78
414915,49
414916,46
414976,68
414977,81
415012,59
415013,47
415078,81
415146,38
415187,75
415215,66
415259,43
415280,53
415294,31
415309,85
415340,72
415369,74
415398,57
415438,54
415447,52
415488,38
415523,57
415553,87
415576,58
415577,64
415605,54
415616,48
415648,41
415687,63
415708,51
415719,81
415722,82
415796,33
415842,54
415847,38
415900,65
415919,61
415935,66
415968,73
415974,92
415980,45
416007,49
416009,69
416013,51
416021,77
416024,60
416043,39
416059,17
416093,74
416105,58
416110,16
416129,86
416132,63
416164,61
416170,74
416171,62
416181,55
416190,59
416209,45
416272,89
416276,68
416277,63
416301,72
416312,33
416326,88
416340,56
416347,64
416385,33
416430,81
416443,67
416464,62
416500,56
416505,72
416560,70
416586,75
416589,28
416592,62
416629,85
416653,64
416685,70
416773,70
416830,32
416895,101
416905,63
416967,65
416976,50
416979,52
416980,72
416986,76
417038,60
417043,82
417058,56
417059,57
417066,54
417102,78
417110,31
417130,69
417158,53
417220,65
417222,30
417236,54
417243,61
417251,80
417298,56
417393,58
417406,84
417425,32
417440,81
417443,47
417486,31
417531,112
417533,51
417534,97
417538,54
417593,76
417619,69
417653,79
417687,78
417697,54
417736,67
417744,31
417756,45
417772,71
417794,102
417798,26
417814,58
417816,55
417833,36
417835,38
417868,34
417889,73
417912,56
417918,43
417930,51
417940,42
417975,57
418018,34
418061,77
418063,69
418075,63
418076,59
418106,70
418139,28
418148,79
418158,58
418169,54
418215,36
418287,52
418340,75
418389,75
418418,58
418425,66
418451,55
418452,70
418473,23
418507,76
418578,38
418587,40
418611,34
418628,60
418644,54
418645,27
418693,77
418721,48
418740,67
418755,73
418756,84
418765,40
418777,63
418823,75
418842,69
418857,47
418869,69
418923,71
418952,70
418962,92
418967,78
419009,62
419045,77
419049,39
419101,69
419140,76
419145,50
419233,69
419238,52
419294,54
419333,35
419349,54
419359,38
419370,109
419384,71
419438,48
419451,64
419514,65
419519,77
419534,75
419548,52
419588,34
419594,56
419602,74
419603,89
419630,78
419637,74
419654,77
419662,88
419664,28
419703,82
419725,77
419740,84
419759,73
419775,96
419816,79
419914,75
419915,71
419948,81
419966,53
419976,63
420005,35
420027,76
420028,68
420076,49
420079,67
420110,73
420144,68
420165,72
420180,39
420188,71
420225,55
420239,20
420242,78
420243,71
420276,74
420281,43
420311,43
420332,82
420337,53
420376,41
420453,44
420482,58
420515,71
420535,71
420536,34
420541,44
420632,81
420653,66
420655,76
420672,89
420674,59
420699,60
420708,78
420740,87
420767,91
420775,52
420787,65
420801,77
420834,68
420842,55
420884,68
420896,104
420897,69
420899,30
420965,34
420982,59
420994,72
421035,47
421104,13
421156,63
421164,46
421212,74
421225,40
421242,34
421256,55
421257,80
421267,79
421315,67
421345,62
421416,43
421440,58
421464,87
421489,92
421490,70
421501,63
421555,60
421583,54
421603,58
421614,66
421640,38
421671,43
421686,80
421694,74
421703,19
421718,78
421727,74
421765,45
421777,60
421785,65
421786,82
421803,88
421808,53
421821,88
421822,76
421839,55
421859,1
421872,65
421873,84
421890,66
421897,71
421912,76
421971,62
421973,31
421975,71
421982,31
422012,42
422044,52
422081,70
422136,71
422175,63
422187,43
422192,77
422197,118
422198,77
422211,53
422218,47
422230,42
422268,60
422362,38
422379,64
422381,59
422382,64
422467,54
422469,40
422505,89
422561,67
422581,69
422608,55
422610,80
422614,55
422688,52
422707,36
422714,70
422730,29
422757,80
422775,77
422779,51
422791,34
422802,18
422803,48
422811,69
422815,83
422823,38
422844,39
422849,69
422858,76
422872,53
422873,27
422893,94
422902,50
422926,51
422932,66
422936,84
422976,77
422992,72
423076,62
423077,64
423082,83
423089,76
423119,58
423123,74
423143,75
423147,53
423155,32
423170,65
423222,35
423240,54
423261,54
423269,52
423294,47
423297,95
423328,58
423329,96
423343,67
423393,44
423394,58
423419,66
423463,62
423469,83
423475,75
423540,48
423552,75
423594,47
423618,58
423627,48
423629,93
423653,60
423658,37
423678,46
423683,45
423685,55
423696,53
423740,3
423744,52
423809,37
423812,47
423822,92
423823,46
423847,37
423858,33
423970,6
423977,57
424001,75
424009,71
424023,76
424025,71
424037,77
424068,54
424092,74
424107,38
424114,37
424178,71
424187,40
424213,50
424253,81
424262,57
424316,56
424362,45
424381,66
424394,44
424419,59
424444,75
424446,93
424448,36
424449,55
424477,62
424484,90
424496,71
424537,70
424546,65
424551,40
424621,55
424634,58
424641,69
424661,61
424666,56
424684,90
424751,51
424800,33
424815,73
424827,42
424854,88
424875,29
424917,81
424932,60
425020,80
425049,80
425094,42
425156,51
425194,41
425200,60
425334,44
425340,29
425352,52
425361,98
425392,52
425429,67
425461,62
425462,34
425515,59
425539,45
425574,21
425578,63
425580,61
425587,49
425593,48
425606,75
425618,50
425644,43
425659,80
425692,44
425714,60
425748,46
425799,70
425830,105
425859,46
425926,49
426003,68
426026,51
426041,48
426050,64
426079,44
426102,43
426108,56
426109,79
426162,43
426165,79
426168,61
426187,49
426232,79
426240,45
426259,58
426278,71
426315,60
426366,42
426383,55
426461,37
426473,52
426477,52
426482,48
426523,76
426555,68
426602,77
426634,51
426652,83
426657,68
426665,58
426668,81
426678,66
426681,74
426704,55
426708,81
426710,46
426739,21
426777,74
426778,40
426795,68
426797,40
426881,19
426889,81
426933,59
426937,39
426952,61
426962,69
427013,37
427030,28
427037,41
427070,43
427191,45
427248,62
427274,56
427310,58
427363,30
427364,53
427365,65
427430,43
427436,63
427440,76
427441,49
427449,51
427462,45
427483,55
427496,86
427506,62
427508,42
427534,56
427535,39
427571,47
427573,80
427613,22
427617,43
427632,72
427634,31
427636,24
427654,59
427659,67
427660,77
427664,45
427670,67
427713,42
427752,78
427762,42
427774,63
427775,64
427838,91
427851,74
427900,53
427949,51
428020,62
428275,79
428320,64
428327,42
428334,62
428350,43
428354,23
428405,37
428433,53
428436,84
428466,63
428476,77
428484,60
428488,28
428504,77
428509,59
428559,80
428571,59
428625,38
428636,57
428639,74
428673,68
428674,36
428705,51
428757,64
428767,49
428783,51
428791,63
428802,94
428810,64
428847,67
428908,65
428909,77
428928,56
428964,63
429042,71
429047,97
429098,77
429113,51
429121,40
429131,37
429159,79
429176,36
429201,72
429249,82
429290,55
429292,58
429296,51
429325,79
429334,71
429390,92
429399,79
429408,53
429425,63
429439,85
429514,58
429545,70
429583,45
429604,28
429632,66
429652,61
429658,72
429666,87
429684,59
429739,55
429766,40
429784,103
429819,72
429827,65
429836,48
429850,63
429889,68
429921,77
429929,67
429940,36
429957,59
429958,47
429971,34
429998,59
430001,65
430030,56
430054,84
430091,77
430096,29
430109,80
430110,83
430117,91
430128,62
430146,85
430176,46
430201,31
430256,87
430303,69
430323,60
430331,38
430381,76
430392,65
430433,75
430459,73
430472,55
430597,64
430628,67
430642,65
430659,67
430666,63
430672,88
430676,75
430708,66
430737,39
430739,82
430765,76
430777,62
430830,90
430878,59
430880,64
430891,57
430894,42
430935,65
430984,69
430993,7
430995,29
431006,60
431031,46
431040,83
431042,49
431066,25
431075,96
431077,87
431090,58
431091,68
431095,37
431112,56
431206,76
431219,55
431269,39
431283,97
431288,36
431318,73
431349,82
431363,57
431399,35
431405,47
431440,101
431490,51
431535,75
431552,32
431572,29
431575,32
431603,55
431620,10
431642,88
431655,40
431658,75
431713,32
431719,66
431731,72
431733,46
431739,72
431754,60
431772,86
431777,62
431811,54
431814,28
431825,51
431831,57
431838,53
431854,65
431882,52
431924,64
431960,60
431970,76
431980,64
431991,54
432019,97
432027,22
432057,92
432095,66
432116,62
432140,74
432159,75
432172,65
432183,50
432184,92
432206,35
432213,61
432252,81
432275,40
432311,79
432317,52
432358,66
432361,73
432402,86
432411,64
432480,72
432529,50
432541,44
432561,54
432593,62
432604,95
432613,64
432632,81
432676,37
432743,43
432745,52
432759,71
432766,67
432777,70
432844,64
432858,38
432866,48
432872,84
432976,56
433012,7
433014,61
433042,109
433043,61
433045,65
433098,95
433110,62
433115,54
433116,34
433126,82
433128,61
433167,64
433190,49
433192,56
433216,65
433221,32
433222,79
433340,67
433364,53
433384,47
433390,59
433394,34
433413,78
433414,56
433422,90
433498,50
433513,76
433526,72
433571,80
433580,42
433656,45
433657,84
433665,42
433694,50
433722,58
433749,83
433777,72
433797,44
433832,52
433855,46
433864,60
433894,23
433895,85
433906,52
433969,84
433983,77
434016,50
434063,80
434065,78
434095,60
434096,45
434100,35
434157,39
434176,55
434177,1
434199,68
434214,65
434239,29
434251,54
434300,55
434301,61
434306,82
434324,43
434341,61
434344,22
434380,56
434420,74
434447,39
434464,61
434465,58
434481,69
434509,51
434539,70
434627,59
434668,70
434685,67
434755,45
434772,75
434798,66
434860,45
434869,56
434996,76
435003,72
435008,24
435019,55
435020,55
435022,53
435050,44
435078,60
435120,37
435131,47
435162,47
435168,63
435174,72
435196,113
435198,52
435227,76
435237,78
435256,43
435264,77
435267,91
435270,42
435271,32
435279,66
435293,66
435297,48
435325,58
435354,50
435370,69
435380,54
435392,17
435397,70
435419,59
435450,62
435463,59
435533,40
435564,79
435585,30
435686,45
435717,66
435735,40
435746,73
435775,43
435788,25
435853,88
435910,57
435938,64
435949,79
435984,18
436009,69
436014,68
436031,60
436043,77
436054,66
436056,96
436123,45
436133,67
436176,65
436181,98
436189,44
436190,31
436192,59
436259,61
436292,42
436294,80
436298,32
436325,61
436337,34
436343,48
436375,55
436435,46
436513,72
436539,43
436540,78
436577,27
436590,24
436601,58
436605,26
436623,4
436628,68
436634,89
436658,91
436687,77
436698,75
436754,64
436760,50
436762,71
436764,62
436783,55
436813,71
436838,55
436851,54
436894,66
436899,74
436959,85
436990,59
436997,52
437014,44
437031,80
437077,28
437120,100
437123,39
437131,65
437150,67
437201,47
437221,89
437276,42
437285,78
437321,35
437368,41
437378,81
437400,50
437426,64
437447,69
437485,53
437491,83
437493,71
437495,54
437502,74
437507,35
437588,91
437600,39
437612,60
437652,59
437653,51
437658,67
437663,70
437677,61
437688,57
437706,48
437710,89
437719,80
437830,47
437873,73
437960,52
438061,78
438100,58
438106,52
438122,59
438124,77
438154,52
438156,38
438193,69
438199,65
438230,79
438231,48
438232,78
438258,25
438282,68
438303,47
438353,72
438365,104
438414,82
438466,69
438511,102
438513,68
438520,56
438532,53
438559,47
438675,67
438730,100
438741,66
438749,46
438762,46
438770,59
438784,59
438794,76
438819,65
438835,38
438851,62
438923,48
438925,55
438948,54
438956,44
438993,53
438997,59
439045,76
439048,82
439081,95
439083,55
439089,49
439096,48
439138,58
439158,79
439240,99
439265,49
439304,47
439337,49
439353,48
439359,84
439395,51
439431,103
439450,42
439550,68
439597,55
439657,79
439677,40
439682,59
439692,103
439698,55
439717,66
439743,76
439756,58
439810,59
439842,41
439874,68
439892,51
439901,68
439903,60
439942,72
439991,67
439994,38
440009,37
440047,36
440085,49
440090,89
440098,61
440150,85
440182,100
440187,54
440188,55
440189,48
440202,63
440217,55
440282,38
440300,57
440317,35
440338,56
440346,60
440353,72
440381,58
440426,56
440430,81
440446,93
440461,63
440471,29
440495,37
440499,77
440541,59
440627,52
440643,65
440676,73
440733,53
440775,49
440777,27
440806,63
440807,53
440808,47
440825,62
440826,84
440832,45
440873,51
440884,68
440893,44
440924,68
440960,54
440990,55
441011,20
441033,45
441046,60
441049,41
441057,86
441064,34
441074,40
441153,57
441182,71
441195,54
441197,52
441235,59
441238,51
441239,56
441271,102
441301,64
441311,38
441314,58
441339,82
441343,85
441396,65
441422,60
441471,53
441501,75
441554,45
441586,47
441596,54
441636,44
441666,41
441673,94
441733,52
441735,22
441739,76
441744,52
441753,46
441777,59
441814,87
441832,64
441858,71
441869,39
441896,70
441898,88
441913,58
441955,48
441957,87
441958,44
441970,100
441983,35
442046,84
442059,59
442088,33
442109,71
442123,61
442164,38
442165,74
442175,77
442190,62
442212,59
442255,46
442273,53
442331,29
442421,88
442422,48
442441,20
442459,75
442477,56
442489,87
442505,56
442517,34
442576,38
442616,65
442640,71
442710,66
442727,22
442731,23
442747,58
442811,57
442827,64
442837,43
442910,98
442924,69
442936,22
442979,39
442980,69
442983,78
443027,84
443032,82
443033,61
443042,44
443084,53
443134,72
443153,68
443173,50
443190,16
443198,40
443202,52
443212,83
443214,79
443232,80
443234,58
443282,89
443304,69
443311,64
443352,53
443373,93
443380,47
443433,40
443452,58
443458,41
443475,34
443668,58
443672,68
443677,66
443679,52
443691,89
443693,57
443712,54
443726,76
443727,40
443732,65
443736,70
443739,90
443776,95
443817,50
443826,84
443842,50
443843,106
443858,88
443860,52
443864,71
443865,80
443881,71
443904,59
443905,52
443920,48
443928,77
443960,47
444022,64
444038,59
444042,73
444070,113
444117,65
444158,30
444167,56
444193,43
444204,50
444208,73
444233,47
444234,43
444239,59
444301,85
444302,55
444305,63
444308,66
444315,59
444322,83
444438,41
444446,49
444450,75
444473,77
444490,69
444494,45
444513,45
444514,19
444517,11
444524,91
444533,81
444556,56
444559,43
444565,58
444578,40
444648,57
444667,72
444687,52
444688,35
444717,83
444720,61
444722,31
444731,19
444757,64
444760,48
444763,31
444770,63
444789,47
444794,64
444836,48
444854,43
444872,61
444888,66
444907,73
444908,86
445019,41
445031,95
445036,65
445047,65
445094,85
445139,37
445174,73
445281,93
445316,77
445355,71
445380,69
445395,49
445408,50
445425,75
445437,44
445451,37
445501,63
445542,47
445556,65
445574,38
445584,95
445609,35
445612,67
445628,79
445632,91
445633,73
445654,89
445730,64
445731,77
445744,77
445777,57
445778,33
445797,51
445818,69
445821,84
445847,67
445850,48
445851,51
445893,70
445899,29
445907,44
445923,73
445954,27
445976,65
446000,58
446028,64
446047,45
446052,51
446068,75
446088,47
446104,66
446119,23
446121,72
446122,43
446123,56
446135,89
446169,88
446181,64
446183,63
446184,72
446204,70
446206,54
446224,63
446239,27
446293,26
446304,40
446377,62
446397,26
446415,67
446434,68
446468,74
446483,55
446509,61
446562,80
446652,44
446681,55
446713,87
446714,60
446733,53
446781,38
446785,66
446789,36
446803,70
446814,63
446828,73
446830,47
446854,83
446872,72
446892,47
446893,53
446920,47
446943,50
446944,74
446952,62
446960,68
446972,69
446983,82
447002,83
447014,63
447045,52
447086,57
447109,73
447159,71
447167,48
447171,35
447183,75
447211,81
447254,94
447270,85
447279,71
447309,59
447326,49
447350,47
447366,49
447415,55
447423,65
447447,58
447461,69
447509,38
447584,63
447585,93
447594,66
447605,58
447614,75
447615,49
447676,57
447678,48
447714,91
447717,52
447732,21
447763,62
447806,52
447822,80
447836,71
447837,60
447873,61
447891,50
447910,44
447911,37
447919,79
447971,105
447993,88
448010,15
448012,49
448013,61
448047,52
448063,46
448068,79
448077,76
448080,40
448101,60
448143,104
448192,60
448198,19
448221,49
448237,57
448268,68
448281,62
448296,68
448303,48
448328,84
448363,45
448395,43
448431,83
448473,104
448475,52
448490,76
448493,71
448508,56
448520,60
448568,74
448573,84
448659,71
448666,50
448724,78
448727,68
448754,51
448765,39
448779,97
448807,51
448849,45
448870,70
448890,65
448916,54
448979,38
448981,53
449063,80
449070,76
449113,96
449117,93
449126,60
449142,116
449143,50
449147,57
449166,46
449169,49
449180,79
449191,36
449216,98
449253,58
449275,53
449296,52
449299,86
449331,43
449351,53
449352,86
449371,90
449442,58
449457,122
449513,62
449515,34
449523,96
449525,58
449619,96
449633,78
449635,44
449641,105
449655,21
449679,37
449689,40
449695,71
449710,55
449721,77
449749,80
449752,64
449785,87
449786,65
449803,70
449810,68
449811,62
449819,45
449841,64
449843,74
449850,51
449852,65
449865,42
449891,29
449905,67
449906,42
449913,76
449947,83
449997,70
450012,54
450051,45
450076,19
450086,80
450091,53
450094,60
450118,59
450202,77
450238,84
450289,75
450309,84
450359,86
450388,65
450427,48
450429,64
450443,60
450462,85
450481,51
450532,81
450542,77
450563,77
450579,70
450583,59
450604,91
450743,68
450744,49
450777,64
450778,46
450812,103
450816,65
450817,44
450840,31
450850,62
450858,72
450866,52
450887,40
450888,56
450901,63
450902,90
450934,38
451028,55
451029,92
451063,57
451081,67
451100,53
451163,70
451170,61
451193,87
451219,68
451293,53
451294,79
451307,32
451323,63
451325,72
451332,97
451402,42
451403,64
451426,36
451497,73
451530,76
451600,55
451608,36
451611,46
451622,49
451683,55
451713,41
451723,57
451728,62
451754,42
451780,76
451783,48
451799,39
451817,56
451835,70
451838,58
451898,46
451899,60
451977,49
451990,67
452000,89
452027,56
452085,44
452086,75
452103,46
452107,31
452179,79
452187,90
452191,92
452219,86
452269,59
452346,41
452389,47
452441,74
452446,36
452447,96
452491,67
452497,40
452537,107
452549,68
452558,37
452559,83
452574,59
452575,84
452588,33
452621,55
452643,70
452671,94
452677,67
452728,52
452735,49
452737,64
452740,76
452754,83
452776,70
452783,46
452831,53
452867,36
452871,52
452872,62
452875,105
452892,50
452894,62
452895,59
452908,73
452920,72
452930,45
452944,40
452956,44
452981,69
452988,63
452990,95
452992,75
453024,82
453026,38
453126,27
453156,37
453158,72
453186,53
453190,64
453192,65
453199,117
453201,48
453252,51
453264,49
453273,42
453278,66
453283,53
453286,88
453289,47
453304,39
453322,82
453345,81
453396,78
453412,48
453425,82
453455,99
453481,46
453495,65
453501,79
453575,81
453629,42
453639,60
453653,83
453667,65
453675,22
453765,81
453799,48
453839,80
453908,45
453923,22
453946,62
453965,92
453966,30
453979,50
454008,93
454009,30
454035,105
454037,67
454099,51
454100,88
454153,65
454163,50
454182,52
454224,56
454228,46
454251,20
454386,51
454456,72
454465,68
454505,61
454506,53
454538,50
454551,68
454568,46
454587,44
454599,98
454603,77
454609,62
454610,77
454617,39
454639,46
454646,38
454652,55
454654,62
454681,82
454707,42
454736,64
454737,58
454749,42
454765,73
454772,90
454787,61
454796,51
454806,54
454818,97
454823,67
454830,101
454833,66
454864,64
454874,52
454879,69
454924,56
454980,83
455035,40
455075,21
455076,70
455077,27
455102,60
455157,67
455166,50
455167,60
455212,58
455213,57
455239,94
455246,50
455247,68
455255,67
455256,45
455267,72
455309,49
455310,49
455317,94
455371,101
455375,117
455400,83
455410,46
455457,53
455465,70
455467,82
455477,53
455572,66
455579,37
455596,85
455597,62
455611,48
455619,74
455696,62
455726,72
455758,68
455789,78
455791,67
455792,35
455823,53
455831,55
455862,72
455870,61
455871,78
455906,43
455912,10
455913,43
455928,64
455943,40
456008,54
456034,70
456083,29
456105,22
456133,29
456143,59
456156,12
456287,102
456315,75
456329,88
456340,74
456357,52
456378,62
456438,51
456439,76
456454,70
456473,20
456492,69
456502,58
456513,81
456554,41
456608,47
456632,78
456637,32
456638,60
456642,68
456656,68
456691,66
456693,52
456728,44
456743,87
456758,48
456788,65
456935,72
456936,46
456947,77
456960,67
456976,71
456996,81
457004,62
457025,29
457033,74
457066,48
457110,47
457142,80
457174,74
457202,82
457223,91
457234,76
457258,108
457269,42
457312,26
457321,63
457322,59
457340,77
457354,49
457396,58
457452,66
457485,75
457498,87
457536,35
457565,62
457567,63
457576,29
457590,68
457606,70
457615,96
457637,64
457638,62
457640,94
457673,67
457674,61
457686,41
457726,60
457757,66
457775,84
457781,7
457890,79
457894,64
457912,57
457930,37
457934,86
457956,54
457979,68
458041,65
458043,58
458057,72
458075,47
458081,66
458096,33
458134,61
458217,61
458254,41
458273,50
458282,77
458337,74
458342,58
458347,99
458388,64
458416,88
458420,72
458421,33
458422,66
458481,68
458525,61
458562,57
458564,72
458570,67
458572,57
458575,63
458591,63
458604,53
458607,76
458673,31
458685,38
458750,74
458792,33
458814,42
458815,86
458830,92
458852,16
458860,61
458868,79
458871,39
458903,68
458904,69
458918,84
458950,43
458953,83
458963,55
458970,65
459036,47
459040,43
459043,57
459068,43
459080,33
459092,48
459158,74
459164,41
459177,69
459202,76
459211,36
459224,59
459242,62
459254,56
459276,68
459330,63
459354,69
459365,28
459457,34
459491,60
459504,80
459528,56
459576,80
459598,86
459665,68
459677,72
459691,65
459733,59
459820,83
459835,15
459888,72
459899,65
459901,51
459908,79
459918,55
459933,55
459973,58
460019,52
460030,49
460062,82
460096,55
460132,67
460165,38
460173,61
460193,83
460199,80
460211,66
460220,67
460284,75
460289,79
460298,55
460300,63
460378,68
460453,49
460468,55
460484,22
460496,79
460498,61
460501,61
460512,58
460524,60
460533,47
460559,46
460563,32
460652,36
460711,53
460738,20
460749,71
460758,97
460815,91
460839,50
460847,48
460855,47
460931,30
460932,29
460958,79
460973,66
461014,76
461027,23
461076,34
461088,37
461104,57
461162,74
461217,45
461220,66
461222,67
461233,60
461314,111
461317,78
461322,55
461357,72
461373,28
461389,52
461401,54
461402,73
461417,63
461457,65
461494,51
461505,56
461510,54
461511,79
461512,30
461529,42
461537,44
461557,62
461583,83
461585,56
461606,59
461639,55
461649,74
461653,60
461704,63
461713,47
461736,85
461753,43
461778,80
461786,51
461805,60
461836,46
461858,53
461883,48
461892,68
461893,42
461894,24
461915,47
461941,66
462026,64
462030,43
462034,44
462050,56
462055,71
462059,69
462109,72
462123,49
462127,56
462137,89
462138,92
462197,74
462209,56
462219,43
462234,77
462253,43
462290,70
462306,70
462320,86
462358,46
462366,33
462427,44
462475,53
462482,62
462526,94
462529,66
462571,73
462594,53
462608,101
462641,36
462643,30
462663,84
462669,50
462679,49
462701,65
462725,59
462726,57
462727,52
462746,12
462799,54
462801,79
462807,62
462826,17
462828,69
462847,71
462852,60
462871,69
462874,61
462897,45
462909,46
462920,22
462997,61
462999,69
463000,47
463001,73
463006,60
463008,62
463015,44
463032,53
463080,38
463081,71
463090,52
463096,93
463163,91
463178,45
463183,75
463200,47
463203,24
463207,58
463211,41
463223,95
463296,82
463326,50
463328,37
463367,55
463371,89
463372,57
463426,70
463442,61
463473,79
463485,68
463487,37
463515,52
463555,65
463579,71
463601,59
463641,84
463671,84
463694,55
463717,55
463735,45
463793,65
463803,60
463804,46
463811,86
463830,47
463840,59
463912,25
463924,71
463978,57
464016,67
464045,82
464049,95
464070,62
464106,67
464123,45
464135,55
464167,45
464171,57
464207,57
464218,47
464226,71
464303,75
464330,80
464373,49
464388,44
464408,63
464409,49
464419,62
464448,86
464475,61
464507,57
464508,33
464515,84
464517,51
464534,34
464574,45
464686,65
464692,91
464693,51
464709,82
464721,64
464738,45
464767,50
464816,50
464869,65
464882,52
464896,66
464903,30
464908,96
464934,66
464959,78
464960,44
464972,58
465001,50
465034,21
465057,53
465064,54
465068,30
465095,92
465134,46
465141,59
465152,54
465196,80
465200,75
465226,38
465283,48
465288,78
465360,50
465384,53
465401,49
465415,38
465430,70
465435,38
465439,82
465453,50
465481,56
465486,68
465487,37
465498,51
465503,56
465517,70
465522,46
465533,64
465542,52
465580,63
465590,73
465598,79
465605,54
465612,78
465645,63
465686,34
465687,52
465688,67
465706,34
465722,64
465747,69
465767,57
465795,54
465826,36
465854,32
465887,75
465938,78
465988,69
466033,63
466040,71
466052,49
466064,43
466099,15
466104,57
466134,60
466210,79
466291,87
466294,57
466357,80
466363,72
466364,40
466367,32
466368,80
466370,80
466378,53
466385,67
466410,46
466413,66
466458,68
466467,60
466501,72
466550,64
466573,72
466582,79
466584,98
466594,83
466598,58
466599,67
466606,66
466727,75
466741,67
466767,23
466801,53
466823,47
466837,43
466842,62
466871,55
466878,44
466913,90
466944,89
466988,93
467003,50
467020,63
467029,59
467081,39
467097,75
467103,43
467104,63
467107,81
467128,72
467135,45
467189,69
467219,47
467232,51
467263,69
467264,32
467282,40
467321,58
467323,61
467332,36
467340,42
467397,56
467435,78
467465,53
467475,65
467494,33
467510,39
467512,54
467521,38
467573,66
467575,42
467602,50
467614,53
467626,65
467629,72
467667,80
467671,69
467725,46
467749,72
467791,71
467801,42
467827,58
467855,52
467952,47
467961,46
467997,86
468020,61
468021,51
468024,77
468025,99
468033,77
468045,68
468048,77
468051,64
468070,101
468097,53
468099,78
468140,47
468150,82
468156,55
468178,62
468188,91
468191,54
468193,36
468221,47
468240,86
468282,35
468332,64
468335,89
468342,50
468346,28
468359,51
468372,79
468373,73
468415,66
468430,29
468449,86
468450,4
468494,81
468495,43
468502,59
468546,59
468579,31
468600,62
468634,45
468638,10
468663,53
468664,58
468665,73
468685,43
468690,51
468696,47
468699,67
468792,62
468798,51
468833,46
468844,84
468850,68
468894,45
468921,35
468984,61
469048,54
469066,67
469103,46
469134,63
469272,101
469276,79
469326,51
469356,36
469390,68
469396,72
469413,44
469429,53
469449,71
469478,40
469523,62
469527,52
469557,61
469576,50
469611,87
469624,58
469659,30
469663,59
469694,45
469786,56
469787,69
469804,54
469809,66
469844,67
469855,98
469920,44
469935,44
469947,79
469957,65
469968,51
469978,49
470051,51
470069,50
470088,59
470094,69
470101,56
470111,47
470133,52
470136,61
470141,52
470154,81
470271,93
470305,41
470306,54
470324,72
470361,37
470382,73
470405,30
470517,78
470529,73
470583,58
470614,99
470680,44
470761,61
470779,79
470849,67
470854,75
470863,80
470867,66
470882,42
470883,69
470887,49
470896,60
470939,78
470954,52
470955,38
470957,83
470988,81
471009,74
471012,53
471058,95
471081,67
471091,54
471148,39
471161,80
471178,47
471179,74
471202,66
471259,95
471285,63
471288,78
471289,50
471305,51
471318,36
471357,50
471389,43
471397,64
471420,66
471422,49
471511,70
471587,40
471609,57
471639,39
471692,63
471700,104
471789,92
471815,75
471822,67
471823,25
471837,71
471852,24
471860,71
471887,68
471896,74
471899,69
471905,53
471914,81
471962,97
472038,59
472058,55
472068,103
472081,66
472089,44
472093,71
472119,54
472133,76
472144,30
472146,30
472151,33
472155,64
472171,83
472180,42
472181,44
472196,36
472197,43
472202,70
472206,63
472261,77
472262,81
472298,111
472373,45
472381,70
472390,48
472397,72
472431,49
472442,68
472455,43
472462,54
472474,54
472485,46
472505,54
472508,96
472511,64
472562,56
472574,88
472618,63
472651,69
472667,50
472684,66
472689,33
472737,67
472779,51
472797,70
472826,40
472914,58
472915,70
472923,47
472960,79
472966,56
472974,47
472994,49
472995,32
472997,61
473019,39
473040,66
473077,47
473080,46
473111,64
473186,70
473259,69
473272,71
473279,63
473281,52
473291,10
473335,46
473366,67
473386,56
473387,52
473422,73
473446,29
473493,76
473506,83
473510,60
473512,73
473520,75
473559,49
473571,55
473573,42
473605,59
473612,32
473630,80
473647,53
473667,43
473688,104
473708,74
473709,75
473731,82
473738,105
473748,88
473749,55
473767,54
473773,57
473775,57
473782,60
473786,36
473789,58
473797,55
473812,62
473817,53
473820,70
473821,42
473840,96
473842,74
473843,66
473844,35
473846,54
473856,52
473890,59
473932,48
473991,74
474001,89
474005,41
474064,68
474073,36
474081,105
474086,42
474110,45
474120,71
474163,38
474168,67
474169,69
474223,93
474225,49
474246,72
474293,30
474330,54
474367,63
474400,60
474405,55
474418,85
474428,49
474436,59
474454,66
474475,37
474483,39
474487,55
474494,91
474510,64
474540,91
474576,63
474631,54
474649,50
474658,59
474663,32
474715,55
474734,41
474770,62
474817,67
474847,56
474853,50
474867,41
474870,61
474910,51
474933,59
474971,56
475005,44
475008,67
475019,54
475035,43
475078,37
475127,57
475154,50
475174,37
475175,48
475197,57
475275,49
475313,63
475342,66
475346,55
475395,81
475411,100
475415,59
475440,69
475476,60
475493,57
475518,78
475520,83
475543,82
475559,105
475571,105
475597,59
475615,68
475633,54
475636,42
475678,91
475731,78
475753,58
475763,82
475767,42
475778,62
475803,54
475804,58
475811,85
475814,96
475831,33
475915,73
475950,82
475989,26
476003,82
476004,24
476041,86
476042,50
476065,90
476095,64
476109,72
476117,82
476118,67
476130,70
476178,42
476186,57
476200,58
476261,48
476268,61
476320,74
476326,67
476359,71
476382,77
476390,77
476441,61
476453,17
476454,54
476510,31
476525,62
476531,39
476556,72
476562,51
476578,83
476633,109
476642,59
476693,55
476695,64
476713,45
476751,46
476761,36
476776,42
476822,51
476875,24
476881,30
476910,70
476944,50
476967,88
477013,55
477041,51
477043,62
477051,61
477075,101
477078,40
477087,64
477126,75
477130,76
477193,66
477202,80
477209,27
477262,54
477279,55
477287,71
477321,66
477347,65
477349,51
477363,53
477416,90
477431,57
477470,62
477570,59
477659,65
477703,65
477710,77
477719,85
477729,119
477748,71
477750,80
477753,53
477820,78
477825,85
477860,30
477890,23
477902,46
477903,66
477923,80
477924,73
477948,51
477993,51
478010,50
478046,72
478048,73
478058,3
478092,84
478141,63
478153,67
478154,45
478191,76
478195,33
478219,73
478228,56
478254,82
478257,49
478293,71
478294,64
478301,52
478304,66
478309,36
478316,17
478324,67
478345,52
478353,83
478381,63
478419,97
478442,47
478460,73
478505,29
478553,68
478561,62
478587,36
478617,75
478667,68
478683,73
478705,41
478708,80
478722,64
478729,53
478743,61
478750,50
478755,67
478784,55
478790,105
478824,76
478891,53
478896,44
478918,29
478919,70
478922,93
478931,43
478948,43
478982,58
478991,54
479039,68
479047,43
479114,48
479130,40
479134,40
479198,74
479213,71
479257,51
479292,57
479322,53
479342,61
479359,64
479360,86
479379,27
479401,61
479403,52
479405,28
479439,43
479458,50
479461,52
479464,72
479517,80
479558,52
479566,45
479574,58
479611,53
479612,36
479668,37
479710,72
479715,96
479730,41
479745,38
479746,52
479774,46
479791,100
479819,72
479823,75
479838,16
479873,57
479908,67
479920,56
479974,73
480012,66
480027,69
480030,61
480045,44
480071,97
480087,75
480111,45
480122,69
480158,59
480195,48
480283,72
480287,97
480312,92
480314,41
480323,46
480437,72
480456,73
480479,57
480480,26
480549,74
480558,77
480582,70
480583,46
480648,50
480686,42
480728,64
480796,44
480812,55
480822,55
480823,84
480824,84
480832,67
480875,30
480891,54
480909,65
481043,30
481046,48
481088,46
481163,90
481166,65
481191,46
481224,48
481231,56
481244,51
481249,42
481264,50
481340,79
481356,61
481385,63
481400,58
481439,59
481506,95
481530,64
481538,47
481548,44
481585,73
481591,49
481636,56
481669,55
481686,54
481708,46
481732,84
481735,100
481769,54
481840,68
481877,71
481886,69
481893,33
481897,75
481899,94
481919,62
481982,61
482014,74
482028,85
482030,73
482059,87
482085,83
482106,67
482108,52
482141,36
482165,54
482197,56
482244,81
482255,59
482266,100
482330,48
482331,68
482397,65
482479,59
482534,71
482535,57
482560,38
482561,58
482565,61
482592,69
482606,39
482637,71
482641,62
482663,56
482693,41
482706,72
482707,57
482732,60
482735,60
482776,27
482797,55
482846,38
482859,87
482925,89
482951,40
482952,70
482956,71
482991,75
482996,54
483027,64
483047,74
483054,63
483062,54
483081,46
483103,24
483157,88
483173,77
483176,103
483209,71
483217,55
483223,59
483281,69
483292,21
483317,78
483330,69
483370,46
483387,91
483394,23
483396,54
483425,81
483499,43
483502,45
483507,64
483516,83
483559,64
483591,63
483592,41
483602,71
483612,53
483618,77
483636,23
483656,38
483659,29
483660,76
483664,83
483695,50
483704,52
483715,44
483740,80
483787,51
483810,44
483847,59
483849,34
483873,56
483903,34
483905,50
483934,35
484012,62
484026,37
484028,69
484089,92
484133,87
484200,58
484201,42
484211,39
484238,43
484284,60
484293,87
484306,92
484316,21
484329,43
484360,54
484369,48
484382,79
484408,61
484421,53
484422,84
484424,32
484482,24
484539,64
484544,58
484551,19
484557,55
484559,102
484567,47
484588,64
484599,50
484708,70
484727,54
484755,58
484763,75
484803,60
484925,80
484988,74
485023,50
485061,39
485063,44
485081,39
485083,75
485100,81
485102,76
485104,43
485143,76
485184,73
485296,73
485303,76
485336,32
485349,58
485364,62
485393,74
485407,56
485414,39
485422,76
485440,62
485442,51
485451,29
485456,69
485473,39
485485,36
485486,71
485513,56
485517,60
485568,91
485586,68
485597,61
485617,51
485637,58
485729,62
485744,32
485754,67
485758,49
485759,73
485797,73
485798,99
485831,62
485833,56
485835,68
485871,92
485888,56
485916,76
485929,28
485934,31
485939,86
485958,81
485966,81
485979,58
485989,54
486004,71
486027,23
486030,42
486059,86
486072,59
486101,63
486167,52
486182,27
486201,28
486214,40
486226,50
486252,45
486266,55
486323,51
486326,93
486343,76
486366,77
486381,59
486398,84
486404,65
486408,64
486462,69
486477,73
486484,67
486517,82
486554,76
486555,74
486563,46
486580,55
486584,55
486623,79
486627,63
486693,58
486709,68
486728,27
486731,54
486786,88
486813,50
486818,44
486819,48
486853,64
486867,28
486872,83
486890,63
486891,38
486917,85
486949,71
486988,40
486989,53
486999,75
487061,83
487066,84
487089,75
487130,35
487132,69
487133,46
487204,67
487208,57
487214,34
487230,77
487299,51
487337,77
487362,84
487377,87
487385,57
487432,60
487444,66
487468,81
487480,73
487485,61
487517,47
487518,71
487523,20
487524,44
487586,85
487595,56
487637,38
487639,69
487644,71
487655,77
487656,18
487657,75
487688,85
487751,28
487766,65
487774,62
487778,40
487790,34
487800,88
487835,84
487842,34
487843,63
487856,68
487941,103
487959,45
487962,75
487976,107
487979,47
487985,49
487997,37
488023,65
488044,39
488048,80
488062,104
488092,68
488112,37
488148,36
488180,44
488232,31
488251,56
488259,61
488284,62
488288,30
488310,29
488315,87
488350,67
488351,70
488386,57
488405,34
488409,52
488424,93
488455,66
488456,68
488457,78
488482,53
488541,52
488544,71
488554,45
488555,62
488575,69
488582,56
488605,78
488648,50
488709,64
488714,62
488735,33
488774,47
488783,66
488809,65
488826,89
488829,55
488925,52
488947,49
488973,41
488998,36
489003,48
489026,43
489040,65
489076,71
489085,51
489086,66
489118,43
489128,70
489129,48
489131,60
489147,70
489155,48
489170,43
489189,30
489231,33
489234,86
489247,79
489306,68
489322,74
489357,104
489400,58
489418,53
489446,93
489456,76
489465,48
489489,78
489557,63
489560,53
489577,75
489605,71
489643,70
489653,76
489676,74
489679,32
489689,79
489738,60
489784,65
489812,48
489856,78
489871,57
489900,17
489910,40
489924,73
489929,57
490001,55
490123,102
490147,48
490167,75
490178,63
490180,41
490198,49
490208,51
490250,86
490263,36
490296,45
490334,74
490379,55
490405,47
490427,87
490429,54
490443,48
490454,85
490463,49
490471,69
490473,70
490488,86
490571,64
490584,53
490601,80
490631,51
490650,44
490658,71
490668,52
490684,44
490704,53
490705,67
490740,59
490764,60
490770,97
490801,62
490810,63
490865,62
490868,33
490914,20
490961,63
490974,81
491038,100
491044,53
491055,78
491060,50
491063,38
491095,64
491097,67
491114,25
491150,38
491175,56
491216,88
491220,85
491226,44
491228,71
491251,72
491264,52
491267,67
491272,95
491284,65
491287,73
491295,18
491310,95
491342,77
491344,63
491365,31
491368,54
491386,74
491424,39
491429,33
491471,85
491473,25
491483,53
491488,55
491499,54
491522,64
491526,50
491592,52
491596,74
491665,34
491731,107
491743,17
491766,53
491767,51
491771,50
491779,97
491783,50
491805,62
491812,50
491816,39
491829,62
491848,51
491855,81
491867,52
491880,81
491888,93
491898,71
491900,48
491930,56
491957,44
491964,67
491965,40
491967,39
491972,39
491976,36
491998,56
492006,85
492009,27
492010,63
492046,60
492052,78
492090,48
492150,74
492185,48
492244,63
492285,42
492376,96
492392,32
492393,35
492408,67
492412,56
492450,61
492456,54
492459,65
492478,44
492485,91
492490,50
492523,51
492529,49
492530,100
492534,53
492542,54
492560,50
492578,73
492598,49
492608,93
492656,84
492666,82
492674,82
492686,38
492695,45
492698,38
492708,59
492710,63
492738,68
492815,40
492837,50
492844,71
492884,56
492906,51
492907,79
492951,56
492958,55
492974,71
492993,43
493042,32
493043,35
493055,16
493070,47
493088,41
493098,62
493162,14
493167,51
493171,83
493177,44
493222,52
493225,72
493258,50
493263,70
493265,55
493289,35
493300,34
493307,50
493312,49
493318,53
493341,82
493345,43
493354,65
493356,97
493373,52
493380,34
493388,20
493399,64
493434,55
493437,86
493497,72
493521,79
493529,45
493631,69
493641,58
493672,60
493679,39
493686,48
493757,64
493769,63
493785,47
493840,66
493847,38
493854,19
493867,83
493896,73
493943,36
493961,57
493962,67
493964,70
493986,91
493987,110
493996,37
494019,27
494026,28
494078,65
494146,49
494182,51
494244,55
494258,53
494267,103
494284,75
494295,83
494297,62
494359,32
494369,23
494384,86
494507,80
494546,97
494550,57
494618,54
494630,54
494639,99
494652,55
494693,65
494702,30
494842,60
494850,54
494883,93
494912,19
494956,78
494989,73
495065,62
495108,55
495141,32
495155,60
495246,77
495358,83
495365,81
495374,67
495375,68
495397,37
495475,54
495507,100
495516,71
495542,60
495578,75
495635,71
495641,98
495671,75
495687,76
495706,42
495720,84
495728,92
495744,57
495784,40
495794,77
495815,72
495845,64
495899,68
495901,62
495920,79
495937,66
495948,94
496011,69
496018,59
496047,67
496074,26
496097,37
496102,67
496114,89
496158,70
496165,71
496178,58
496190,89
496191,23
496194,95
496210,55
496233,73
496246,63
496295,70
496298,62
496386,27
496404,67
496418,41
496426,58
496488,66
496493,38
496546,59
496559,70
496595,72
496619,43
496675,72
496696,59
496706,67
496707,46
496711,43
496718,56
496719,69
496803,100
496821,118
496827,56
496867,68
496885,60
496915,48
496942,64
496943,55
496947,41
496990,62
497004,78
497021,41
497078,20
497079,45
497124,46
497178,89
497219,58
497223,57
497279,17
497314,81
497327,72
497344,52
497363,102
497368,34
497449,90
497454,46
497463,37
497486,28
497494,75
497561,22
497563,61
497588,65
497605,60
497616,74
497630,87
497697,41
497707,56
497718,64
497741,57
497769,69
497794,80
497798,59
497884,34
497892,81
497943,93
497948,50
497957,73
497962,68
497968,53
497973,78
497978,40
497985,64
497989,41
498009,69
498018,65
498027,50
498042,85
498044,73
498053,74
498070,49
498095,54
498097,82
498125,49
498154,106
498184,27
498185,33
498200,84
498202,76
498207,84
498307,45
498333,68
498376,88
498438,45
498505,52
498511,52
498543,55
498545,28
498552,70
498568,61
498578,83
498581,75
498588,29
498604,72
498696,48
498746,56
498751,58
498752,64
498753,58
498784,46
498793,56
498811,74
498818,56
498900,17
498917,30
498928,66
498941,41
498960,31
498968,48
498969,51
499020,75
499053,67
499091,53
499119,51
499129,84
499135,64
499159,79
499194,68
499200,16
499215,53
499221,65
499227,81
499240,67
499265,41
499268,58
499288,37
499290,36
499315,53
499337,82
499411,80
499423,54
499464,24
499477,54
499499,58
499526,82
499529,39
499589,65
499593,30
499604,83
499624,67
499625,40
499634,31
499655,35
499671,76
499672,44
499673,73
499692,54
499727,62
499760,40
499774,20
499789,67
499790,41
499794,50
499813,83
499834,65
499909,76
499979,38
500024,54
500025,46
500026,69
500035,62
500051,35
500065,36
500087,46
500114,52
500119,78
500164,44
500213,44
500256,86
500261,68
500272,49
500288,62
500325,28
500345,86
500373,52
500379,56
500414,37
500464,83
500488,70
500494,72
500530,60
500559,105
500624,60
500632,49
500658,57
500664,38
500665,68
500672,68
500694,76
500695,53
500701,92
500713,71
500726,77
500733,74
500767,61
500770,37
500827,62
500860,71
500864,86
500866,36
500880,75
500902,57
500921,45
500940,64
500952,33
500957,46
501039,56
501057,50
501071,42
501078,79
501106,48
501113,64
501122,76
501127,67
501154,66
501156,81
501161,75
501191,72
501220,61
501222,60
501238,61
501292,77
501364,67
501381,50
501406,47
501430,44
501449,69
501464,63
501477,50
501495,65
501559,80
501585,71
501636,78
501638,63
501643,70
501694,60
501712,106
501725,65
501746,40
501756,30
501763,65
501768,56
501776,52
501793,76
501800,69
501804,78
501858,59
501891,66
501896,44
501897,54
501906,53
501911,39
501917,45
501936,55
501937,60
501955,84
501969,56
501985,85
501986,35
502004,97
502015,54
502032,45
502051,63
502133,78
502135,49
502136,65
502153,59
502156,58
502172,29
502191,49
502216,62
502217,72
502233,79
502235,53
502242,54
502280,24
502295,40
502303,40
502314,59
502340,19
502428,77
502469,43
502524,8
502536,81
502554,73
502565,68
502567,56
502632,60
502635,43
502637,45
502661,90
502685,32
502748,53
502774,60
502813,44
502851,21
502909,46
502988,72
502993,56
503041,55
503117,57
503126,52
503194,50
503223,62
503230,41
503231,41
503250,73
503287,35
503300,82
503334,35
503367,32
503454,65
503522,47
503537,63
503609,31
503686,77
503688,78
503723,73
503742,45
503795,27
503804,65
503805,59
503808,91
503897,73
503915,75
503916,56
503919,39
503950,48
503972,57
503978,58
503983,100
504008,43
504025,57
504079,51
504113,69
504138,75
504184,76
504197,50
504291,43
504318,67
504330,32
504346,60
504360,50
504384,47
504402,65
504450,68
504483,44
504485,82
504496,44
504507,62
504519,60
504552,75
504564,57
504586,53
504636,81
504657,56
504683,61
504687,90
504704,77
504717,66
504738,40
504747,50
504767,55
504799,44
504825,55
504838,63
504857,54
504859,32
504898,73
504914,54
504920,60
504926,65
504980,17
505005,80
505021,53
505048,76
505056,52
505092,43
505098,63
505136,47
505144,62
505146,105
505153,65
505157,76
505163,65
505184,54
505191,57
505227,83
505229,54
505237,69
505245,89
505255,93
505264,70
505269,29
505282,60
505306,53
505330,40
505337,32
505355,70
505360,45
505386,31
505387,70
505391,78
505413,74
505421,69
505432,47
505447,81
505449,76
505493,64
505497,80
505533,70
505542,67
505545,36
505556,79
505563,56
505567,19
505568,31
505586,52
505606,66
505615,79
505639,45
505702,63
505718,85
505758,56
505790,54
505794,30
505799,45
505815,90
505834,79
505844,51
505859,69
505862,28
505913,76
505926,57
505968,25
506011,73
506031,59
506039,73
506072,43
506107,72
506110,74
506142,51
506169,58
506172,79
506188,47
506206,49
506209,52
506264,54
506381,27
506430,45
506432,33
506435,61
506437,49
506451,59
506467,58
506469,40
506496,61
506504,39
506518,49
506541,69
506544,79
506553,72
506575,35
506594,74
506610,54
506617,70
506627,76
506642,23
506649,69
506655,9
506675,90
506676,58
506688,59
506692,79
506697,72
506738,71
506757,90
506776,71
506781,71
506782,92
506809,33
506813,82
506851,44
506880,50
506933,70
506962,63
506969,66
506987,41
507045,68
507081,77
507088,63
507122,55
507142,78
507171,78
507172,73
507193,55
507201,67
507218,84
507230,65
507232,50
507291,77
507311,65
507313,37
507335,42
507345,68
507348,53
507349,85
507359,81
507385,53
507393,50
507400,71
507442,55
507454,39
507470,66
507493,80
507495,31
507497,113
507504,71
507508,45
507524,86
507549,53
507550,75
507554,65
507574,69
507613,68
507615,56
507628,35
507630,61
507641,43
507697,37
507732,73
507748,85
507757,52
507797,78
507824,34
507829,60
507835,62
507856,29
507890,38
507957,41
507973,48
507980,52
507989,50
508041,75
508046,41
508051,80
508058,77
508060,60
508112,83
508120,69
508123,84
508141,46
508155,66
508175,41
508220,6
508222,70
508251,54
508263,68
508297,71
508348,43
508374,69
508384,68
508392,41
508412,64
508480,105
508511,55
508517,42
508534,56
508553,57
508573,64
508584,65
508626,24
508646,78
508647,36
508669,36
508670,85
508733,69
508746,1
508766,66
508775,39
508847,73
508886,53
508889,71
508897,66
508914,60
508960,26
508969,54
509026,70
509049,70
509059,30
509060,48
509066,18
509067,80
509084,71
509087,55
509095,52
509121,44
509125,81
509146,50
509186,18
509202,21
509236,53
509237,53
509239,69
509252,51
509268,35
509275,72
509276,61
509292,58
509301,55
509363,36
509410,64
509430,67
509441,84
509478,67
509493,52
509508,93
509512,42
509516,53
509523,48
509542,32
509568,74
509569,66
509622,52
509631,46
509698,73
509707,40
509741,63
509745,70
509753,50
509762,47
509806,55
509832,39
509842,85
509849,31
509864,68
509901,93
509916,68
509921,53
509937,51
509953,51
509996,66
509999,59
510030,82
510048,69
510061,80
510066,66
510067,27
510133,53
510163,77
510170,84
510172,74
510182,48
510226,103
510287,53
510289,86
510293,69
510294,52
510346,79
510355,56
510369,67
510434,75
510477,52
510506,55
510507,47
510532,59
510573,36
510584,96
510611,62
510669,63
510672,49
510682,72
510724,33
510751,59
510791,52
510817,52
510840,41
510888,33
510889,72
510906,85
510927,81
510960,52
510963,76
510973,91
511003,81
511015,28
511027,70
511070,93
511101,78
511113,46
511131,68
511148,70
511226,55
511228,57
511313,72
511321,70
511325,80
511332,69
511342,57
511362,69
511363,53
511413,55
511414,82
511429,72
511434,68
511484,59
511485,38
511519,67
511550,51
511567,37
511571,35
511611,41
511646,63
511682,6
511805,64
511812,37
511894,35
511926,58
511934,54
511939,50
511954,77
511964,54
511976,120
511987,61
512004,46
512028,47
512100,85
512115,52
512152,55
512169,11
512191,53
512199,76
512209,59
512246,60
512255,72
512260,35
512279,78
512285,65
512288,70
512303,87
512305,51
512333,48
512340,54
512387,80
512486,76
512496,70
512505,67
512527,33
512548,37
512562,75
512566,65
512602,9
512613,52
512621,58
512637,63
512642,81
512681,59
512710,65
512713,59
512735,88
512743,55
512774,62
512799,33
512815,26
512818,49
512827,79
512840,45
512880,38
512937,43
513028,55
513037,25
513060,66
513072,47
513093,91
513141,57
513159,101
513160,76
513184,63
513196,45
513213,98
513216,44
513236,70
513286,42
513293,47
513302,70
513305,37
513317,28
513374,68
513392,64
513443,62
513495,71
513496,44
513503,45
513510,59
513542,40
513586,66
513610,74
513641,56
513646,63
513717,45
513727,64
513736,51
513750,57
513770,50
513809,52
513860,50
513872,123
513929,66
513984,65
514023,69
514059,49
514071,36
514087,55
514093,31
514095,49
514102,48
514123,72
514144,71
514166,46
514182,75
514206,50
514214,38
514256,30
514269,71
514338,31
514353,59
514376,77
514380,62
514407,41
514413,74
514428,75
514443,86
514483,35
514497,65
514602,69
514639,47
514644,48
514677,52
514778,76
514810,79
514812,64
514857,58
514886,61
514909,46
514927,61
514929,59
514934,85
514966,38
514984,36
514986,54
515023,78
515029,49
515032,76
515040,54
515042,47
515047,64
515071,38
515072,65
515093,107
515108,100
515109,99
515118,86
515138,74
515140,41
515154,55
515169,48
515170,59
515173,86
515197,74
515201,43
515203,80
515216,58
515221,81
515246,55
515273,75
515300,54
515310,65
515329,69
515342,57
515346,44
515356,78
515373,50
515388,58
515393,72
515403,46
515405,69
515426,66
515439,53
515487,96
515489,81
515494,57
515570,31
515590,77
515619,67
515640,51
515659,70
515672,88
515682,55
515690,56
515699,57
515734,47
515766,32
515783,40
515808,56
515830,75
515901,81
515911,51
515935,64
515943,82
516025,41
516026,90
516150,82
516158,42
516192,28
516209,40
516236,63
516252,47
516267,71
516275,73
516289,50
516314,7
516324,63
516327,44
516353,52
516394,68
516414,70
516450,35
516485,60
516513,55
516556,83
516563,62
516598,83
516615,46
516638,37
516641,82
516644,61
516648,26
516686,41
516695,74
516706,39
516712,43
516737,40
516754,57
516780,68
516810,79
516812,79
516826,61
516827,45
516838,46
516844,73
516886,61
516891,66
516903,97
516924,58
516931,56
516973,63
517058,26
517085,68
517106,72
517116,53
517133,42
517161,39
517170,63
517185,85
517250,58
517256,49
517292,57
517330,90
517389,63
517414,53
517423,80
517447,72
517451,50
517477,75
517484,57
517511,71
517524,47
517552,72
517574,73
517579,35
517583,54
517588,78
517606,54
517610,50
517618,60
517631,74
517632,38
517770,62
517793,68
517824,67
517846,64
517860,82
517876,70
517921,65
517925,78
517944,73
517945,52
517946,82
517951,86
517984,50
517995,16
518008,43
518037,31
518042,74
518043,45
518045,71
518086,95
518110,65
518158,51
518208,43
518232,27
518250,55
518286,55
518321,70
518331,66
518367,30
518369,30
518374,62
518395,46
518399,4
518432,55
518451,46
518482,77
518483,59
518505,16
518517,32
518525,51
518535,33
518579,55
518591,85
518609,73
518643,66
518693,58
518743,56
518754,43
518765,54
518782,69
518800,79
518820,42
518837,51
518838,52
518857,52
518876,53
518880,62
518945,44
518960,47
518973,69
518993,79
519009,84
519047,70
519085,44
519113,79
519137,69
519153,96
519181,51
519207,41
519214,59
519225,40
519261,45
519276,63
519293,51
519303,26
519304,36
519309,35
519329,50
519339,52
519344,80
519373,72
519403,68
519441,73
519494,117
519532,29
519620,74
519629,70
519645,38
519673,54
519674,52
519710,69
519733,17
519766,61
519775,39
519786,67
519803,28
519834,72
519835,75
519884,63
519909,30
519920,37
519922,68
519989,47
519990,11
519996,57
520018,67
520019,47
520030,46
520037,75
520056,40
520068,78
520077,49
520081,67
520087,89
520099,57
520131,80
520217,80
520234,94
520241,83
520267,63
520305,49
520318,75
520343,82
520346,58
520378,87
520384,95
520389,61
520426,58
520465,74
520467,93
520505,68
520506,67
520530,38
520532,81
520586,45
520590,37
520597,57
520599,91
520600,92
520601,55
520602,76
520611,21
520623,72
520624,62
520650,57
520675,59
520676,61
520713,78
520714,50
520733,74
520737,42
520744,100
520745,53
520750,50
520762,60
520795,57
520802,27
520803,27
520846,58
520874,63
520876,71
520880,61
520948,55
520955,81
521056,54
521060,63
521129,73
521151,65
521175,84
521240,54
521246,47
521311,84
521312,101
521330,43
521366,68
521368,67
521372,74
521374,63
521383,76
521387,31
521402,40
521425,35
521444,58
521463,40
521531,67
521533,106
521545,73
521546,60
521590,48
521658,77
521671,65
521694,43
521699,59
521706,61
521710,90
521711,40
521728,75
521729,70
521748,86
521772,60
521788,57
521830,56
521844,72
521885,65
521888,46
521988,64
522056,70
522069,78
522119,47
522139,58
522220,62
522226,30
522254,76
522275,58
522288,44
522313,75
522340,74
522356,81
522368,79
522384,58
522385,73
522471,69
522496,53
522510,50
522512,73
522538,43
522552,33
522570,35
522641,102
522679,51
522696,49
522715,69
522722,75
522740,82
522746,62
522785,30
522796,37
522837,55
522849,44
522875,79
522898,55
522967,95
522986,64
522993,62
522994,77
523049,67
523070,75
523137,63
523145,46
523147,23
523159,53
523180,51
523216,61
523261,64
523269,96
523285,97
523361,61
523431,35
523453,59
523460,72
523470,55
523472,66
523486,35
523494,69
523549,51
523551,79
523581,65
523610,58
523613,52
523620,86
523621,58
523632,62
523638,59
523668,78
523687,53
523707,88
523716,36
523727,45
523729,43
523746,65
523772,99
523782,55
523798,58
523884,60
523962,66
524009,79
524021,84
524027,98
524044,73
524071,62
524085,54
524087,87
524102,85
524156,24
524214,59
524218,75
524229,59
524259,25
524279,88
524291,66
524306,90
524334,49
524353,78
524372,36
524373,79
524394,62
524401,59
524416,62
524485,55
524493,83
524512,57
524514,34
524524,33
524537,90
524538,44
524550,30
524559,51
524566,27
524584,64
524637,83
524648,70
524651,65
524666,46
524683,52
524694,48
524713,49
524726,63
524731,51
524742,47
524763,76
524841,79
524844,66
524881,87
524892,43
524898,94
524917,72
524921,67
524982,34
524984,54
525006,54
525020,65
525041,52
525051,63
525082,57
525116,38
525132,50
525137,31
525152,96
525176,51
525188,73
525193,101
525226,61
525233,72
525234,24
525246,55
525258,72
525280,75
525294,63
525298,73
525301,67
525324,103
525378,70
525393,55
525398,69
525424,57
525450,70
525476,49
525564,74
525565,40
525585,61
525591,74
525601,52
525608,60
525614,52
525648,97
525699,76
525706,57
525712,49
525741,52
525745,69
525749,65
525762,47
525772,56
525781,30
525782,78
525795,55
525800,1
525805,78
525851,78
525862,96
525921,51
525936,53
525976,70
525979,76
525984,19
526007,103
526010,58
526061,53
526103,71
526121,40
526161,46
526176,64
526178,46
526179,79
526185,53
526257,55
526264,68
526281,24
526299,49
526325,75
526326,56
526329,49
526394,67
526419,51
526471,81
526493,85
526494,65
526530,90
526549,67
526571,72
526572,73
526598,49
526599,90
526602,70
526605,76
526612,24
526639,55
526641,46
526677,47
526719,76
526762,97
526774,32
526775,66
526785,33
526787,57
526799,56
526805,46
526820,69
526834,69
526893,83
526972,71
526974,36
526978,84
526979,49
526981,67
527003,83
527051,63
527062,66
527072,44
527149,52
527158,30
527261,36
527273,46
527277,50
527337,56
527344,88
527349,40
527434,61
527496,91
527523,62
527603,37
527675,65
527688,28
527690,50
527693,61
527705,74
527709,53
527750,98
527765,45
527823,28
527857,77
527865,64
527882,61
527903,45
527915,70
527976,55
528011,72
528032,53
528055,46
528068,83
528082,49
528085,57
528126,65
528135,54
528152,44
528169,46
528174,57
528189,73
528224,32
528274,55
528280,77
528325,64
528343,48
528346,70
528348,64
528362,42
528399,56
528467,44
528532,14
528549,91
528571,65
528572,43
528579,45
528598,36
528604,50
528636,69
528737,80
528820,40
528823,49
528852,49
528914,16
528915,90
528919,53
528958,67
529040,53
529051,77
529073,71
529091,55
529093,97
529096,94
529143,79
529172,41
529179,81
529215,10
529230,53
529236,66
529245,59
529275,40
529299,55
529309,65
529339,58
529343,50
529430,40
529431,74
529443,82
529451,100
529452,49
529497,61
529519,49
529526,49
529555,31
529557,11
529571,37
529592,63
529605,44
529627,66
529635,27
529636,29
529643,76
529644,24
529663,94
529676,38
529686,72
529701,55
529756,58
529759,52
529764,58
529771,41
529799,53
529801,103
529803,73
529820,26
529829,27
529843,69
529853,80
529864,58
529895,62
529915,77
529947,56
529948,53
529960,67
530035,29
530073,99
530079,69
530080,33
530081,62
530094,58
530118,78
530121,79
530152,93
530159,45
530171,66
530192,41
530195,64
530197,57
530223,53
530225,67
530238,74
530284,54
530334,63
530367,47
530390,75
530406,69
530430,79
530481,76
530521,66
530528,72
530556,52
530570,90
530572,53
530576,84
530592,83
530594,61
530599,66
530604,75
530620,24
530632,96
530652,49
530653,63
530664,108
530682,57
530726,73
530787,64
530824,55
530826,70
530873,51
530955,30
530960,47
530962,70
530963,78
530967,65
530981,80
530983,31
531015,59
531054,4
531079,45
531086,17
531104,57
531111,79
531118,54
531129,61
531133,74
531165,73
531170,73
531180,42
531201,74
531271,41
531307,56
531308,40
531316,54
531348,75
531351,63
531384,75
531396,16
531402,78
531428,47
531432,26
531450,33
531453,64
531472,61
531484,75
531497,64
531524,65
531530,17
531543,67
531584,59
531657,66
531660,50
531670,83
531704,56
531705,60
531720,39
531724,69
531741,54
531748,31
531776,105
531778,93
531795,63
531815,55
531833,64
531852,53
531854,47
531884,61
531886,51
531963,57
531975,59
531981,40
531983,116
532010,55
532026,75
532029,96
532080,54
532108,28
532143,69
532152,42
532162,41
532170,81
532207,81
532210,115
532225,92
532230,76
532246,79
532264,54
532266,19
532267,46
532325,47
532335,54
532357,66
532361,76
532366,20
532434,76
532448,65
532449,71
532524,49
532533,78
532599,91
532600,61
532624,54
532701,80
532734,58
532751,70
532753,54
532762,74
532773,100
532777,40
532830,41
532876,77
532888,43
532981,30
532990,60
533005,50
533015,75
533022,60
533025,38
533056,74
533119,54
533133,43
533150,45
533162,86
533182,68
533184,62
533220,74
533261,31
533306,52
533339,62
533369,77
533379,35
533387,79
533402,83
533440,90
533464,66
533492,26
533502,62
533569,52
533573,47
533593,86
533616,109
533660,57
533671,59
533687,77
533724,46
533729,66
533744,67
533759,48
533774,72
533787,53
533797,84
533798,42
533857,83
533917,25
533928,68
533935,38
533963,82
533970,67
533974,51
533988,73
534026,39
534077,48
534096,47
534113,101
534178,74
534197,74
534281,77
534283,47
534294,79
534312,46
534313,59
534335,69
534348,49
534392,55
534394,43
534420,62
534453,75
534454,59
534458,76
534461,44
534468,47
534492,56
534496,96
534504,91
534517,17
534518,80
534563,70
534566,43
534622,38
534624,59
534664,73
534673,68
534691,35
534698,43
534733,60
534767,50
534869,43
534874,43
534883,33
534893,60
534940,50
534955,68
534979,35
535026,75
535027,30
535075,54
535084,84
535097,68
535143,63
535148,71
535194,84
535197,60
535201,33
535218,63
535234,66
535244,47
535258,64
535271,11
535277,81
535283,41
535285,69
535294,61
535301,45
535310,69
535321,83
535381,50
535383,40
535396,62
535404,64
535429,73
535459,66
535460,77
535485,31
535496,65
535519,50
535550,90
535551,59
535553,51
535565,50
535570,45
535595,77
535629,82
535642,23
535644,69
535649,50
535655,37
535699,48
535704,76
535746,80
535778,62
535779,82
535786,88
535802,53
535829,60
535832,80
535868,46
535881,68
535906,55
535998,68
536008,26
536043,57
536051,46
536064,67
536091,64
536113,54
536127,35
536141,49
536159,73
536169,64
536212,51
536213,16
536264,67
536274,72
536292,49
536294,66
536305,41
536408,59
536426,49
536445,82
536477,64
536488,71
536506,52
536510,27
536540,53
536562,49
536566,72
536596,44
536617,89
536618,57
536619,52
536638,64
536643,37
536646,71
536683,68
536706,57
536707,77
536720,51
536763,72
536798,53
536801,51
536878,50
536893,58
536931,74
536933,96
536940,79
536949,59
536963,75
536967,69
536970,73
536978,89
536995,48
536997,45
537001,86
537067,76
537079,92
537108,77
537110,32
537134,76
537137,28
537142,59
537143,46
537229,22
537245,62
537269,57
537271,62
537276,40
537298,74
537302,34
537304,52
537323,48
537325,56
537341,53
537349,93
537350,48
537384,90
537388,46
537415,69
537447,33
537481,110
537534,55
537543,65
537551,64
537663,42
537690,49
537710,58
537741,54
537747,66
537762,82
537813,70
537816,99
537833,56
537844,38
537856,13
537861,67
537863,35
537864,62
537901,98
537915,61
537938,63
537972,42
537978,52
537988,79
538001,40
538005,53
538034,48
538039,67
538040,78
538046,63
538087,73
538175,40
538192,60
538240,85
538246,28
538251,45
538275,62
538286,53
538293,86
538305,45
538308,43
538312,72
538339,54
538354,74
538403,48
538435,52
538436,87
538487,35
538541,83
538564,33
538583,66
538616,57
538686,68
538688,63
538724,47
538739,91
538740,67
538818,39
538819,67
538829,58
538849,66
538860,63
538881,52
538890,77
538923,54
539022,75
539046,70
539061,84
539122,79
539124,47
539132,71
539166,66
539206,64
539232,36
539248,34
539252,46
539271,49
539272,71
539273,53
539351,77
539389,48
539414,63
539489,61
539518,63
539558,61
539564,60
539576,59
539588,68
539591,55
539595,24
539630,36
539654,40
539693,84
539694,77
539703,68
539757,12
539764,57
539774,48
539819,51
539821,57
539829,56
539867,64
539892,59
539895,49
539903,32
539997,58
540013,85
540021,61
540027,73
540051,60
540077,41
540081,51
540085,75
540088,70
540089,59
540143,38
540154,56
540163,41
540164,75
540319,72
540346,87
540347,51
540388,69
540395,50
540440,48
540496,102
540511,70
540512,51
540544,53
540549,46
540590,31
540591,50
540631,47
540652,68
540689,35
540691,32
540698,69
540709,55
540710,59
540723,25
540768,71
540770,65
540861,71
540865,77
540868,52
540871,41
541039,36
541059,70
541064,68
541130,76
541133,40
541136,45
541150,71
541152,54
541163,63
541167,45
541170,59
541224,25
541261,37
541277,74
541278,48
541354,56
541368,67
541390,49
541393,45
541396,58
541400,41
541416,91
541428,51
541485,49
541491,32
541501,74
541509,79
541518,49
541519,60
541521,52
541551,56
541615,56
541618,53
541621,29
541637,96
541683,74
541684,70
541685,44
541687,37
541688,36
541692,59
541702,55
541750,52
541758,103
541863,64
541889,72
541906,105
541919,43
541920,34
541928,71
541935,86
542017,46
542047,87
542117,39
542140,34
542148,61
542170,32
542201,85
542238,25
542268,44
542308,43
542309,49
542321,51
542325,82
542373,59
542496,59
542515,56
542553,82
542610,40
542647,60
542660,70
542662,66
542680,65
542682,66
542687,68
542708,60
542742,88
542786,58
542792,46
542814,49
542818,62
542874,64
542883,61
542933,64
542941,71
543001,32
543024,33
543042,45
543044,35
543053,58
543066,99
543068,52
543079,51
543082,47
543088,58
543119,90
543136,77
543177,57
543178,33
543204,48
543212,71
543214,56
543237,79
543258,79
543284,59
543287,56
543311,59
543317,61
543333,31
543351,38
543357,62
543358,73
543398,72
543447,26
543544,39
543563,59
543579,61
543593,63
543598,88
543604,39
543629,59
543642,38
543649,55
543654,44
543707,48
543712,39
543759,75
543763,23
543821,86
543860,60
543917,42
543938,68
543973,49
543989,38
543993,64
544063,42
544072,54
544094,88
544100,85
544111,21
544140,58
544189,62
544220,60
544225,52
544244,54
544278,34
544321,88
544324,76
544388,56
544392,45
544424,68
544442,75
544451,49
544512,109
544519,31
544525,46
544539,67
544556,49
544561,57
544573,48
544598,53
544628,51
544629,94
544662,62
544711,46
544742,59
544751,47
544760,65
544785,79
544849,72
544853,83
544859,49
544885,54
544917,48
545012,99
545025,75
545040,54
545062,70
545066,68
545078,62
545092,75
545151,19
545154,60
545195,64
545211,91
545214,61
545221,42
545228,43
545239,89
545252,74
545263,45
545341,61
545372,36
545402,45
545490,49
545497,78
545532,65
545535,51
545572,62
545579,47
545610,62
545613,65
545629,27
545632,84
545670,50
545675,88
545717,80
545743,57
545749,38
545770,68
545819,73
545878,72
545896,30
545929,17
545942,62
545953,37
545978,86
546019,52
546030,53
546037,60
546050,72
546073,77
546092,60
546108,30
546142,72
546169,28
546183,37
546201,99
546207,62
546214,69
546215,82
546216,81
546224,76
546267,73
546279,55
546285,92
546292,56
546304,64
546343,62
546345,65
546346,44
546370,89
546409,50
546453,62
546459,31
546462,34
546538,39
546553,89
546562,83
546676,56
546718,82
546740,56
546811,83
546822,62
546865,87
546884,73
546885,60
546906,48
546970,89
547021,58
547033,69
547069,53
547182,62
547208,64
547212,82
547234,86
547258,65
547261,53
547267,76
547271,72
547282,41
547315,54
547330,43
547398,93
547428,76
547452,72
547488,43
547546,31
547604,53
547617,68
547647,46
547751,76
547771,55
547780,79
547784,61
547815,78
547837,32
547879,41
547883,47
547895,90
547908,48
547930,70
547931,99
547943,17
547975,86
547983,27
547984,85
547991,34
547992,76
548015,67
548039,21
548043,57
548049,88
548059,78
548063,50
548113,49
548123,42
548125,86
548136,56
548143,52
548146,64
548154,57
548181,37
548200,47
548209,55
548221,88
548237,59
548238,83
548241,64
548242,63
548272,44
548276,27
548326,84
548377,88
548381,84
548405,31
548415,95
548440,74
548475,54
548480,29
548492,59
548494,63
548512,54
548514,48
548528,70
548537,71
548555,73
548593,35
548597,44
548603,24
548619,53
548623,67
548650,53
548723,79
548732,52
548738,39
548777,59
548817,74
548851,32
548892,92
548958,47
548960,80
548993,29
549024,56
549032,71
549038,39
549081,73
549110,81
549134,68
549153,41
549156,66
549174,30
549189,58
549197,78
549249,84
549267,44
549275,63
549365,45
549389,100
549403,78
549408,44
549445,98
549477,88
549494,76
549511,49
549521,93
549531,86
549533,66
549556,45
549580,65
549639,78
549649,42
549669,50
549696,90
549720,39
549724,28
549735,60
549765,72
549831,70
549876,81
549888,45
549907,31
549936,87
549945,64
549962,66
549963,24
549974,60
550025,55
550031,92
550034,96
550035,45
550037,42
550050,43
550082,45
550105,112
550122,69
550165,18
550170,67
550212,77
550230,44
550275,98
550282,68
550330,80
550331,58
550333,62
550354,43
550362,58
550519,58
550537,34
550543,47
550561,45
550562,40
550575,67
550630,60
550640,57
550662,77
550730,69
550756,59
550861,70
550891,96
550905,49
550929,65
550939,87
550940,27
550943,32
550977,53
551031,74
551043,61
551044,91
551049,71
551050,78
551054,71
551057,59
551063,79
551073,57
551083,64
551126,48
551178,86
551186,65
551193,103
551206,78
551291,63
551356,61
551401,48
551407,78
551415,104
551451,72
551489,47
551528,61
551562,86
551574,73
551577,58
551610,47
551611,63
551622,79
551635,47
551644,48
551656,16
551677,82
551686,78
551687,59
551694,40
551738,81
551748,46
551777,65
551779,107
551780,57
551810,25
551846,74
551856,41
551858,82
551868,80
551895,30
551900,36
551917,38
551937,62
551955,73
551964,32
551976,35
551984,60
552000,49
552065,78
552123,57
552153,84
552204,47
552254,68
552260,46
552278,37
552280,44
552321,70
552349,84
552366,40
552405,53
552406,77
552411,58
552423,22
552437,73
552465,42
552527,56
552548,65
552549,72
552597,67
552599,60
552605,64
552622,54
552632,58
552647,50
552648,39
552708,33
552717,82
552718,49
552719,73
552734,26
552747,64
552749,73
552808,71
552818,85
552822,47
552826,46
552843,48
552871,15
552955,53
552962,52
552982,45
553010,70
553019,80
553020,76
553036,52
553040,43
553050,41
553056,43
553119,56
553124,59
553140,82
553177,37
553197,43
553209,102
553231,30
553240,70
553263,75
553273,58
553373,16
553391,64
553406,23
553422,85
553425,90
553428,31
553437,84
553471,71
553481,61
553496,60
553503,68
553515,27
553517,52
553524,35
553534,74
553538,75
553561,69
553569,38
553585,62
553624,26
553626,73
553650,39
553681,43
553707,45
553733,33
553734,72
553757,50
553788,82
553809,17
553814,38
553823,40
553824,50
553837,39
553856,66
553886,84
553922,69
553970,41
554019,67
554028,57
554094,77
554102,48
554185,72
554202,79
554261,70
554271,53
554273,109
554280,48
554312,27
554328,34
554333,79
554362,48
554363,61
554417,49
554431,37
554443,71
554455,93
554544,35
554546,69
554555,53
554568,66
554589,79
554613,56
554623,27
554649,65
554654,66
554685,22
554714,65
554734,64
554781,26
554823,53
554833,30
554890,73
554916,74
554959,96
554975,35
554991,44
555031,61
555038,54
555047,51
555051,72
555083,56
555100,82
555150,45
555168,35
555192,47
555204,98
555205,46
555211,67
555243,67
555263,97
555265,79
555274,64
555288,25
555292,70
555304,67
555421,81
555432,81
555450,35
555455,81
555495,48
555499,18
555531,71
555544,75
555547,64
555563,68
555597,28
555612,27
555638,69
555646,51
555658,83
555668,50
555685,55
555705,36
555714,66
555763,73
555776,67
555779,77
555805,56
555816,75
555824,71
555828,60
555857,46
555905,43
555910,65
555953,49
556072,47
556104,67
556125,36
556135,57
556141,45
556157,61
556204,67
556209,71
556212,62
556227,51
556256,70
556267,56
556275,70
556295,99
556296,64
556315,63
556323,59
556367,83
556376,69
556393,53
556446,45
556447,54
556491,45
556496,66
556509,60
556554,44
556559,63
556580,55
556582,65
556586,74
556594,57
556618,67
556625,28
556644,91
556664,38
556692,44
556724,36
556727,44
556736,87
556787,61
556813,80
556814,59
556857,64
556909,75
556974,80
556981,75
556990,58
557025,15
557040,65
557110,51
557131,71
557152,29
557174,77
557194,91
557263,44
557268,45
557280,33
557320,93
557323,36
557338,76
557354,63
557357,49
557366,64
557379,61
557416,27
557421,59
557455,66
557459,74
557464,59
557536,75
557545,62
557558,76
557561,42
557564,73
557587,48
557589,96
557599,83
557605,69
557658,47
557691,58
557709,56
557746,44
557755,74
557844,66
557851,39
557868,104
557884,65
557896,60
557897,52
557935,69
557939,55
557987,73
558048,74
558091,56
558153,66
558204,51
558221,71
558261,37
558267,47
558289,32
558295,88
558334,68
558349,69
558352,77
558358,58
558405,82
558426,72
558432,73
558455,47
558524,36
558545,83
558549,67
558567,68
558599,87
558630,73
558744,50
558770,76
558800,58
558821,65
558835,67
558849,66
558859,60
558885,92
558965,43
558971,73
558990,70
558998,76
559002,62
559040,50
559042,63
559057,74
559059,38
559076,75
559118,35
559119,58
559126,45
559132,42
559198,89
559199,76
559205,31
559216,67
559240,23
559251,52
559255,47
559264,63
559272,95
559305,30
559310,35
559382,40
559384,65
559418,68
559419,81
559530,99
559669,62
559676,40
559707,74
559762,56
559803,69
559804,76
559840,98
559856,35
559871,55
559881,66
559903,67
559909,53
559910,93
559924,46
559968,49
560003,51
560009,87
560014,58
560017,84
560029,80
560075,78
560088,94
560106,27
560109,82
560112,110
560123,23
560157,82
560193,71
560234,48
560272,49
560300,58
560301,57
560303,66
560318,70
560339,89
560368,64
560390,76
560420,74
560451,55
560471,67
560483,64
560510,74
560517,26
560542,87
560545,66
560652,33
560762,69
560780,70
560823,41
560835,32
560877,54
560896,49
560915,84
560930,38
560979,76
561005,61
561026,67
561057,56
561077,66
561083,84
561113,45
561146,52
561165,61
561169,58
561185,44
561216,68
561343,66
561388,44
561398,76
561416,82
561424,66
561425,67
561452,92
561455,72
561473,58
561475,34
561489,55
561496,51
561552,63
561562,34
561582,46
561585,97
561588,48
561626,54
561642,62
561645,74
561647,45
561723,37
561724,81
561776,31
561810,41
561817,87
561835,34
561863,79
561878,43
561929,78
561933,56
561965,93
561998,73
562006,45
562014,67
562036,39
562052,67
562088,70
562102,52
562109,41
562110,50
562112,114
562116,55
562154,60
562191,44
562193,37
562194,48
562203,55
562209,81
562216,56
562221,43
562230,47
562271,61
562299,70
562320,100
562335,82
562348,50
562394,42
562444,30
562457,79
562475,70
562485,32
562529,90
562548,63
562558,27
562579,77
562583,64
562634,60
562656,37
562708,52
562735,62
562768,53
562786,87
562813,58
562853,39
562860,75
562870,82
562872,95
562986,49
563032,71
563044,93
563053,47
563061,72
563089,54
563091,66
563096,53
563099,45
563100,93
563120,71
563134,74
563150,26
563186,52
563201,43
563211,58
563229,14
563238,80
563268,43
563286,51
563299,72
563302,45
563311,67
563370,48
563395,63
563487,62
563492,80
563503,70
563535,43
563541,37
563546,69
563566,82
563573,71
563587,64
563615,65
563620,56
563628,61
563633,48
563639,48
563663,63
563680,82
563687,33
563771,56
563808,58
563816,65
563863,65
563868,32
563881,61
563958,79
563965,80
563973,65
563975,47
563985,58
563995,84
564022,59
564051,41
564054,76
564069,24
564083,87
564124,31
564162,40
564166,49
564169,84
564178,66
564195,61
564202,94
564203,43
564282,63
564288,40
564299,68
564307,73
564311,97
564346,59
564354,51
564360,58
564364,48
564388,26
564409,44
564424,61
564438,74
564462,63
564470,49
564471,60
564538,37
564595,44
564610,49
564617,36
564625,40
564626,60
564677,58
564712,42
564739,72
564773,81
564777,65
564778,52
564834,75
564868,45
564887,33
564897,79
564902,61
564908,61
564941,57
564955,70
564957,62
564986,33
565019,39
565040,78
565047,70
565082,85
565114,75
565140,40
565145,55
565182,70
565185,65
565186,81
565191,49
565222,59
565231,51
565253,61
565257,35
565309,84
565346,74
565353,88
565393,62
565461,64
565527,50
565586,103
565589,47
565648,88
565687,53
565706,46
565731,65
565735,106
565738,86
565740,77
565798,66
565822,89
565851,28
565888,96
565939,53
565943,76
565956,76
565966,32
565994,60
565997,67
565999,70
566001,64
566038,29
566101,96
566171,94
566172,62
566237,54
566254,96
566260,35
566278,71
566279,58
566384,23
566388,73
566393,59
566443,72
566444,81
566503,57
566508,28
566523,75
566532,59
566586,82
566587,58
566597,93
566632,56
566676,76
566704,36
566706,42
566717,79
566735,54
566761,41
566774,33
566786,43
566906,18
566927,46
566955,36
566989,38
567060,44
567112,40
567165,71
567226,33
567260,68
567267,60
567273,73
567279,72
567294,57
567315,56
567363,75
567376,57
567379,60
567410,70
567451,62
567456,56
567458,46
567487,64
567547,59
567595,55
567613,81
567619,80
567627,79
567645,92
567649,36
567706,60
567727,43
567733,39
567785,41
567800,40
567820,63
567860,77
567869,81
567870,49
567922,56
567941,96
567967,47
567968,87
567969,50
567994,42
568005,39
568012,45
568027,102
568029,50
568054,75
568069,63
568076,49
568102,59
568107,71
568108,87
568109,80
568156,59
568174,56
568220,71
568224,73
568235,63
568252,77
568261,87
568329,75
568357,61
568397,70
568405,61
568426,70
568444,59
568493,28
568532,58
568539,53
568545,19
568571,75
568598,67
568606,74
568620,57
568643,44
568644,42
568651,20
568678,64
568698,63
568704,58
568705,64
568706,50
568724,59
568729,47
568748,72
568750,72
568770,63
568787,49
568788,93
568801,53
568804,33
568839,95
568840,51
568862,34
568865,79
568866,47
568868,67
568871,65
568882,57
568887,56
568889,73
568916,41
568923,58
568924,42
568932,59
568935,66
568949,62
568950,81
568980,52
568983,68
569031,42
569047,71
569070,58
569098,78
569133,23
569159,100
569185,80
569193,77
569231,78
569256,51
569326,39
569421,67
569432,60
569435,41
569490,60
569538,51
569567,85
569576,67
569603,56
569605,80
569634,57
569662,59
569669,57
569724,88
569743,71
569766,71
569790,60
569836,77
569840,100
569862,76
569872,60
569889,76
569893,37
569919,54
569927,47
569946,48
569947,44
569953,59
569986,70
569992,51
570001,40
570015,55
570016,40
570021,60
570028,75
570084,74
570097,70
570114,83
570133,76
570148,68
570164,62
570193,77
570206,97
570213,29
570245,99
570258,87
570263,44
570287,69
570295,76
570310,84
570349,78
570360,87
570365,34
570416,84
570437,70
570446,65
570461,40
570493,79
570495,41
570536,31
570543,66
570633,63
570636,41
570692,59
570739,52
570751,84
570752,61
570774,50
570783,50
570796,79
570806,48
570816,96
570829,72
570839,54
570851,72
570852,43
570857,67
570864,54
570873,78
570891,73
570896,46
570957,64
570970,68
571009,85
571010,44
571030,54
571142,72
571153,80
571157,52
571164,68
571209,97
571329,64
571330,82
571340,61
571350,69
571386,89
571407,78
571409,53
571415,40
571426,79
571445,61
571461,67
571499,59
571517,66
571527,55
571547,47
571583,31
571587,77
571604,53
571613,40
571624,63
571675,69
571686,68
571701,50
571711,38
571724,42
571733,57
571769,70
571793,44
571873,44
571885,77
571910,66
571911,87
571963,46
571998,72
572009,65
572012,70
572031,75
572037,62
572042,83
572054,46
572083,82
572099,65
572131,30
572153,65
572165,44
572168,42
572170,57
572175,90
572202,35
572221,81
572263,9
572290,59
572302,76
572326,43
572328,93
572347,68
572388,28
572409,66
572411,70
572426,60
572468,72
572493,106
572537,88
572590,79
572610,68
572611,92
572618,52
572622,63
572623,96
572643,56
572647,103
572652,99
572659,37
572690,59
572716,76
572773,54
572779,78
572782,37
572797,73
572865,77
572882,69
572885,47
572891,74
572901,47
572933,59
572935,78
572940,25
572952,46
572953,86
572955,57
572970,37
572974,95
572982,73
573019,53
573033,22
573053,59
573079,39
573089,79
573128,68
573134,58
573235,54
573236,36
573240,75
573245,71
573268,37
573396,24
573427,15
573428,56
573451,69
573464,40
573498,70
573499,67
573519,48
573548,73
573575,64
573611,51
573612,68
573617,81
573633,52
573634,69
573635,64
573640,42
573675,86
573685,50
573719,62
573741,66
573755,54
573786,57
573791,83
573793,75
573816,59
573817,39
573818,45
573848,53
573854,80
573860,52
573890,57
573918,44
573927,35
573930,55
573980,102
574005,70
574015,42
574022,54
574030,59
574034,72
574037,44
574094,59
574105,87
574142,71
574145,100
574158,72
574175,50
574230,43
574235,39
574255,53
574257,62
574327,54
574353,43
574395,80
574448,48
574474,68
574483,41
574488,49
574555,48
574573,66
574603,48
574622,67
574631,55
574658,37
574672,84
574673,66
574681,70
574694,45
574701,54
574721,39
574725,73
574727,63
574733,69
574758,60
574765,83
574778,59
574817,35
574819,58
574844,54
574856,75
574866,49
574867,38
574868,48
574903,79
574930,60
574937,44
574941,39
574942,98
574987,50
574997,60
575003,54
575036,49
575037,68
575089,61
575117,81
575136,56
575173,69
575219,64
575233,75
575239,49
575244,58
575253,37
575268,74
575297,56
575397,39
575421,61
575422,63
575473,94
575478,45
575494,64
575502,96
575521,77
575537,51
575555,42
575587,75
575612,63
575624,66
575630,71
575637,56
575669,48
575690,94
575694,64
575712,44
575726,42
575769,44
575770,34
575777,71
575830,58
575857,48
576068,53
576069,67
576075,40
576093,36
576106,37
576112,87
576141,72
576167,71
576170,48
576183,92
576197,48
576205,53
576236,40
576240,56
576271,56
576282,73
576303,48
576329,52
576338,53
576339,70
576384,66
576390,74
576400,60
576418,28
576431,58
576584,46
576593,52
576615,61
576629,90
576640,72
576667,32
576679,48
576686,79
576689,46
576693,38
576694,33
576729,26
576739,68
576743,59
576746,43
576777,51
576778,62
576782,13
576812,53
576816,62
576834,49
576856,45
576910,45
576934,77
576947,72
576958,79
576992,56
576996,66
577084,37
577100,65
577127,78
577150,46
577154,78
577225,45
577239,46
577286,40
577292,106
577297,88
577300,72
577379,89
577403,73
577420,74
577454,66
577500,82
577515,87
577553,60
577560,77
577584,49
577590,48
577600,47
577601,62
577623,59
577624,66
577688,66
577753,73
577770,62
577843,69
577855,67
577865,86
577880,63
577883,63
577907,66
577921,41
577960,55
577961,88
577965,75
578127,59
578155,24
578173,68
578204,67
578206,32
578209,60
578240,88
578241,49
578369,37
578400,31
578412,46
578418,63
578438,52
578445,43
578455,74
578456,13
578473,56
578593,57
578606,58
578607,90
578645,66
578655,62
578681,44
578696,61
578751,49
578774,64
578865,70
578871,54
578882,60
578891,65
578895,74
578937,41
578959,66
578969,60
579012,69
579024,64
579062,85
579120,63
579126,38
579127,47
579135,73
579136,65
579190,75
579242,57
579243,83
579274,29
579276,67
579280,95
579314,39
579317,76
579324,65
579330,48
579331,43
579373,52
579377,64
579384,67
579408,84
579448,60
579464,64
579480,57
579536,83
579563,69
579589,63
579597,62
579609,31
579655,69
579682,51
579736,57
579737,72
579756,61
579777,39
579792,56
579802,34
579895,11
579902,32
579907,69
579964,50
580013,78
580020,56
580049,85
580060,57
580088,53
580136,73
580160,76
580199,28
580219,67
580221,83
580228,75
580256,90
580271,70
580307,22
580331,55
580355,72
580386,68
580387,69
580413,44
580428,65
580437,89
580454,63
580495,77
580496,44
580578,67
580591,47
580625,56
580638,51
580640,57
580659,58
580662,73
580689,63
580703,64
580712,49
580728,92
580745,70
580780,39
580794,75
580804,41
580816,17
580834,40
580931,48
580933,32
580941,72
580947,72
580991,61
581016,53
581069,29
581109,73
581110,37
581123,63
581207,73
581305,67
581322,46
581327,46
581334,65
581353,48
581354,74
581359,63
581362,68
581373,69
581382,46
581402,54
581462,88
581468,86
581493,66
581494,16
581531,67
581568,91
581587,61
581598,47
581605,52
581616,42
581624,49
581626,23
581653,24
581661,85
581666,80
581686,45
581693,65
581719,70
581760,31
581764,52
581769,87
581772,46
581799,60
581804,65
581832,68
581837,57
581845,47
581848,35
581849,54
581862,81
581888,71
581894,66
581908,51
581961,68
582029,92
582075,53
582076,74
582110,90
582186,52
582218,45
582302,58
582305,58
582309,54
582317,59
582335,63
582394,10
582395,67
582408,40
582440,58
582482,78
582519,42
582525,36
582530,49
582537,41
582573,69
582577,48
582581,72
582593,69
582616,24
582617,37
582632,79
582636,84
582651,44
582687,66
582703,37
582709,77
582710,49
582718,49
582735,63
582765,58
582784,81
582800,77
582824,48
582828,89
582839,64
582868,68
582885,65
582895,80
582905,64
582909,49
582926,33
583023,41
583052,72
583096,75
583121,56
583132,68
583142,51
583154,43
583173,30
583196,48
583216,48
583261,62
583265,55
583317,30
583348,80
583351,47
583360,49
583366,79
583367,66
583485,34
583508,47
583527,65
583533,62
583562,77
583609,56
583620,73
583718,43
583720,82
583727,109
583764,48
583775,81
583776,26
583786,60
583791,65
583792,52
583882,60
583921,35
583942,35
583964,65
583985,54
584005,63
584010,40
584011,47
584022,70
584024,59
584044,65
584068,65
584079,21
584080,55
584089,78
584116,71
584129,41
584130,43
584148,86
584153,52
584197,54
584199,53
584262,66
584272,50
584278,85
584285,74
584289,40
584366,82
584419,67
584435,91
584436,48
584442,69
584510,66
584512,49
584528,69
584537,6
584546,75
584562,66
584600,71
584611,74
584642,84
584662,54
584663,33
584668,52
584725,39
584728,15
584740,65
584750,81
584755,67
584783,37
584797,36
584892,43
584903,49
584955,88
584965,3
585072,29
585107,75
585118,65
585128,75
585157,48
585185,34
585295,70
585304,61
585340,75
585377,45
585430,65
585435,63
585528,71
585543,54
585587,49
585591,51
585592,47
585593,70
585629,57
585645,72
585658,62
585665,56
585739,76
585758,62
585786,71
585794,79
585810,83
585816,45
585846,68
585862,89
585866,62
585902,77
586007,56
586024,78
586035,77
586063,21
586067,51
586077,61
586088,46
586106,44
586139,73
586159,90
586201,43
586226,50
586246,41
586312,71
586313,35
586340,72
586360,77
586361,71
586362,60
586382,70
586404,51
586421,64
586474,49
586478,53
586496,36
586515,45
586534,26
586553,79
586555,75
586581,58
586602,52
586613,52
586614,76
586631,52
586632,71
586749,70
586754,77
586763,61
586801,63
586806,63
586846,39
586880,59
586891,34
586893,64
586906,93
586923,38
586932,36
586943,86
586962,46
586966,48
586974,53
587012,47
587017,54
587048,78
587059,57
587074,63
587086,64
587123,37
587125,72
587142,50
587160,80
587162,63
587164,104
587187,86
587222,46
587248,50
587250,77
587260,75
587272,84
587305,77
587314,24
587326,63
587339,42
587342,65
587360,92
587385,26
587397,58
587424,53
587434,41
587443,67
587530,26
587562,53
587581,27
587583,79
587594,37
587625,68
587644,63
587666,67
587682,118
587683,76
587690,101
587693,57
587734,71
587735,67
587754,85
587761,77
587777,86
587781,57
587815,67
587865,70
587885,46
587900,71
587933,64
587943,51
587956,72
587957,67
587977,57
588002,39
588044,79
588061,33
588103,68
588113,65
588243,42
588252,58
588257,50
588272,46
588292,72
588417,83
588423,64
588474,52
588477,64
588480,47
588517,42
588597,88
588618,80
588636,36
588649,54
588668,39
588693,46
588702,99
588749,73
588773,61
588776,78
588802,68
588837,47
588890,88
588893,38
588896,70
588923,43
588929,65
588949,45
588970,39
589050,62
589057,81
589097,69
589135,62
589144,45
589186,91
589208,64
589209,74
589231,57
589241,33
589310,50
589312,76
589324,67
589333,64
589344,61
589351,53
589388,48
589394,65
589452,93
589485,41
589495,47
589520,40
589549,72
589583,68
589600,74
589601,76
589737,100
589754,70
589765,36
589766,71
589767,58
589771,42
589779,86
589780,63
589791,57
589813,77
589828,72
589840,42
589874,39
589876,38
589884,66
589886,72
589908,53
589923,57
589958,51
589974,31
590006,66
590030,51
590113,60
590123,67
590144,85
590158,73
590170,78
590175,57
590177,31
590178,84
590191,59
590236,62
590271,43
590274,34
590304,76
590315,41
590359,72
590414,58
590438,50
590465,65
590485,46
590501,66
590510,80
590512,78
590528,72
590558,74
590563,52
590564,33
590600,66
590643,87
590645,39
590646,54
590717,21
590737,87
590787,52
590791,57
590798,51
590804,46
590817,88
590872,88
590899,42
590904,54
590929,76
590951,81
590967,46
590970,64
590973,91
590987,57
591002,78
591020,90
591041,27
591075,22
591093,52
591096,71
591117,44
591163,41
591291,33
591322,21
591359,93
591367,17
591376,67
591414,64
591464,29
591513,78
591519,34
591531,42
591596,48
591619,55
591625,50
591652,73
591700,56
591703,65
591714,65
591725,66
591757,43
591774,64
591792,60
591800,38
591816,82
591880,50
591895,57
591943,65
591952,54
591987,78
591994,41
592077,96
592173,54
592174,84
592185,92
592187,81
592254,69
592296,33
592306,37
592340,36
592350,45
592392,51
592400,59
592417,57
592544,92
592552,50
592562,71
592577,77
592584,44
592604,52
592606,57
592609,59
592615,69
592641,29
592652,64
592667,23
592802,45
592860,91
592878,61
592889,56
592895,64
592899,38
592918,70
592920,77
592929,31
592977,50
592982,78
592986,31
593010,44
593015,54
593058,59
593119,63
593120,79
593143,53
593170,67
593179,51
593201,87
593229,40
593261,61
593308,43
593359,57
593369,52
593377,64
593408,10
593409,37
593459,26
593465,42
593481,59
593482,57
593511,57
593534,94
593604,86
593608,81
593624,68
593643,68
593648,70
593651,77
593656,84
593664,61
593686,42
593702,55
593707,44
593708,32
593730,68
593731,63
593733,69
593749,25
593834,58
593849,45
593877,27
593893,73
593901,59
593943,44
593997,73
594050,58
594052,50
594053,58
594063,84
594072,63
594076,90
594091,41
594151,74
594162,38
594163,57
594211,43
594239,69
594259,30
594271,63
594272,44
594273,90
594296,50
594330,95
594367,41
594368,34
594373,47
594398,67
594405,66
594413,86
594416,84
594436,42
594473,54
594499,42
594513,91
594553,51
594618,76
594620,42
594655,68
594659,86
594682,42
594709,56
594713,72
594790,56
594834,90
594836,68
594856,85
594858,29
594888,63
594890,83
594891,70
594911,68
594949,20
594969,86
594974,38
595032,68
595052,71
595085,77
595094,97
595109,84
595117,72
595128,19
595129,51
595135,66
595226,66
595244,44
595275,50
595311,15
595317,69
595333,92
595349,38
595367,56
595412,43
595426,42
595530,60
595542,58
595561,65
595607,62
595610,41
595625,49
595667,61
595707,77
595714,60
595748,57
595781,67
595788,53
595824,27
595825,96
595826,64
595827,82
595867,54
595933,54
595951,57
595952,72
595953,51
595957,67
595967,72
596003,65
596026,86
596031,62
596053,96
596064,71
596071,53
596093,75
596110,51
596136,44
596141,46
596146,76
596172,73
596196,98
596218,76
596221,53
596252,58
596263,57
596302,57
596303,51
596346,67
596360,72
596383,45
596393,57
596423,96
596463,58
596471,49
596479,73
596499,55
596508,76
596528,65
596532,60
596554,64
596562,66
596587,68
596595,66
596650,44
596653,46
596655,75
596697,65
596729,45
596751,31
596776,42
596801,30
596820,87
596821,62
596833,29
596847,49
596867,52
596904,11
596929,58
596976,50
597032,75
597050,42
597070,46
597077,69
597082,60
597113,43
597201,93
597217,54
597253,98
597269,23
597279,74
597359,82
597408,86
597438,63
597454,44
597506,79
597527,42
597552,76
597566,38
597579,73
597603,81
597608,43
597612,57
597636,65
597639,50
597654,55
597661,85
597715,68
597768,74
597780,76
597783,80
597787,86
597793,54
597813,87
597854,75
597883,61
597901,70
597910,55
597917,74
597929,89
597936,81
597980,58
597993,65
597999,61
598014,88
598076,91
598084,90
598090,40
598114,58
598154,86
598156,58
598238,52
598253,39
598275,45
598280,80
598285,35
598287,84
598308,79
598356,70
598357,81
598408,56
598446,58
598452,25
598478,17
598494,104
598495,38
598496,55
598507,66
598517,62
598533,60
598538,43
598547,76
598555,64
598556,19
598560,31
598574,68
598581,53
598612,81
598626,56
598627,35
598642,85
598672,65
598725,58
598730,66
598731,69
598822,50
598861,37
598862,54
598871,61
598907,59
598924,70
598943,60
598995,65
599013,68
599018,56
599108,12
599132,49
599133,59
599165,69
599199,44
599202,46
599211,55
599271,66
599287,47
599296,72
599313,45
599331,54
599358,73
599360,74
599361,61
599388,60
599480,62
599487,88
599488,68
599503,56
599513,71
599515,72
599517,91
599522,84
599523,53
599530,77
599553,81
599561,56
599582,51
599628,91
599641,80
599745,98
599770,78
599771,59
599775,36
599781,60
599818,73
599832,61
599833,45
599844,75
599859,74
599864,78
599874,59
599932,74
599958,59
599960,18
599984,37
599989,60
600022,43
600039,57
600057,79
600071,58
600090,41
600106,77
600146,23
600178,72
600179,39
600237,23
600310,43
600328,72
600341,70
600360,50
600438,47
600442,54
600447,39
600467,52
600470,71
600472,59
600516,67
600535,38
600545,61
600547,84
600562,59
600590,86
600607,85
600608,72
600613,49
600649,53
600668,80
600688,99
600712,75
600715,76
600772,53
600783,45
600792,71
600799,70
600821,70
600841,53
600850,52
600910,56
600932,31
600969,48
601011,31
601058,65
601114,48
601141,44
601195,30
601226,86
601237,54
601243,62
601247,37
601257,73
601306,32
601338,60
601396,36
601415,43
601445,89
601496,83
601545,55
601585,80
601654,46
601668,16
601685,45
601723,49
601730,47
601754,75
601797,59
601822,19
601826,100
601887,51
601888,71
601892,57
601901,63
601912,53
601929,55
601944,55
601957,59
602057,55
602121,55
602129,38
602158,88
602191,42
602197,38
602231,79
602265,59
602296,64
602406,89
602442,79
602469,44
602474,70
602517,42
602518,64
602542,33
602559,56
602663,82
602675,55
602677,69
602700,55
602717,79
602745,42
602766,84
602791,23
602822,78
602831,95
602859,68
602866,73
602872,47
602892,61
602907,81
602960,49
602961,83
602977,84
602979,72
602980,71
603015,54
603052,32
603081,94
603151,57
603154,78
603158,76
603159,60
603196,65
603211,53
603222,57
603270,23
603287,64
603318,58
603392,75
603404,84
603410,78
603434,23
603437,31
603448,57
603458,32
603487,99
603511,100
603515,60
603555,64
603564,53
603570,54
603598,68
603602,55
603604,42
603609,52
603610,95
603634,32
603711,70
603732,53
603759,61
603771,66
603872,43
603919,19
603939,64
603958,61
603968,61
603970,69
603988,69
604006,78
604034,63
604040,67
604046,62
604103,50
604114,70
604121,48
604176,42
604192,51
604205,76
604221,50
604246,51
604255,59
604260,53
604267,50
604307,11
604349,37
604360,57
604394,53
604395,63
604448,61
604469,55
604475,66
604491,57
604496,62
604547,62
604575,70
604590,63
604593,37
604597,43
604602,79
604717,78
604727,51
604744,77
604748,41
604801,74
604808,75
604812,54
604864,87
604870,61
604878,53
604889,85
604902,73
604914,77
604932,94
604942,34
604956,64
605013,66
605031,51
605040,87
605046,49
605180,80
605195,45
605231,40
605250,78
605273,62
605282,36
605366,63
605368,62
605395,78
605396,48
605448,65
605490,39
605491,35
605496,66
605505,110
605552,50
605562,91
605576,37
605633,47
605635,40
605636,38
605657,61
605707,55
605726,49
605730,55
605752,61
605779,67
605783,30
605797,72
605799,89
605811,55
605812,60
605835,70
605844,32
605870,54
605879,38
605904,57
605941,69
605953,59
605962,43
605986,73
606043,53
606119,94
606120,85
606122,63
606151,56
606171,77
606184,74
606187,45
606188,61
606210,46
606230,55
606236,60
606265,60
606272,77
606281,30
606310,24
606345,66
606371,71
606394,60
606405,59
606451,67
606462,71
606501,62
606516,88
606520,80
606528,53
606546,90
606579,67
606587,39
606633,46
606649,64
606705,47
606724,69
606751,44
606824,71
606847,57
606854,52
606898,40
606910,72
606948,1
606979,64
607014,36
607021,44
607067,45
607068,81
607085,64
607100,54
607105,73
607118,80
607137,52
607242,68
607252,28
607259,52
607280,69
607295,49
607324,83
607329,20
607374,57
607414,61
607449,50
607472,76
607489,36
607499,101
607501,56
607532,52
607546,65
607576,65
607604,76
607631,52
607665,52
607674,72
607732,34
607733,47
607737,43
607750,34
607796,61
607816,80
607830,51
607909,62
607912,37
607935,71
607965,60
607981,54
608035,73
608087,40
608108,62
608110,64
608159,63
608163,25
608175,48
608186,62
608204,62
608268,72
608286,66
608319,72
608332,63
608346,49
608348,75
608350,44
608359,62
608389,70
608403,70
608416,48
608428,65
608451,70
608481,66
608512,26
608539,49
608559,47
608573,67
608583,70
608589,24
608617,69
608625,75
608657,79
608658,71
608660,53
608666,104
608706,67
608714,57
608742,34
608750,68
608755,53
608768,70
608780,49
608786,60
608789,61
608871,73
608878,46
608897,62
608919,57
608942,40
608990,44
609003,87
609035,66
609048,73
609067,69
609078,8
609109,51
609113,71
609146,79
609175,50
609182,48
609207,73
609224,91
609255,82
609281,61
609286,81
609297,68
609377,67
609435,44
609473,49
609476,87
609531,58
609546,74
609600,77
609622,38
609645,86
609669,54
609670,55
609675,29
609690,77
609750,59
609771,71
609775,69
609780,51
609800,79
609831,77
609854,54
609881,86
609911,52
609944,53
609949,40
609951,43
609968,41
609974,72
610050,92
610105,60
610114,47
610117,46
610124,70
610141,55
610145,65
610147,108
610148,85
610150,61
610177,63
610182,42
610192,20
610196,69
610200,83
610211,66
610243,67
610271,79
610272,70
610315,36
610325,63
610335,56
610363,56
610394,86
610429,75
610443,88
610500,98
610560,78
610591,60
610694,60
610733,58
610740,55
610813,47
610825,53
610842,45
610861,76
610902,59
611007,60
611020,53
611039,70
611042,47
611051,74
611053,70
611062,64
611072,68
611079,67
611130,22
611161,87
611180,84
611228,62
611267,66
611291,58
611321,68
611329,47
611372,74
611402,63
611407,39
611435,35
611439,53
611490,55
611491,66
611501,46
611513,33
611514,68
611523,48
611535,57
611544,63
611556,84
611603,63
611642,49
611643,74
611691,54
611714,78
611756,64
611766,55
611774,52
611790,23
611875,64
611881,26
611992,58
612000,59
612005,76
612026,70
612057,70
612065,79
612071,38
612095,81
612102,66
612156,56
612175,43
612201,58
612209,15
612245,52
612333,41
612343,52
612388,32
612393,44
612422,41
612470,51
612471,79
612475,68
612502,62
612506,100
612518,76
612528,48
612535,52
612543,60
612554,68
612584,69
612587,73
612599,62
612600,46
612618,52
612635,35
612742,64
612769,54
612821,79
612829,45
612934,85
612949,84
612958,69
612962,36
612963,70
612969,63
612983,85
613015,40
613054,51
613063,62
613120,65
613131,73
613140,63
613143,78
613168,58
613188,72
613224,28
613240,76
613246,41
613273,75
613281,104
613292,28
613298,54
613315,67
613323,73
613345,67
613347,62
613352,62
613410,67
613432,70
613445,75
613464,52
613596,70
613662,21
613669,63
613671,29
613672,54
613678,28
613773,21
613774,70
613781,46
613867,33
613872,55
613888,79
613890,55
613947,66
613978,80
613979,65
613990,94
614057,65
614060,51
614067,69
614122,33
614203,76
614218,78
614223,18
614224,71
614243,75
614257,60
614279,63
614288,74
614308,54
614311,58
614312,56
614354,90
614429,59
614436,25
614504,59
614507,68
614522,46
614534,69
614553,74
614558,58
614566,62
614567,50
614587,59
614626,27
614640,64
614652,46
614685,91
614693,26
614703,70
614711,73
614770,68
614776,60
614813,94
614852,62
614882,47
614959,77
615017,60
615031,71
615035,53
615063,60
615078,76
615111,69
615179,69
615226,63
615252,53
615301,65
615306,99
615311,67
615320,80
615338,58
615372,60
615378,41
615400,42
615427,55
615438,80
615448,65
615453,35
615457,79
615480,62
615496,47
615509,95
615623,32
615634,88
615641,62
615678,67
615702,35
615708,88
615717,47
615750,22
615760,75
615764,41
615790,64
615792,43
615797,46
615818,65
615853,81
615870,106
615874,70
615921,63
615922,57
615927,25
615956,68
615979,64
615983,55
615992,60
616009,59
616011,56
616031,31
616042,49
616052,51
616064,41
616094,48
616136,52
616151,79
616171,81
616184,78
616196,51
616224,47
616231,55
616363,63
616373,74
616381,65
616382,59
616387,56
616410,56
616432,59
616454,26
616504,72
616520,27
616554,39
616563,60
616579,7
616584,67
616616,72
616627,73
616736,59
616745,82
616760,71
616777,64
616778,46
616808,68
616813,51
616829,57
616832,83
616833,37
616839,46
616845,56
616853,56
616861,53
616871,45
616880,30
616915,101
616942,40
616992,67
617003,54
617021,55
617027,64
617071,51
617073,58
617095,71
617141,79
617167,51
617197,58
617211,47
617235,77
617250,71
617292,45
617302,74
617305,49
617307,30
617308,55
617346,76
617366,57
617405,46
617446,74
617494,91
617520,73
617535,44
617543,26
617555,78
617562,91
617630,51
617634,72
617666,67
617679,60
617690,56
617737,38
617747,81
617795,52
617805,77
617846,91
617867,84
618024,58
618027,43
618048,43
618065,65
618078,55
618095,54
618099,65
618103,74
618115,106
618116,16
618149,58
618160,69
618180,61
618199,52
618231,49
618242,90
618245,33
618250,65
618251,60
618279,64
618299,74
618307,53
618321,56
618342,64
618351,58
618365,70
618447,66
618469,53
618515,70
618517,65
618520,46
618571,70
618583,55
618615,60
618627,45
618638,52
618710,39
618734,64
618824,43
618837,70
618910,65
618956,44
618960,71
619011,56
619036,50
619047,42
619062,40
619076,62
619182,66
619196,45
619287,59
619298,84
619311,27
619331,42
619343,65
619365,85
619384,76
619401,62
619403,62
619429,82
619448,77
619457,51
619464,61
619495,51
619522,46
619633,54
619646,57
619653,86
619654,73
619655,74
619666,38
619687,58
619697,87
619756,71
619770,46
619780,68
619806,38
619813,60
619841,51
619858,65
619860,32
619892,69
619897,35
619900,40
619927,76
619939,47
619975,50
619984,78
620023,23
620038,58
620041,40
620141,56
620152,62
620198,86
620203,64
620220,70
620232,91
620244,36
620256,78
620271,65
620335,76
620339,66
620356,52
620357,77
620371,68
620440,37
620449,79
620483,50
620488,38
620502,77
620540,54
620572,53
620578,16
620632,64
620634,59
620636,34
620666,38
620669,57
620686,59
620691,58
620714,59
620746,39
620774,91
620795,35
620810,74
620814,88
620828,62
620839,71
620848,82
620861,45
620898,47
620927,34
620948,49
620976,69
621016,47
621022,51
621031,86
621047,45
621102,83
621106,30
621118,62
621153,69
621154,77
621157,66
621162,60
621163,61
621166,84
621171,89
621175,78
621213,82
621255,79
621320,52
621321,51
621337,19
621351,60
621385,51
621386,47
621416,51
621496,44
621508,74
621520,46
621523,69
621526,73
621528,71
621531,61
621545,55
621559,47
621570,66
621587,75
621642,60
621661,55
621674,105
621704,76
621747,38
621771,68
621799,46
621803,65
621812,84
621815,48
621844,64
621911,43
621980,23
622002,84
622004,61
622052,44
622064,61
622080,55
622087,28
622160,52
622165,65
622193,72
622293,65
622305,71
622327,53
622341,79
622375,74
622400,53
622415,44
622430,43
622440,90
622449,89
622499,82
622517,56
622529,52
622532,78
622533,56
622548,44
622561,51
622564,91
622571,72
622637,62
622654,40
622734,53
622795,57
622804,66
622836,73
622854,89
622878,80
622882,76
622912,52
622920,61
622928,55
622954,58
622964,48
622992,61
623025,65
623033,62
623034,33
623051,80
623070,52
623076,61
623091,84
623110,46
623122,60
623162,65
623179,71
623188,67
623216,59
623231,31
623241,52
623253,41
623293,48
623295,83
623307,45
623314,71
623337,60
623361,84
623442,66
623450,60
623464,53
623494,61
623503,47
623575,46
623580,36
623590,77
623653,29
623675,60
623684,24
623694,63
623779,71
623789,10
623811,73
623829,56
623874,90
623882,76
623947,59
623958,74
623974,85
624044,73
624047,63
624088,65
624110,51
624147,31
624191,44
624228,56
624249,58
624293,62
624311,51
624315,57
624323,93
624380,85
624385,66
624407,53
624415,71
624422,59
624492,82
624508,42
624543,55
624580,55
624586,83
624591,75
624611,11
624620,57
624627,61
624653,59
624666,48
624674,95
624691,67
624704,54
624761,69
624799,66
624803,54
624823,69
624833,70
624845,38
624905,50
624906,43
624919,65
624928,83
624933,35
624946,31
624957,53
624965,80
625016,63
625029,68
625104,98
625114,58
625129,44
625131,79
625156,48
625234,60
625249,62
625291,77
625308,96
625353,71
625401,49
625422,104
625437,44
625442,66
625449,67
625486,24
625504,24
625514,87
625537,72
625551,32
625579,37
625600,51
625673,66
625713,87
625723,70
625796,93
625838,79
625841,79
625845,62
625862,28
625878,103
625882,57
625885,48
625886,49
625929,46
625943,58
625944,75
625956,51
625966,41
625987,81
625988,83
625996,41
626033,61
626040,49
626060,68
626069,28
626089,69
626153,53
626171,68
626172,75
626200,69
626208,30
626236,54
626237,41
626302,50
626310,60
626322,44
626338,68
626363,58
626378,41
626384,79
626394,60
626420,79
626433,73
626434,37
626455,68
626459,32
626463,82
626468,80
626490,69
626496,60
626549,32
626565,65
626573,44
626592,47
626593,85
626603,58
626606,54
626619,48
626656,73
626668,73
626684,46
626689,58
626701,29
626721,44
626745,87
626747,49
626757,71
626759,43
626768,83
626874,72
626893,36
626906,56
626909,61
626915,46
626925,56
626931,73
626971,77
626980,81
626985,28
626998,84
627008,47
627017,66
627021,51
627042,51
627047,68
627051,42
627065,37
627090,47
627126,48
627143,90
627156,59
627187,80
627194,51
627226,75
627235,81
627263,56
627303,47
627314,73
627329,1
627340,48
627397,69
627398,68
627415,68
627445,60
627460,61
627470,40
627486,74
627528,77
627563,71
627575,69
627598,97
627603,57
627613,55
627630,18
627635,61
627653,52
627666,70
627668,65
627673,51
627687,60
627720,53
627737,64
627755,70
627768,50
627780,74
627809,100
627902,49
627908,77
627912,58
627918,68
627925,53
627945,56
627982,61
627995,64
628028,80
628034,55
628040,60
628046,9
628061,59
628086,58
628098,41
628108,59
628131,60
628145,78
628150,83
628152,69
628167,49
628170,28
628183,72
628196,80
628206,98
628213,51
628240,42
628243,79
628264,38
628304,69
628328,61
628330,80
628343,49
628360,54
628388,65
628396,46
628409,38
628413,20
628415,4
628471,50
628588,77
628654,65
628683,51
628730,74
628735,76
628751,56
628753,52
628754,56
628818,70
628898,50
628919,87
628933,79
628953,87
628994,64
628998,55
629013,80
629020,84
629064,79
629096,66
629097,40
629160,68
629207,54
629235,54
629279,52
629280,39
629288,67
629289,49
629314,73
629315,84
629316,57
629336,48
629344,36
629472,54
629480,27
629483,14
629484,52
629508,39
629524,94
629541,76
629553,51
629598,47
629618,13
629626,92
629687,82
629701,51
629721,1
629786,63
629812,46
629823,67
629856,71
629867,58
629871,53
629947,45
629954,96
629997,48
630099,57
630100,67
630104,72
630108,63
630139,25
630168,67
630210,77
630227,79
630278,31
630284,88
630285,78
630302,43
630341,43
630342,54
630405,77
630413,61
630423,53
630427,74
630428,22
630449,52
630453,64
630506,89
630507,46
630624,55
630634,80
630635,55
630638,60
630648,74
630711,45
630724,69
630735,63
630758,39
630835,68
630836,46
630846,59
630879,55
630898,30
630927,32
630934,21
630940,63
630952,24
630953,30
630959,60
630968,33
630981,71
631002,48
631023,83
631032,71
631043,95
631064,75
631087,64
631151,82
631176,68
631192,32
631204,59
631209,71
631244,52
631259,43
631372,69
631396,89
631419,31
631482,97
631527,54
631530,59
631565,46
631573,48
631586,50
631602,48
631636,68
631663,55
631677,54
631683,68
631701,75
631742,41
631833,50
631835,51
631858,71
631876,69
631886,60
631888,100
631954,36
631967,13
631970,59
632035,80
632036,34
632072,77
632079,78
632092,33
632097,61
632105,62
632112,43
632198,38
632217,63
632224,32
632227,58
632265,81
632304,45
632354,72
632372,61
632373,80
632394,68
632507,63
632518,49
632524,74
632553,76
632572,69
632574,87
632596,85
632597,81
632618,63
632675,73
632677,59
632704,98
632706,76
632719,73
632745,48
632764,60
632793,57
632805,65
632812,47
632813,60
632818,52
632910,39
632912,19
632990,53
632995,30
633054,91
633091,28
633161,52
633172,56
633212,40
633237,39
633298,68
633300,22
633305,68
633335,53
633341,55
633344,59
633348,57
633361,62
633363,40
633399,57
633425,78
633426,65
633459,82
633495,58
633498,67
633518,56
633573,65
633604,46
633627,54
633641,79
633658,81
633675,69
633678,49
633701,85
633713,56
633720,45
633744,84
633760,72
633774,52
633794,59
633815,56
633821,54
633875,80
633881,82
633884,41
633911,71
633930,64
633938,83
633976,74
633997,42
634026,80
634060,60
634114,32
634137,74
634138,72
634150,77
634170,46
634199,69
634207,57
634211,59
634231,92
634245,41
634280,63
634299,73
634302,72
634305,76
634309,63
634320,58
634344,66
634410,36
634412,67
634431,96
634433,52
634450,45
634502,102
634597,96
634600,27
634622,39
634629,69
634639,92
634652,61
634664,74
634674,65
634680,72
634694,28
634704,72
634731,68
634746,47
634754,47
634769,41
634785,53
634792,57
634796,71
634853,7
634930,60
634939,90
634944,91
634946,86
634949,67
634978,64
634982,55
634989,92
635009,79
635012,45
635018,97
635061,60
635076,69
635114,67
635149,46
635178,42
635179,48
635262,47
635293,52
635323,67
635335,78
635359,79
635361,57
635370,81
635408,78
635424,25
635430,59
635477,60
635480,55
635482,67
635495,68
635555,99
635562,50
635566,51
635572,80
635600,37
635610,32
635652,29
635653,35
635710,71
635713,53
635723,66
635745,44
635788,107
635798,79
635803,38
635820,46
635892,30
635921,77
635922,61
635989,34
635995,88
636010,29
636075,52
636096,55
636152,53
636166,82
636191,36
636209,73
636254,34
636265,68
636273,47
636298,55
636302,59
636315,74
636317,47
636327,24
636404,50
636408,60
636442,76
636460,82
636471,86
636474,77
636479,84
636481,30
636529,89
636545,62
636565,23
636572,51
636586,41
636613,77
636615,81
636674,83
636686,36
636689,50
636711,72
636753,35
636776,50
636786,68
636794,62
636860,67
636873,67
636914,53
636920,62
636931,81
636960,48
636975,77
637011,39
637058,47
637124,48
637179,70
637204,63
637214,73
637242,64
637291,36
637407,81
637422,81
637439,58
637499,71
637500,79
637508,66
637543,70
637559,40
637576,66
637584,70
637604,59
637636,89
637652,37
637666,61
637741,99
637744,93
637745,62
637746,41
637759,73
637841,48
637842,56
637858,44
637894,76
637899,69
637938,58
637995,50
638025,23
638053,61
638069,28
638089,70
638107,43
638149,70
638164,71
638171,57
638197,53
638198,77
638200,41
638286,98
638307,85
638316,43
638340,76
638422,52
638445,102
638452,72
638453,48
638457,71
638465,73
638492,93
638500,68
638502,14
638518,64
638522,72
638566,63
638583,80
638586,75
638602,24
638632,72
638642,51
638643,53
638644,55
638669,76
638692,94
638744,30
638811,62
638849,82
638886,42
638916,38
638937,68
638942,35
638977,71
638983,18
639020,58
639056,8
639067,51
639126,51
639140,75
639141,61
639165,41
639178,51
639189,45
639194,69
639222,84
639226,61
639246,84
639261,64
639268,62
639309,93
639410,43
639417,58
639452,85
639461,56
639501,29
639533,62
639609,47
639612,47
639661,61
639662,50
639685,53
639697,47
639725,85
639749,72
639751,58
639777,36
639785,85
639792,94
639802,49
639804,45
639834,32
639856,76
639867,35
639890,63
639895,70
639905,51
639932,54
639933,29
639942,42
640026,64
640034,72
640070,61
640101,67
640134,35
640140,50
640143,65
640170,97
640195,59
640228,88
640232,71
640269,74
640279,56
640294,57
640314,51
640318,58
640325,56
640461,81
640474,77
640512,36
640540,64
640592,48
640605,27
640616,79
640663,72
640728,92
640838,85
640849,66
640895,31
640915,72
640948,85
640960,68
640975,63
641002,86
641003,66
641034,62
641053,85
641118,57
641122,78
641137,111
641146,61
641152,63
641207,51
641245,52
641260,91
641300,51
641344,59
641366,58
641404,71
641457,77
641502,100
641552,62
641572,54
641593,78
641598,43
641644,42
641648,67
641682,76
641690,28
641713,55
641716,20
641722,41
641729,74
641760,40
641799,55
641805,81
641817,58
641820,49
641832,89
641879,64
641959,68
641976,55
642021,90
642026,67
642030,63
642042,60
642044,63
642075,74
642079,93
642093,71
642106,76
642116,73
642151,48
642164,68
642176,70
642198,33
642243,32
642298,70
642323,67
642337,82
642351,73
642367,51
642371,58
642436,114
642448,47
642453,69
642455,71
642456,82
642460,53
642462,65
642492,61
642501,83
642504,41
642507,64
642547,43
642573,108
642583,66
642585,60
642685,80
642730,64
642734,80
642829,53
642839,62
642840,65
642880,81
642893,30
642906,65
642912,87
642938,7
642943,29
643007,76
643029,52
643030,39
643043,56
643066,69
643107,53
643135,53
643144,73
643145,72
643148,63
643166,27
643180,79
643192,49
643203,70
643217,63
643261,49
643291,79
643345,26
643422,62
643458,55
643463,61
643482,58
643503,54
643515,34
643562,90
643563,36
643601,63
643606,61
643638,55
643655,63
643667,57
643680,33
643689,41
643715,56
643794,63
643800,92
643838,51
643841,51
643854,83
643888,101
643893,45
643919,54
643924,83
643936,50
643945,41
643946,50
643967,51
643982,77
643986,93
643988,56
644079,46
644083,84
644084,65
644085,72
644094,46
644095,70
644103,66
644130,65
644132,47
644166,40
644189,64
644195,60
644240,70
644248,50
644302,43
644332,64
644336,71
644360,51
644399,21
644429,6
644455,87
644463,16
644500,54
644501,71
644550,79
644633,82
644666,35
644682,67
644683,29
644739,85
644770,34
644805,106
644825,68
644853,72
644864,71
644871,65
644897,76
644903,68
644916,85
644932,51
644950,89
644951,93
645016,41
645032,76
645040,92
645067,72
645070,53
645072,61
645094,64
645110,89
645127,34
645184,15
645202,87
645310,49
645314,63
645346,87
645379,60
645384,53
645393,56
645399,57
645407,66
645418,49
645449,58
645453,60
645466,41
645481,81
645482,54
645485,76
645487,58
645496,85
645497,72
645533,86
645568,73
645576,102
645595,60
645623,71
645633,95
645658,78
645686,68
645704,58
645783,91
645826,82
645838,75
645890,66
645905,48
645909,29
645940,66
645951,50
645982,62
646005,81
646012,66
646013,69
646018,48
646028,50
646049,85
646067,34
646081,63
646095,52
646118,65
646128,34
646160,26
646186,51
646197,27
646227,49
646247,65
646268,70
646327,67
646397,85
646399,63
646492,66
646572,45
646591,73
646592,89
646639,105
646652,57
646657,65
646695,85
646700,98
646736,78
646766,70
646777,63
646785,60
646786,65
646787,51
646788,62
646826,72
646852,45
646870,52
646900,55
646929,70
646967,74
647033,69
647043,72
647061,48
647078,69
647117,68
647136,34
647247,78
647249,60
647267,60
647270,69
647274,80
647289,62
647320,35
647346,78
647348,58
647372,53
647398,54
647465,79
647469,74
647483,66
647489,63
647499,74
647509,76
647526,72
647548,43
647575,61
647577,50
647580,75
647598,54
647617,53
647627,60
647646,80
647659,48
647685,38
647698,65
647714,41
647719,64
647756,74
647788,40
647809,58
647859,12
647870,38
647873,71
647887,55
647917,98
647936,46
647955,81
647956,41
647966,55
647967,75
648036,59
648049,51
648055,61
648065,31
648072,69
648078,65
648092,59
648111,90
648161,76
648168,61
648176,69
648178,24
648207,40
648236,62
648259,65
648266,49
648319,90
648336,69
648350,71
648361,96
648377,81
648382,67
648383,52
648431,51
648441,67
648443,82
648450,80
648459,73
648472,69
648474,76
648475,93
648485,87
648535,44
648540,57
648541,69
648545,66
648547,66
648559,71
648561,84
648596,76
648623,92
648671,58
648672,67
648738,78
648771,43
648777,88
648779,86
648812,53
648852,92
648857,50
648923,58
648955,73
648965,80
648978,70
649010,93
649037,77
649041,65
649043,78
649050,41
649055,62
649056,56
649059,44
649067,94
649074,63
649078,60
649079,71
649094,64
649108,85
649116,81
649139,91
649143,30
649148,61
649203,64
649221,67
649251,63
649262,68
649280,76
649323,75
649333,47
649345,68
649353,80
649354,68
649379,37
649385,56
649388,58
649415,60
649427,71
649428,61
649463,56
649491,86
649511,79
649555,64
649558,102
649573,35
649630,66
649632,50
649642,37
649654,87
649657,78
649693,58
649701,42
649720,66
649726,83
649759,56
649761,74
649763,45
649855,37
649866,43
649902,91
649930,35
649951,54
649961,77
649966,46
649974,67
649996,62
649997,31
650008,57
650032,93
650046,50
650081,69
650092,48
650094,53
650095,81
650100,68
650111,33
650133,104
650139,53
650164,52
650169,55
650191,15
650252,31
650262,68
650278,33
650284,78
650314,96
650316,79
650340,56
650348,59
650368,72
650390,56
650403,47
650426,74
650450,66
650481,56
650491,62
650558,80
650572,94
650603,83
650606,55
650610,83
650611,69
650679,58
650683,63
650723,58
650740,95
650746,60
650798,83
650803,44
650842,45
650853,82
650860,66
650904,59
650915,46
650973,47
650983,67
650989,59
650992,38
650995,56
651022,63
651023,52
651028,82
651031,65
651035,34
651096,52
651097,56
651122,86
651128,52
651136,38
651172,25
651190,55
651191,51
651196,72
651201,67
651208,114
651238,77
651292,62
651317,65
651379,71
651384,57
651385,60
651436,75
651439,43
651443,60
651458,31
651466,80
651469,51
651498,41
651512,54
651537,52
651546,42
651580,69
651603,42
651607,67
651609,34
651625,57
651626,40
651639,25
651655,38
651656,59
651678,49
651685,13
651730,54
651765,73
651799,72
651808,81
651823,90
651847,36
651875,67
651944,61
651974,67
651977,58
651988,43
651997,56
652057,46
652078,63
652108,90
652109,47
652143,45
652179,65
652257,43
652266,77
652326,59
652333,89
652350,100
652360,44
652370,36
652379,50
652395,68
652417,68
652428,44
652433,73
652479,55
652493,72
652539,88
652568,55
652601,68
652604,52
652620,53
652639,59
652642,43
652683,50
652724,92
652743,48
652781,61
652822,66
652829,63
652889,86
652943,44
652994,61
653040,59
653044,73
653071,100
653073,66
653083,25
653085,49
653145,63
653154,45
653159,29
653164,60
653179,60
653182,60
653208,43
653262,74
653270,42
653309,44
653374,46
653387,77
653393,41
653448,70
653478,67
653514,64
653520,62
653529,67
653602,43
653619,48
653670,60
653675,67
653691,60
653701,76
653703,51
653725,73
653738,74
653748,42
653758,26
653768,69
653770,74
653772,78
653788,67
653824,62
653833,66
653845,59
653872,58
653887,58
653911,60
653938,52
653955,28
653966,68
654000,71
654014,70
654019,44
654032,77
654059,31
654143,66
654153,32
654158,76
654160,49
654196,62
654206,51
654216,53
654226,50
654232,77
654238,43
654245,93
654246,73
654262,39
654286,75
654289,49
654330,83
654334,52
654345,63
654348,72
654353,90
654355,59
654364,80
654367,53
654396,37
654397,37
654483,76
654542,60
654587,67
654593,76
654666,55
654675,91
654687,74
654690,55
654730,23
654747,84
654758,91
654793,35
654805,89
654814,80
654815,55
654954,42
654955,75
654959,106
654977,57
654991,30
655012,78
655015,41
655016,50
655040,54
655042,63
655048,106
655067,58
655077,77
655078,84
655096,48
655114,40
655119,38
655203,68
655209,56
655270,53
655315,54
655321,37
655330,44
655348,29
655372,51
655417,82
655452,14
655513,79
655559,84
655571,50
655579,55
655601,74
655612,80
655655,73
655669,77
655682,71
655705,44
655710,57
655733,70
655750,37
655753,51
655756,48
655806,56
655822,85
655841,55
655851,27
655866,66
655902,39
655912,98
655913,69
655952,57
655956,69
655964,85
655973,51
655998,16
655999,25
656012,61
656038,43
656093,75
656115,82
656122,58
656131,57
656160,60
656163,43
656192,70
656231,60
656259,90
656282,54
656295,79
656325,34
656349,26
656364,79
656382,84
656435,41
656441,107
656467,77
656476,71
656546,85
656547,70
656548,68
656578,49
656636,29
656638,66
656654,86
656686,67
656750,90
656763,47
656764,61
656794,80
656807,95
656822,79
656823,62
656842,45
656850,52
656851,60
656869,51
656918,54
656933,65
656944,56
656950,69
656974,61
657019,32
657065,67
657106,78
657109,65
657117,72
657123,49
657129,77
657153,70
657161,68
657196,42
657229,55
657270,74
657275,47
657313,51
657326,96
657384,63
657386,56
657388,35
657394,76
657395,64
657406,53
657407,56
657408,58
657416,34
657417,62
657442,58
657447,75
657459,83
657473,61
657522,78
657543,44
657582,72
657624,47
657659,75
657687,36
657691,75
657699,72
657711,49
657749,73
657752,53
657753,72
657768,54
657786,61
657805,57
657807,80
657815,40
657833,56
657851,67
657855,22
657865,40
657866,47
657897,34
657951,67
657953,42
657974,85
658001,46
658026,57
658037,78
658043,60
658052,49
658091,39
658092,73
658096,43
658136,54
658147,35
658161,57
658189,109
658219,39
658254,78
658258,97
658312,81
658396,52
658463,61
658464,45
658484,81
658556,76
658591,99
658604,73
658705,60
658713,82
658714,40
658732,39
658785,75
658788,95
658811,60
658891,53
658913,25
658983,77
658992,71
659007,55
659011,82
659034,54
659035,69
659041,80
659060,62
659061,60
659066,33
659092,89
659115,47
659122,59
659129,55
659157,51
659177,36
659208,43
659218,70
659224,58
659236,65
659253,65
659305,37
659324,74
659368,100
659394,49
659415,25
659423,66
659439,20
659451,56
659454,74
659469,54
659491,66
659533,44
659563,58
659573,82
659583,80
659585,70
659616,76
659640,52
659645,59
659658,54
659660,86
659663,71
659679,84
659680,46
659740,33
659770,28
659782,52
659796,58
659822,53
659870,59
659886,62
659898,35
659964,92
660016,53
660019,61
660029,70
660153,53
660156,71
660162,68
660172,131
660187,43
660245,65
660297,81
660308,42
660314,53
660335,70
660341,33
660345,69
660374,63
660375,65
660389,84
660406,69
660442,48
660461,36
660477,65
660518,34
660527,55
660531,60
660562,1
660571,72
660640,45
660695,53
660721,52
660736,68
660757,69
660789,45
660790,49
660798,80
660810,53
660825,82
660831,56
660845,55
660846,85
660895,58
660901,51
660916,43
660920,68
660929,76
660977,59
661002,86
661034,33
661065,45
661140,70
661163,25
661232,76
661234,27
661257,53
661278,42
661279,82
661294,38
661305,41
661324,42
661338,51
661373,41
661376,53
661384,81
661412,69
661419,28
661423,58
661442,50
661443,62
661463,72
661491,49
661494,52
661496,50
661606,54
661632,57
661636,77
661715,41
661725,42
661737,87
661762,54
661790,61
661811,95
661846,57
661856,50
661862,49
661886,62
661892,68
661893,59
661904,41
661911,57
661935,71
661939,55
661959,28
661990,47
662014,74
662020,103
662037,42
662060,57
662066,51
662091,57
662131,61
662137,25
662139,73
662140,68
662147,65
662224,33
662237,40
662272,84
662277,53
662298,31
662372,46
662392,69
662452,55
662522,74
662547,59
662555,64
662556,50
662559,63
662561,52
662571,24
662593,59
662599,79
662669,98
662690,70
662697,41
662698,48
662699,84
662732,74
662745,59
662783,65
662812,59
662821,69
662832,70
662838,88
662847,47
662849,78
662862,64
662863,75
662874,69
662876,71
662912,52
662916,49
662923,75
663000,31
663013,21
663028,72
663072,89
663185,81
663208,66
663209,44
663255,95
663257,51
663280,59
663315,71
663317,84
663342,76
663367,41
663411,72
663432,69
663447,25
663451,71
663456,67
663470,62
663474,54
663493,53
663498,72
663543,84
663546,76
663557,89
663579,38
663592,50
663627,68
663633,46
663662,50
663675,59
663677,69
663765,55
663804,33
663871,36
663878,61
663892,44
663894,60
663947,59
663955,102
663973,98
663991,46
664025,78
664062,82
664083,88
664090,59
664093,45
664153,66
664175,58
664226,53
664289,75
664307,74
664312,51
664317,47
664344,64
664388,91
664390,55
664391,58
664399,39
664406,84
664444,49
664454,79
664484,57
664494,9
664509,61
664515,86
664528,100
664548,37
664563,71
664564,65
664659,29
664660,65
664672,67
664721,63
664749,67
664771,59
664789,59
664806,75
664810,42
664847,85
664855,52
664857,49
664873,55
664891,61
664896,87
664958,58
664992,41
665006,88
665013,43
665029,53
665030,56
665039,63
665056,55
665057,46
665065,43
665106,86
665138,39
665151,90
665154,78
665206,66
665208,53
665232,57
665252,54
665261,56
665300,66
665321,28
665338,41
665341,72
665348,44
665356,73
665367,47
665418,83
665432,30
665445,80
665471,44
665486,27
665502,71
665515,94
665530,64
665533,70
665538,67
665571,63
665573,58
665600,98
665673,71
665678,40
665685,60
665704,66
665712,51
665771,84
665776,63
665778,95
665798,40
665849,53
665857,72
665864,48
665925,59
665926,47
665952,98
666026,42
666078,58
666084,57
666101,91
666124,52
666125,55
666189,45
666198,73
666219,50
666259,78
666307,51
666312,80
666322,78
666323,45
666343,46
666346,70
666374,47
666385,59
666406,53
666436,80
666528,44
666554,43
666564,68
666586,79
666592,51
666602,65
666630,93
666644,80
666689,68
666707,61
666710,78
666734,55
666737,46
666751,79
666755,78
666765,60
666766,54
666771,70
666777,72
666792,26
666822,79
666845,44
666856,76
666863,60
666873,56
666898,57
666908,75
666914,38
666930,64
666963,35
666964,84
666966,53
666989,65
666991,68
667013,61
667021,56
667027,55
667091,44
667135,60
667145,89
667171,60
667230,54
667231,91
667242,63
667250,68
667251,29
667269,47
667424,18
667433,82
667440,52
667498,116
667504,51
667510,62
667580,58
667581,76
667634,54
667675,70
667716,55
667771,59
667780,87
667796,49
667801,67
667824,53
667853,40
667881,55
667888,92
667908,48
667930,55
667933,32
667950,86
668025,72
668070,79
668086,36
668099,41
668105,81
668111,55
668118,41
668125,67
668210,44
668290,57
668299,52
668303,17
668320,74
668328,63
668353,79
668391,74
668417,53
668418,53
668422,95
668437,95
668453,84
668501,50
668509,72
668528,35
668582,41
668620,35
668641,49
668654,35
668657,106
668696,56
668698,54
668707,14
668794,73
668810,45
668825,36
668827,80
668834,76
668845,58
668865,55
668874,53
668888,68
668923,51
668951,68
668971,29
669017,66
669027,39
669147,41
669158,64
669205,53
669206,75
669211,60
669233,74
669258,69
669293,32
669354,46
669386,63
669421,61
669446,68
669447,77
669482,76
669495,43
669506,86
669514,63
669529,60
669557,66
669566,80
669573,36
669578,78
669586,50
669588,72
669592,50
669620,53
669661,90
669672,96
669728,42
669762,87
669836,45
669852,52
669853,34
669866,80
669877,65
669878,53
669887,47
669891,90
669941,58
669945,86
669970,66
670038,89
670072,49
670104,87
670119,84
670128,72
670145,67
670160,50
670270,61
670296,64
670300,67
670304,18
670311,81
670420,69
670425,57
670429,68
670435,81
670447,56
670448,48
670478,46
670564,80
670588,79
670611,77
670613,43
670625,53
670630,45
670638,80
670654,42
670676,65
670691,58
670696,85
670714,86
670720,43
670737,82
670750,35
670751,40
670758,52
670762,69
670784,57
670807,63
670831,86
670867,42
670895,48
670908,55
670910,59
670962,67
671025,81
671034,40
671039,59
671040,63
671080,72
671092,62
671101,68
671147,63
671152,74
671179,69
671222,55
671233,61
671235,77
671285,30
671290,70
671291,58
671327,62
671359,55
671376,54
671491,74
671492,27
671533,25
671536,63
671624,47
671660,80
671674,68
671691,96
671708,35
671709,74
671717,52
671731,70
671733,52
671734,44
671757,43
671765,69
671811,32
671813,63
671821,77
671854,77
671859,58
671864,70
671867,81
671926,70
671931,82
671958,44
671992,32
672057,95
672061,72
672103,57
672108,61
672114,70
672142,39
672149,85
672154,74
672177,77
672181,53
672230,39
672236,58
672237,40
672254,72
672261,72
672287,72
672297,62
672313,77
672335,55
672342,89
672366,54
672374,64
672398,31
672400,39
672436,92
672453,53
672481,83
672483,74
672495,40
672518,75
672529,84
672552,74
672555,21
672556,55
672557,87
672606,81
672610,73
672611,48
672661,36
672672,28
672679,64
672696,97
672716,63
672768,31
672778,62
672795,67
672798,37
672802,24
672804,68
672806,88
672817,75
672821,96
672855,70
672864,52
672874,63
672896,83
672931,53
672962,75
672965,103
672967,71
672977,39
672998,67
673065,62
673066,53
673127,36
673131,53
673132,74
673133,63
673145,50
673154,66
673210,85
673225,61
673232,59
673271,45
673279,47
673296,46
673366,54
673385,64
673399,56
673405,58
673448,63
673476,63
673478,46
673499,69
673510,83
673533,68
673581,74
673610,64
673614,62
673642,90
673643,71
673648,52
673676,53
673681,47
673695,57
673724,38
673734,78
673834,52
673878,90
673896,73
673949,35
674025,29
674029,63
674036,87
674038,76
674047,42
674061,74
674068,39
674070,62
674103,43
674114,55
674154,65
674155,53
674183,2
674191,93
674193,54
674215,34
674290,51
674317,60
674332,54
674337,65
674338,58
674423,71
674424,75
674427,58
674450,46
674490,70
674507,41
674611,76
674626,28
674631,50
674644,74
674695,57
674696,35
674722,79
674732,42
674762,44
674779,51
674794,55
674800,72
674802,51
674804,42
674835,103
674872,89
674916,46
674944,24
674967,94
674969,90
674978,114
675009,19
675050,85
675085,76
675086,66
675095,83
675096,25
675109,55
675121,86
675200,66
675219,76
675243,93
675256,25
675264,80
675296,56
675311,76
675312,44
675321,72
675416,58
675451,72
675498,76
675507,56
675512,41
675521,36
675522,34
675556,75
675564,77
675578,77
675582,42
675618,90
675644,85
675645,54
675707,27
675710,49
675725,59
675825,57
675838,42
675842,48
675881,62
675895,75
675918,70
675949,65
675965,64
676002,57
676004,65
676019,46
676051,35
676121,52
676137,65
676191,78
676214,15
676215,54
676224,57
676260,57
676279,44
676296,109
676323,18
676326,67
676344,36
676361,38
676364,68
676381,54
676429,84
676465,30
676470,65
676525,64
676526,58
676527,78
676573,52
676589,86
676591,84
676613,82
676644,55
676673,73
676693,67
676704,27
676729,26
676736,83
676779,38
676789,62
676835,97
676843,47
676851,86
676875,71
676885,52
676920,59
676940,47
676958,46
676975,44
677044,31
677051,73
677059,80
677098,66
677123,59
677165,44
677176,43
677194,52
677203,52
677243,74
677266,50
677275,55
677291,57
677313,71
677319,82
677324,25
677347,46
677357,59
677370,43
677374,68
677400,80
677425,29
677431,67
677528,38
677569,56
677582,58
677720,63
677723,45
677731,23
677751,71
677768,73
677788,48
677828,45
677839,70
677878,50
677902,73
677903,58
677908,64
678004,68
678012,57
678054,67
678077,85
678131,75
678134,66
678168,45
678169,42
678170,38
678216,47
678220,45
678222,28
678226,41
678236,63
678250,84
678276,60
678290,50
678321,68
678326,46
678329,51
678353,47
678357,70
678376,37
678401,80
678527,47
678544,45
678551,62
678554,55
678596,89
678609,59
678628,55
678670,83
678719,104
678779,84
678799,69
678815,86
678832,56
678840,64
678843,58
678852,72
678895,40
678900,67
678901,46
678945,12
678974,71
678995,57
678998,67
679018,60
679021,74
679053,75
679061,101
679098,67
679124,59
679128,91
679136,58
679230,47
679242,46
679243,62
679287,60
679381,39
679398,58
679495,26
679501,44
679573,50
679578,62
679621,56
679648,55
679672,41
679711,52
679754,43
679762,99
679784,88
679806,56
679827,47
679828,54
679839,86
679844,56
679861,30
679915,73
679918,69
679981,74
679982,65
680013,48
680016,67
680020,61
680102,80
680134,72
680152,58
680157,42
680175,60
680182,85
680184,76
680215,68
680225,63
680226,61
680252,102
680277,77
680348,58
680361,79
680372,61
680393,37
680425,78
680473,69
680481,40
680489,51
680536,43
680576,62
680593,85
680628,86
680629,28
680648,53
680653,50
680693,58
680714,87
680744,72
680786,56
680861,73
680879,78
680936,88
680943,46
680965,61
681004,72
681006,61
681018,74
681026,81
681054,53
681057,73
681075,66
681081,49
681089,19
681096,74
681139,95
681144,63
681145,60
681156,68
681175,28
681189,74
681203,22
681221,74
681226,21
681232,22
681322,85
681351,17
681362,54
681368,68
681423,24
681464,54
681550,37
681575,80
681592,46
681619,68
681623,58
681675,65
681716,50
681780,58
681787,57
681799,43
681811,66
681841,39
681853,56
681862,77
681884,44
681938,61
681974,73
681975,69
681992,59
682000,53
682022,46
682036,46
682063,82
682103,74
682104,86
682158,40
682191,47
682202,91
682221,84
682237,34
682266,73
682299,67
682335,78
682347,77
682357,71
682376,80
682377,71
682404,76
682414,42
682425,36
682464,73
682465,39
682499,87
682501,62
682520,50
682564,47
682565,96
682578,66
682579,66
682608,79
682616,53
682617,23
682666,65
682705,95
682733,80
682741,75
682761,86
682770,45
682771,87
682776,103
682803,47
682807,66
682822,70
682844,64
682851,59
682864,24
682903,78
682911,59
682942,78
682978,31
682986,48
683044,48
683053,58
683064,48
683113,31
683132,42
683144,56
683159,77
683161,89
683194,42
683222,36
683227,53
683268,61
683274,92
683296,31
683316,65
683331,87
683336,65
683355,47
683358,52
683374,56
683378,63
683399,54
683428,30
683458,66
683488,66
683506,59
683517,83
683556,68
683565,91
683597,23
683600,25
683629,46
683647,58
683673,97
683675,44
683681,58
683718,70
683729,83
683749,63
683763,62
683764,83
683777,62
683793,14
683796,69
683891,76
683899,97
683900,52
683913,51
683933,47
684041,62
684044,64
684055,51
684061,51
684075,58
684084,37
684161,67
684213,48
684235,65
684246,32
684261,67
684274,33
684279,22
684351,77
684354,66
684385,85
684399,81
684411,47
684466,51
684471,36
684472,88
684531,73
684532,76
684564,48
684580,69
684613,59
684652,70
684671,75
684675,49
684693,77
684751,43
684758,70
684761,89
684764,65
684773,77
684782,68
684786,49
684789,45
684799,75
684831,52
684851,63
684864,68
684884,52
684894,46
684902,80
684968,48
685013,66
685016,88
685045,68
685064,42
685068,11
685071,56
685095,74
685099,57
685130,94
685158,62
685177,44
685191,52
685202,19
685241,36
685242,49
685300,70
685339,77
685357,55
685374,20
685375,76
685380,58
685431,42
685446,82
685475,73
685515,54
685545,106
685589,92
685596,52
685608,47
685644,91
685738,73
685782,53
685803,22
685826,68
685887,65
685907,70
685926,89
685929,59
685950,101
685951,79
686015,61
686041,61
686050,56
686067,75
686072,52
686077,54
686145,64
686225,84
686249,31
686258,90
686262,80
686275,71
686292,42
686310,42
686316,14
686408,65
686413,11
686480,66
686513,40
686545,64
686564,89
686573,69
686578,46
686600,36
686616,94
686624,59
686654,38
686746,47
686805,33
686809,60
686812,69
686887,87
686918,75
686930,29
686931,65
686985,44
687114,81
687120,92
687133,59
687146,67
687168,46
687184,82
687191,40
687225,32
687234,86
687240,68
687254,52
687295,56
687375,67
687411,93
687414,55
687429,72
687436,65
687447,76
687459,72
687496,87
687506,102
687517,86
687520,52
687522,51
687526,44
687540,33
687551,109
687559,72
687571,62
687612,63
687614,71
687641,50
687644,44
687646,55
687648,55
687666,63
687700,37
687701,21
687737,67
687740,65
687759,68
687873,104
687874,60
687886,48
687910,52
687927,62
687933,58
687938,54
687965,58
687969,63
687992,60
687998,59
688005,65
688006,40
688015,50
688017,60
688064,54
688068,87
688069,42
688104,48
688143,90
688144,93
688147,75
688173,59
688186,72
688187,70
688223,27
688234,72
688238,86
688241,67
688262,74
688299,49
688301,81
688305,47
688307,78
688316,58
688340,78
688374,57
688394,107
688404,74
688428,52
688437,43
688445,57
688458,71
688478,59
688481,27
688486,55
688516,79
688541,70
688558,71
688578,56
688601,47
688606,81
688622,61
688628,49
688633,19
688652,62
688679,35
688693,82
688807,71
688811,73
688825,48
688841,59
688874,75
688883,56
688891,61
688967,95
688990,42
689007,67
689016,79
689017,31
689041,107
689043,55
689048,67
689060,96
689069,39
689150,46
689198,79
689225,63
689239,61
689265,58
689347,86
689375,44
689376,65
689446,58
689481,60
689546,72
689553,31
689554,75
689557,88
689567,56
689610,75
689625,58
689642,44
689652,46
689665,62
689686,50
689721,79
689750,24
689759,84
689769,84
689772,57
689800,73
689809,65
689839,90
689909,35
689911,61
689934,42
689939,35
689975,39
689986,28
690002,54
690016,94
690071,79
690092,55
690132,55
690161,61
690163,65
690196,80
690198,69
690234,93
690249,60
690255,59
690292,70
690318,80
690385,54
690462,40
690465,63
690475,99
690479,93
690533,75
690549,74
690579,48
690650,80
690652,64
690681,51
690728,40
690737,61
690768,59
690769,63
690782,64
690838,71
690845,55
690846,42
690848,65
690873,42
690880,68
690886,73
690911,59
690912,48
690918,69
690934,57
690948,55
690973,88
691027,50
691073,82
691075,61
691078,56
691100,66
691101,51
691117,57
691146,42
691166,69
691197,76
691248,61
691258,48
691266,83
691270,72
691292,62
691372,34
691378,40
691414,73
691444,63
691486,74
691501,66
691522,51
691558,62
691569,73
691625,5
691629,39
691653,48
691673,57
691681,76
691684,54
691685,61
691707,79
691720,71
691732,48
691742,65
691867,64
691887,85
691894,32
691908,75
691964,59
692134,51
692135,42
692164,64
692166,63
692169,58
692193,50
692194,67
692217,76
692265,72
692266,83
692278,52
692287,84
692298,40
692347,72
692356,77
692374,87
692380,29
692413,48
692421,47
692457,75
692458,103
692481,67
692504,74
692506,78
692507,95
692519,32
692520,60
692522,80
692523,40
692527,52
692538,26
692546,76
692548,60
692552,75
692590,52
692639,41
692668,57
692671,43
692684,55
692695,60
692696,93
692698,75
692706,70
692717,46
692741,81
692742,79
692821,43
692858,94
692863,31
692883,57
692932,72
692954,71
692969,73
692975,18
692978,55
692979,71
692981,89
692996,96
693014,63
693052,80
693059,31
693098,58
693190,90
693234,25
693272,86
693302,66
693309,69
693310,53
693317,64
693348,69
693353,85
693365,48
693379,45
693490,63
693491,23
693544,74
693552,51
693575,53
693583,44
693610,90
693618,83
693653,70
693660,50
693716,82
693801,80
693805,56
693823,37
693840,69
693849,73
693854,98
693873,59
693882,49
693893,80
693908,34
693916,98
693991,61
694024,78
694026,89
694031,68
694049,36
694054,75
694064,46
694071,61
694096,63
694228,61
694276,61
694277,40
694288,63
694319,47
694377,61
694380,75
694390,60
694417,81
694422,48
694425,42
694449,44
694482,37
694495,45
694506,52
694508,89
694532,43
694605,39
694637,75
694657,49
694667,58
694701,56
694750,77
694792,62
694816,41
694832,86
694838,56
694905,51
694921,72
694952,59
694982,80
694983,50
695012,73
695045,58
695066,43
695082,56
695086,67
695094,79
695114,76
695123,49
695127,45
695190,55
695220,53
695225,35
695293,86
695305,19
695311,79
695327,32
695348,61
695360,43
695379,69
695391,53
695403,35
695424,91
695432,83
695442,68
695465,76
695471,84
695529,32
695551,74
695557,71
695561,47
695567,59
695620,40
695649,31
695675,51
695679,48
695799,50
695817,73
695832,42
695849,84
695852,74
695877,89
695878,83
695908,51
695920,48
695951,78
696014,48
696027,66
696040,26
696060,67
696067,67
696086,81
696108,60
696114,58
696135,73
696148,78
696201,52
696215,67
696241,86
696243,84
696246,62
696272,59
696288,44
696314,65
696315,38
696319,65
696345,66
696375,58
696402,65
696413,68
696462,75
696482,66
696485,52
696490,44
696501,59
696545,81
696551,75
696595,54
696601,46
696638,26
696654,29
696674,72
696696,86
696699,16
696712,48
696755,73
696769,64
696779,100
696788,65
696820,67
696822,39
696835,45
696854,41
696884,55
696886,63
696889,57
696897,81
696901,60
697023,60
697036,60
697051,56
697061,78
697063,62
697067,48
697077,58
697126,91
697130,81
697187,94
697204,84
697210,65
697219,74
697225,22
697259,37
697301,50
697302,30
697333,46
697403,63
697429,97
697438,53
697455,53
697482,67
697512,49
697526,42
697568,31
697602,57
697617,67
697688,92
697718,62
697750,82
697779,68
697835,78
697851,82
697887,65
697891,44
697904,61
697919,73
697924,76
697927,56
697953,39
697967,90
698019,49
698020,98
698032,65
698069,44
698159,84
698194,53
698207,93
698211,35
698244,43
698261,69
698268,29
698307,70
698361,54
698373,46
698404,46
698434,94
698441,23
698457,61
698462,98
698464,17
698479,36
698486,58
698579,38
698635,42
698640,68
698644,60
698668,52
698681,87
698714,70
698725,65
698765,87
698778,56
698788,57
698792,61
698821,65
698852,55
698865,53
698915,65
698916,38
698934,48
698936,43
698951,80
698978,51
698985,61
698987,46
698995,61
698997,47
699015,65
699040,49
699064,58
699069,42
699075,46
699085,90
699093,60
699098,79
699108,60
699166,101
699170,56
699177,29
699210,70
699243,46
699308,39
699323,56
699325,49
699343,39
699359,76
699367,64
699381,60
699386,83
699432,82
699439,67
699450,56
699464,39
699518,65
699558,45
699567,78
699616,48
699637,73
699640,14
699695,72
699731,25
699758,66
699760,57
699804,62
699839,83
699861,71
699887,81
699909,55
699915,88
699927,59
699998,60
700020,72
700021,85
700039,59
700056,80
700057,60
700096,56
700100,76
700181,29
700182,61
700213,59
700274,81
700314,55
700322,38
700332,54
700394,71
700436,73
700449,56
700454,77
700455,56
700461,53
700467,55
700484,60
700510,45
700533,73
700534,75
700553,70
700585,51
700599,73
700619,18
700660,60
700688,54
700693,68
700702,61
700706,32
700707,84
700721,30
700811,52
700861,74
700862,31
700887,46
700900,54
700901,65
700903,70
700915,43
700918,14
700930,34
700935,77
700936,24
700982,96
701015,45
701069,91
701110,40
701139,102
701154,79
701221,87
701275,48
701288,36
701296,86
701332,85
701360,51
701377,30
701381,58
701386,91
701406,66
701424,45
701452,11
701456,55
701505,49
701524,59
701525,37
701547,57
701559,77
701569,51
701590,37
701598,91
701600,50
701634,68
701640,61
701722,36
701725,65
701739,61
701773,38
701804,67
701826,82
701848,119
701876,71
701888,40
701893,37
701898,100
701922,72
701953,79
701970,61
702000,80
702008,9
702017,92
702042,41
702068,64
702089,23
702097,55
702124,70
702188,27
702255,84
702288,72
702301,55
702354,76
702382,65
702393,107
702415,88
702418,69
702454,72
702460,37
702472,75
702491,70
702522,79
702553,71
702574,74
702577,30
702608,89
702615,60
702644,60
702655,55
702666,78
702684,52
702698,15
702720,51
702773,78
702787,54
702793,57
702796,44
702801,73
702818,52
702834,57
702866,77
702921,10
702965,33
702976,30
702997,70
703044,77
703050,93
703055,59
703062,99
703063,64
703131,29
703179,41
703219,59
703256,59
703284,66
703293,67
703306,17
703372,77
703380,36
703395,51
703462,50
703497,48
703501,97
703539,66
703563,88
703595,54
703621,73
703626,78
703635,78
703639,81
703684,80
703736,38
703767,52
703771,92
703779,54
703787,64
703813,92
703834,47
703852,24
703867,44
703872,68
703895,74
703897,74
703907,63
703921,49
703932,93
703965,66
703996,53
704034,39
704072,42
704077,96
704084,45
704094,39
704106,92
704143,43
704162,68
704164,38
704193,41
704210,69
704211,55
704255,63
704287,57
704321,56
704335,55
704351,13
704359,46
704400,52
704418,69
704420,40
704436,55
704443,59
704449,78
704471,64
704540,57
704580,48
704592,33
704598,61
704610,73
704656,50
704700,49
704722,51
704734,53
704740,48
704742,63
704746,51
704807,52
704808,43
704810,65
704829,56
704831,52
704853,59
704873,65
704918,50
704923,63
704941,81
704954,66
705002,34
705010,87
705059,89
705078,79
705086,20
705172,82
705196,92
705228,62
705258,54
705279,45
705280,61
705289,61
705291,77
705299,61
705321,9
705324,95
705349,82
705398,57
705401,69
705409,82
705423,61
705471,61
705474,46
705491,53
705508,55
705531,78
705545,74
705547,66
705552,72
705584,66
705586,62
705613,58
705632,67
705662,61
705674,75
705678,40
705693,1
705714,65
705730,43
705749,77
705751,75
705764,88
705774,53
705790,70
705797,25
705820,47
705837,44
705870,27
705889,44
705986,30
706012,99
706017,34
706026,51
706043,67
706051,55
706063,94
706074,53
706143,65
706161,65
706168,41
706200,77
706220,36
706224,67
706252,63
706269,58
706288,49
706328,39
706375,43
706471,70
706474,58
706541,83
706545,74
706550,39
706560,30
706571,46
706591,48
706633,87
706653,65
706685,52
706710,60
706713,70
706723,30
706748,81
706806,40
706815,86
706819,32
706834,54
706857,47
706870,42
706876,26
706891,98
706963,50
706974,49
706991,28
706999,69
707015,74
707099,57
707123,60
707138,84
707155,85
707203,78
707214,68
707243,80
707265,40
707312,58
707328,88
707350,100
707352,69
707360,63
707436,46
707448,70
707455,56
707494,50
707517,45
707526,75
707545,57
707566,28
707618,81
707630,74
707724,75
707731,81
707765,48
707787,87
707803,79
707811,80
707829,89
707839,55
707846,29
707894,106
707979,54
707994,50
708005,45
708071,51
708073,73
708081,67
708082,51
708083,60
708093,83
708120,85
708144,87
708197,60
708205,46
708211,7
708233,65
708261,53
708361,69
708374,16
708408,64
708414,62
708421,45
708425,53
708443,55
708486,55
708544,73
708550,43
708566,41
708576,32
708602,61
708616,66
708618,56
708621,82
708624,44
708627,68
708643,72
708659,63
708678,34
708680,62
708693,48
708765,76
708776,96
708818,44
708823,59
708848,80
708907,50
708915,26
708922,76
708926,61
708927,72
708931,72
708947,48
708978,41
708992,55
709007,74
709020,93
709093,63
709120,67
709133,51
709156,55
709175,63
709239,50
709289,56
709345,68
709365,79
709378,67
709382,80
709425,40
709430,69
709433,69
709438,64
709453,51
709456,70
709496,82
709532,26
709596,94
709599,95
709607,72
709610,56
709621,65
709629,30
709644,71
709652,101
709654,49
709757,90
709758,80
709762,44
709771,72
709781,50
709808,88
709822,41
709833,61
709852,37
709886,49
709916,70
709921,13
709925,52
709962,10
710000,28
710005,82
710015,63
710023,81
710032,48
710049,66
710077,67
710098,101
710151,96
710205,45
710248,78
710295,71
710319,74
710340,86
710341,40
710361,69
710373,58
710388,39
710448,56
710474,64
710492,46
710493,47
710504,57
710507,41
710571,53
710607,54
710646,29
710652,54
710655,43
710676,54
710679,71
710697,83
710725,65
710739,58
710741,65
710747,75
710748,49
710796,22
710805,26
710826,51
710828,43
710856,72
710883,92
710891,74
710901,51
710908,87
710921,56
710957,43
710970,67
711005,41
711032,42
711061,66
711081,39
711090,93
711091,42
711126,38
711148,78
711201,46
711212,44
711213,43
711220,49
711223,58
711227,44
711229,66
711258,46
711273,52
711279,96
711280,78
711286,35
711287,64
711319,32
711356,35
711373,77
711382,83
711398,66
711399,38
711408,42
711435,67
711465,68
711481,51
711482,66
711509,79
711512,52
711535,66
711536,66
711579,30
711587,57
711589,82
711610,51
711616,44
711631,90
711638,81
711641,67
711664,39
711668,108
711683,84
711693,73
711709,57
711715,70
711749,50
711761,55
711791,63
711829,60
711866,72
711869,79
711875,82
711879,78
711884,80
711888,65
711901,66
711954,69
711980,55
711988,53
712022,60
712142,44
712307,62
712333,53
712353,36
712359,103
712406,73
712407,37
712417,72
712436,72
712437,94
712453,60
712456,47
712489,64
712573,52
712599,20
712624,57
712641,50
712643,45
712667,56
712670,60
712691,22
712707,44
712708,67
712712,75
712767,42
712802,69
712806,68
712836,86
712853,66
712910,54
712929,73
712942,52
712950,43
712953,55
712963,98
713004,101
713023,65
713042,66
713060,39
713084,48
713104,77
713109,82
713143,53
713183,51
713189,104
713190,46
713229,37
713231,52
713273,65
713293,60
713295,44
713305,30
713307,81
713316,77
713344,69
713348,40
713352,34
713392,72
713394,40
713395,52
713400,67
713401,72
713427,76
713455,49
713555,75
713556,42
713596,60
713610,51
713615,70
713656,54
713664,61
713668,53
713829,43
713850,45
713903,65
713931,62
713935,50
713989,93
714027,60
714054,34
714074,27
714097,69
714153,15
714184,61
714224,41
714251,57
714253,97
714257,48
714263,54
714383,64
714413,62
714458,40
714464,82
714474,53
714490,67
714496,41
714499,66
714509,70
714513,46
714515,61
714533,59
714541,51
714558,69
714559,65
714567,61
714572,57
714574,45
714591,75
714593,91
714598,74
714613,68
714627,51
714636,52
714661,67
714672,69
714674,42
714736,54
714797,26
714825,87
714837,43
714845,80
714852,59
714882,33
714883,60
714895,34
714899,50
714901,77
714935,59
714942,24
714944,56
714958,81
714965,30
715021,87
715107,82
715155,61
715189,39
715198,36
715255,48
715256,41
715257,96
715268,50
715278,38
715280,45
715290,58
715303,78
715346,70
715347,57
715351,94
715357,62
715386,38
715404,20
715406,59
715416,31
715440,54
715441,43
715444,69
715449,36
715471,36
715536,81
715564,49
715607,37
715611,45
715614,63
715628,99
715659,44
715716,44
715741,39
715781,72
715799,57
715840,115
715872,40
715901,51
715905,50
715911,56
715946,70
715947,63
715954,73
715995,74
715999,50
716008,61
716019,72
716080,82
716086,26
716087,65
716091,102
716092,54
716115,57
716174,81
716177,50
716204,74
716217,89
716262,50
716299,53
716300,44
716314,91
716328,81
716343,95
716345,61
716348,80
716350,56
716395,57
716411,56
716430,28
716434,103
716489,79
716499,49
716525,63
716542,80
716562,36
716564,71
716568,71
716569,76
716573,60
716602,68
716606,70
716644,60
716706,47
716753,65
716778,51
716796,38
716827,62
716914,74
716919,74
716923,57
716924,74
716935,45
716990,73
717014,50
717023,83
717033,68
717151,66
717153,39
717203,51
717205,55
717238,47
717249,78
717294,75
717316,54
717345,86
717380,57
717394,33
717407,97
717427,70
717440,44
717459,51
717469,42
717477,84
717493,22
717495,66
717546,65
717555,69
717558,37
717576,73
717599,72
717600,72
717619,72
717633,94
717635,46
717664,73
717667,63
717672,56
717695,54
717737,67
717787,88
717798,73
717816,56
717828,39
717829,45
717836,87
717839,75
717903,71
717912,104
717915,53
717925,61
717936,55
717937,84
717956,53
717957,79
717971,58
718019,64
718078,62
718079,68
718082,59
718116,71
718145,57
718190,58
718238,55
718256,72
718305,65
718353,66
718354,50
718406,35
718409,78
718418,62
718440,63
718455,47
718468,59
718479,53
718491,67
718504,96
718513,57
718527,83
718548,60
718552,36
718571,75
718607,57
718648,34
718659,51
718713,94
718736,54
718779,53
718805,74
718817,44
718892,71
718899,70
718935,56
718966,55
718993,36
719040,43
719060,62
719137,60
719139,53
719157,82
719164,19
719184,18
719222,70
719231,65
719232,59
719236,58
719253,77
719306,62
719314,86
719329,60
719353,59
719354,29
719356,69
719369,61
719402,76
719431,53
719443,50
719444,59
719456,85
719493,66
719510,75
719541,64
719560,29
719564,71
719607,57
719609,73
719616,54
719656,31
719695,63
719697,61
719717,45
719728,42
719739,88
719800,62
719811,70
719840,79
719872,42
719881,69
719918,82
719939,67
720017,63
720060,49
720081,105
720098,74
720104,95
720166,66
720176,43
720213,53
720221,75
720238,75
720240,73
720241,85
720243,89
720257,12
720286,78
720313,70
720336,58
720349,51
720350,20
720351,45
720444,95
720484,72
720519,45
720523,74
720533,51
720575,48
720617,47
720630,63
720639,39
720648,58
720684,53
720687,78
720719,93
720725,87
720773,51
720867,65
720869,49
720873,21
720882,86
720923,77
720925,79
720949,62
720950,49
720954,43
720955,67
720987,71
721032,90
721052,32
721066,43
721071,88
721117,63
721129,81
721164,93
721165,44
721168,59
721210,61
721211,46
721223,50
721226,72
721235,77
721256,1
721267,51
721296,70
721316,33
721323,80
721329,63
721330,64
721377,66
721397,59
721423,38
721440,79
721492,62
721514,55
721549,73
721580,44
721611,80
721624,83
721626,86
721679,60
721698,56
721716,51
721718,41
721745,57
721754,55
721758,77
721765,54
721774,66
721814,53
721839,65
721856,63
721912,35
721926,31
721965,68
722007,43
722008,66
722050,21
722055,69
722091,85
722147,71
722169,52
722194,57
722348,66
722373,56
722384,81
722398,27
722411,56
722412,95
722418,69
722420,91
722449,50
722458,58
722464,81
722515,76
722517,51
722518,53
722535,40
722543,94
722545,71
722613,49
722623,70
722722,69
722755,34
722773,76
722798,67
722801,21
722877,76
722883,83
722890,25
722900,62
722935,40
722940,40
722959,72
722981,76
722998,64
723002,53
723007,49
723034,72
723052,75
723064,49
723068,53
723088,68
723095,43
723102,63
723117,43
723119,50
723132,49
723153,42
723167,50
723204,57
723260,71
723277,35
723336,49
723385,46
723399,39
723465,75
723473,61
723511,45
723519,84
723544,57
723559,40
723564,46
723567,50
723591,41
723606,65
723613,90
723623,34
723633,46
723644,82
723650,36
723660,67
723702,64
723724,32
723757,45
723781,93
723806,68
723829,98
723834,49
723840,52
723850,65
723885,68
723917,46
723958,63
723960,55
723976,92
724090,46
724097,63
724103,47
724112,55
724116,66
724152,87
724158,76
724165,47
724193,70
724195,70
724199,88
724221,84
724224,71
724235,32
724238,54
724258,86
724288,45
724354,80
724473,78
724475,52
724493,64
724523,44
724550,77
724554,81
724599,83
724625,48
724627,61
724634,52
724680,46
724688,60
724701,48
724713,51
724778,89
724788,83
724808,59
724811,47
724847,47
724851,46
724972,48
724979,60
724981,73
725012,65
725016,62
725044,40
725074,67
725083,43
725096,76
725107,43
725155,70
725175,81
725241,77
725254,82
725295,62
725301,42
725302,60
725317,44
725330,44
725342,54
725344,87
725353,78
725356,54
725432,53
725459,64
725461,60
725480,23
725487,80
725490,72
725496,51
725497,52
725520,66
725523,58
725535,71
725537,59
725547,38
725549,76
725619,101
725630,44
725633,66
725638,55
725640,46
725645,38
725675,52
725700,80
725701,40
725787,100
725848,70
725852,68
725881,56
725946,49
725967,58
726050,66
726052,75
726115,79
726119,91
726164,13
726172,56
726178,70
726190,37
726200,71
726203,79
726211,17
726213,62
726222,48
726247,33
726249,50
726250,44
726291,57
726292,55
726307,68
726330,75
726380,76
726405,58
726417,60
726434,89
726446,49
726456,76
726477,73
726493,57
726508,73
726509,65
726528,71
726538,74
726539,52
726542,41
726577,65
726655,77
726683,77
726689,70
726719,56
726729,52
726757,54
726758,35
726777,66
726877,52
726894,55
726897,87
726926,85
727012,69
727014,75
727015,34
727029,59
727065,10
727082,52
727131,71
727160,47
727197,61
727220,79
727226,55
727276,91
727278,44
727336,65
727400,56
727416,58
727431,54
727460,48
727517,54
727533,80
727576,80
727607,41
727617,66
727644,47
727660,67
727667,54
727677,39
727686,42
727715,39
727732,46
727782,68
727830,65
727832,79
727875,41
727889,17
727961,64
727988,56
728083,47
728084,89
728092,86
728097,34
728115,62
728143,29
728167,54
728244,58
728258,81
728270,73
728281,58
728295,70
728330,80
728334,89
728336,70
728356,60
728393,62
728439,47
728443,62
728479,49
728524,98
728568,83
728591,53
728698,103
728713,71
728752,46
728753,37
728779,53
728811,69
728837,88
728925,45
728929,67
728942,70
728948,76
728962,67
729012,50
729034,75
729042,49
729086,36
729103,66
729138,88
729142,59
729144,41
729202,44
729206,82
729250,51
729329,49
729332,88
729338,60
729343,31
729376,39
729379,72
729386,83
729414,67
729441,2
729447,82
729466,27
729468,49
729469,51
729490,54
729499,78
729514,47
729559,34
729597,55
729601,57
729610,67
729623,45
729626,68
729674,65
729720,42
729733,79
729741,19
729749,58
729799,87
729855,26
729865,66
729897,63
729958,54
729959,61
729972,61
729997,70
730008,53
730010,53
730017,80
730037,65
730045,81
730053,77
730118,51
730161,61
730167,61
730173,63
730221,93
730223,52
730232,59
730259,40
730260,76
730307,59
730338,72
730342,46
730381,54
730392,83
730444,66
730445,114
730498,71
730545,74
730576,64
730604,67
730647,54
730671,42
730718,81
730729,79
730731,63
730753,72
730756,59
730762,49
730764,79
730779,50
730780,65
730816,79
730821,53
730879,83
730896,75
730913,58
730962,66
731000,70
731005,80
731037,72
731049,63
731109,87
731161,61
731163,65
731183,53
731212,66
731223,73
731231,65
731237,53
731285,66
731306,65
731307,50
731314,69
731345,56
731346,74
731433,68
731474,55
731580,51
731583,65
731607,33
731608,52
731611,79
731612,68
731616,73
731629,65
731663,30
731671,67
731672,34
731832,73
731833,57
731884,66
731899,75
731912,50
731917,77
731936,58
731956,58
731964,58
732004,48
732022,25
732050,104
732057,58
732065,55
732094,79
732105,68
732133,55
732139,40
732172,61
732195,88
732198,76
732204,44
732296,73
732354,55
732390,95
732429,39
732449,42
732452,73
732464,58
732489,62
732541,74
732542,92
732586,59
732599,96
732623,74
732640,44
732645,72
732648,41
732649,49
732755,27
732783,59
732784,46
732797,66
732803,31
732814,73
732832,82
732838,46
732843,59
732846,39
732871,63
732891,73
732894,47
732919,78
732995,20
733006,44
733016,64
733040,57
733059,54
733064,57
733099,90
733110,47
733120,54
733136,84
733154,30
733156,33
733190,43
733194,63
733222,31
733257,75
733259,61
733303,79
733329,59
733337,48
733359,66
733391,45
733411,60
733415,76
733441,61
733456,22
733469,75
733526,44
733537,67
733551,59
733553,62
733557,78
733561,68
733570,66
733603,75
733614,67
733637,31
733680,61
733751,63
733796,71
733808,68
733822,67
733848,61
733852,62
733866,65
733872,76
733873,33
733875,65
733918,49
733921,67
734006,75
734013,51
734017,65
734019,37
734028,55
734047,57
734070,67
734084,45
734094,56
734113,66
734116,73
734131,49
734143,65
734158,49
734179,59
734220,63
734277,97
734278,7
734290,74
734295,80
734312,89
734316,55
734330,89
734331,58
734379,64
734410,117
734494,48
734514,77
734515,78
734542,53
734631,55
734637,43
734638,77
734654,56
734660,65
734673,105
734701,66
734752,68
734763,60
734816,65
734869,44
734909,77
734952,27
734968,42
734973,81
734984,51
735018,81
735071,37
735099,58
735110,77
735147,66
735150,74
735153,49
735217,51
735254,56
735265,62
735269,63
735340,74
735342,49
735345,79
735364,71
735383,62
735420,77
735473,76
735480,61
735485,70
735488,70
735510,51
735518,30
735525,43
735574,67
735586,49
735640,70
735643,46
735665,51
735681,74
735683,24
735707,62
735719,38
735759,54
735794,63
735813,80
735843,69
735855,49
735861,52
735872,64
735914,83
735916,75
735917,44
735932,65
735933,76
735960,74
735991,55
735995,46
736003,61
736007,62
736019,44
736023,79
736085,75
736103,69
736107,73
736133,43
736175,48
736184,92
736190,50
736220,55
736255,64
736294,44
736321,48
736330,44
736333,26
736361,76
736375,74
736400,48
736408,56
736409,51
736426,38
736431,60
736443,68
736505,79
736611,41
736660,41
736707,35
736809,63
736815,58
736826,60
736853,30
736872,59
736901,72
736903,53
736930,70
736947,56
736986,65
737018,61
737045,63
737046,76
737074,68
737109,41
737111,77
737114,44
737123,43
737134,94
737166,60
737171,66
737177,39
737192,89
737206,53
737209,49
737245,78
737260,74
737283,84
737353,58
737357,37
737358,46
737366,100
737439,34
737461,73
737476,38
737480,48
737551,54
737590,48
737608,49
737636,55
737732,62
737735,72
737768,67
737777,63
737799,77
737816,52
737852,81
737877,33
737960,50
737995,83
738009,53
738039,42
738061,47
738107,42
738113,59
738132,72
738211,55
738228,56
738233,60
738236,20
738245,83
738253,20
738290,91
738291,42
738312,72
738385,70
738406,67
738431,42
738437,86
738522,44
738619,93
738660,60
738673,45
738708,42
738715,65
738749,66
738764,79
738791,79
738812,63
738826,66
738845,84
738899,68
738931,62
738948,84
738958,48
739002,67
739003,21
739030,84
739078,45
739079,55
739100,78
739120,78
739163,51
739172,22
739192,82
739210,46
739214,70
739280,57
739290,53
739332,81
739341,71
739376,61
739406,74
739448,57
739493,76
739516,60
739523,65
739538,67
739541,18
739581,29
739594,91
739603,61
739630,73
739634,17
739688,60
739703,67
739713,42
739769,75
739782,51
739805,67
739843,81
739874,68
739885,83
739894,44
739905,69
739937,61
739943,82
739953,69
739972,57
740047,66
740063,49
740072,92
740076,29
740077,50
740092,35
740132,74
740134,74
740192,52
740207,65
740241,104
740283,66
740318,35
740319,45
740322,60
740325,65
740338,45
740382,99
740425,59
740428,66
740430,74
740473,70
740519,38
740535,42
740538,45
740561,61
740566,44
740580,83
740593,36
740601,84
740610,65
740611,76
740624,54
740646,72
740660,52
740669,32
740757,53
740835,48
740948,60
740969,62
740974,60
740989,54
741023,68
741159,47
741180,57
741195,44
741212,36
741239,56
741299,100
741314,46
741319,55
741345,85
741374,87
741383,84
741404,67
741416,47
741425,80
741434,72
741483,61
741551,31
741600,56
741637,40
741647,61
741654,91
741686,54
741709,67
741730,40
741736,76
741741,38
741795,58
741824,109
741841,85
741851,74
741921,41
741934,66
741950,41
741968,22
741971,65
741988,48
741989,48
741994,68
742020,41
742047,63
742049,84
742085,79
742126,59
742133,86
742142,30
742202,62
742222,79
742238,71
742239,71
742240,52
742279,41
742285,27
742310,54
742314,55
742319,70
742328,77
742370,55
742384,70
742389,51
742396,64
742482,95
742490,91
742599,58
742616,84
742626,28
742661,28
742703,53
742704,74
742713,57
742741,48
742747,78
742758,117
742776,65
742779,54
742785,8
742814,76
742816,102
742896,85
742909,57
742925,60
742947,60
742964,59
742999,60
743005,51
743008,72
743022,65
743034,65
743037,81
743129,52
743133,37
743148,68
743222,46
743227,64
743231,43
743243,67
743247,67
743251,55
743255,33
743275,87
743282,56
743334,78
743347,65
743366,51
743373,38
743400,42
743424,33
743425,65
743432,72
743453,65
743454,73
743488,63
743512,84
743519,50
743564,51
743574,34
743590,67
743591,62
743615,63
743639,71
743640,86
743642,81
743646,52
743657,72
743685,84
743686,49
743703,45
743716,62
743742,42
743746,68
743751,65
743809,24
743823,72
743839,68
743840,49
743872,114
743886,74
743964,75
743982,64
743985,70
744001,48
744055,48
744088,24
744097,63
744202,88
744215,53
744217,65
744218,56
744227,52
744264,85
744267,55
744342,60
744395,65
744434,54
744439,72
744465,31
744494,83
744557,17
744571,43
744580,71
744603,86
744615,13
744682,54
744701,30
744704,40
744709,74
744718,68
744738,25
744745,33
744770,41
744791,68
744792,58
744824,82
744833,60
744868,58
744895,74
744909,68
744961,57
744966,77
744976,57
744995,91
745010,65
745031,46
745039,18
745118,83
745250,20
745251,61
745254,64
745278,60
745323,51
745338,78
745350,72
745358,40
745381,83
745396,53
745467,30
745485,63
745550,26
745582,57
745596,86
745613,62
745616,52
745617,44
745631,78
745674,29
745683,55
745705,56
745711,61
745720,60
745771,36
745802,86
745816,75
745829,53
745843,79
745846,66
745856,50
745883,41
745900,94
745939,47
745944,48
745968,55
745994,85
745995,71
746011,85
746017,52
746027,100
746028,63
746037,48
746038,87
746050,63
746076,66
746091,70
746095,76
746097,46
746124,98
746145,63
746153,88
746159,60
746175,52
746221,24
746258,61
746306,51
746319,61
746341,43
746349,57
746395,71
746416,53
746429,97
746492,64
746516,75
746534,35
746542,79
746544,88
746545,44
746566,63
746635,51
746646,60
746659,52
746708,73
746738,54
746747,85
746760,66
746767,68
746780,50
746803,112
746856,81
746880,82
746901,46
746929,68
746934,51
746960,68
746979,73
747052,42
747072,34
747111,65
747135,76
747150,73
747173,62
747193,23
747210,52
747241,75
747244,48
747257,71
747266,62
747273,55
747286,54
747309,48
747321,74
747366,72
747367,66
747534,55
747543,85
747618,60
747628,34
747656,53
747684,38
747709,77
747750,41
747773,42
747788,60
747811,62
747828,53
747850,70
747863,62
747879,54
747892,67
747914,82
747948,59
748003,40
748008,49
748050,58
748051,81
748087,55
748111,86
748140,80
748149,90
748214,87
748234,74
748239,7
748241,77
748272,43
748291,48
748317,38
748324,78
748355,66
748362,33
748367,71
748373,57
748387,41
748458,59
748465,30
748466,61
748475,99
748487,31
748519,38
748525,67
748536,93
748560,66
748578,63
748583,32
748591,59
748610,48
748621,44
748647,51
748669,54
748691,82
748729,32
748816,97
748827,61
748830,53
748842,79
748843,56
748858,51
748864,53
748865,72
748873,46
748877,87
748881,32
748922,19
748969,72
748972,52
749000,71
749004,53
749030,39
749038,72
749041,74
749043,64
749054,39
749087,65
749091,62
749098,67
749111,70
749114,52
749133,85
749146,52
749184,54
749218,40
749223,54
749226,74
749244,111
749278,40
749282,82
749327,42
749389,48
749421,48
749470,66
749508,55
749509,73
749554,64
749599,61
749611,23
749642,103
749648,54
749674,47
749715,64
749734,53
749761,69
749766,38
749812,57
749839,46
749915,65
749916,63
749918,84
749922,79
749944,41
749950,38
749969,50
749971,54
749973,31
749992,73
750026,32
750069,52
750117,73
750168,58
750206,77
750237,31
750282,54
750314,78
750315,33
750336,64
750352,43
750370,53
750399,68
750413,81
750424,80
750430,40
750445,64
750467,62
750476,59
750479,84
750510,41
750518,79
750555,39
750561,44
750571,69
750575,40
750603,72
750663,57
750734,49
750735,68
750758,70
750769,68
750802,45
750803,41
750823,74
750830,96
750874,63
750890,73
750893,87
750905,59
750912,59
750950,67
750975,48
750988,69
751000,50
751004,29
751009,36
751038,48
751066,58
751088,37
751094,62
751120,50
751141,55
751163,40
751255,61
751290,38
751297,52
751298,58
751332,52
751347,51
751420,65
751421,42
751429,32
751440,60
751465,78
751495,60
751496,63
751501,52
751504,26
751523,54
751548,51
751570,42
751596,77
751598,23
751677,70
751694,85
751699,50
751724,104
751751,20
751759,55
751772,62
751791,54
751801,66
751803,50
751823,47
751847,92
751864,87
751919,19
751921,43
751929,64
751952,36
751959,47
751962,47
751963,58
751987,86
752001,94
752013,42
752052,53
752056,80
752087,90
752092,81
752103,41
752125,83
752161,37
752204,71
752273,55
752334,33
752359,28
752365,48
752366,29
752453,33
752511,48
752590,73
752632,67
752633,74
752659,51
752727,65
752728,104
752731,59
752752,65
752761,33
752765,75
752768,89
752788,43
752791,66
752816,84
752882,62
752897,66
752935,57
753015,61
753051,54
753053,41
753094,62
753096,58
753115,74
753145,75
753160,78
753197,51
753253,63
753258,80
753266,37
753273,66
753277,39
753289,50
753298,74
753323,63
753415,64
753427,68
753430,51
753454,69
753482,84
753590,80
753678,49
753721,63
753744,51
753763,56
753764,80
753806,33
753807,63
753820,69
753891,90
753896,25
753901,36
753917,57
753920,65
753935,64
753936,96
753966,75
753969,47
753974,60
753983,22
753990,60
754003,48
754007,64
754025,48
754051,54
754073,73
754086,62
754146,75
754160,67
754162,57
754180,29
754198,78
754219,56
754238,78
754279,51
754280,43
754281,58
754312,61
754334,42
754340,49
754342,52
754347,65
754348,53
754385,68
754391,51
754412,36
754414,64
754432,64
754433,48
754456,60
754466,50
754479,72
754489,85
754495,47
754506,75
754522,59
754523,80
754541,59
754578,28
754622,60
754624,44
754679,90
754680,58
754722,82
754774,70
754816,56
754823,65
754903,56
754912,52
754926,31
754945,63
754971,85
754976,107
754988,48
754998,84
755016,78
755147,52
755215,23
755224,73
755246,52
755264,72
755277,81
755322,87
755332,38
755366,92
755396,55
755428,67
755436,68
755461,79
755508,68
755510,62
755511,60
755528,49
755557,43
755563,48
755592,47
755642,76
755650,81
755658,60
755665,65
755705,54
755717,55
755718,68
755789,52
755801,56
755861,45
755916,55
755936,76
755957,72
755965,32
755970,47
755982,54
755984,97
756033,48
756058,54
756121,71
756144,76
756193,83
756211,61
756217,61
756289,66
756310,28
756322,96
756323,69
756325,73
756346,24
756350,40
756425,74
756477,36
756488,56
756628,32
756645,47
756659,38
756670,34
756732,49
756733,95
756783,102
756807,76
756824,53
756897,55
756954,42
757005,72
757008,50
757021,72
757032,44
757042,52
757059,70
757061,54
757079,56
757108,64
757111,44
757130,43
757222,58
757233,72
757234,66
757237,52
757259,75
757261,27
757264,61
757277,70
757288,85
757298,62
757313,57
757314,56
757319,73
757320,46
757331,48
757332,60
757348,53
757386,34
757397,54
757422,25
757473,91
757513,80
757520,57
757523,79
757530,56
757535,90
757544,74
757587,65
757599,79
757612,55
757635,59
757670,65
757677,67
757705,87
757711,70
757721,76
757743,47
757744,44
757786,51
757796,58
757802,71
757809,95
757837,87
757885,73
757970,69
757971,39
757972,85
757992,12
758007,52
758017,44
758018,90
758029,86
758062,61
758067,78
758080,34
758100,83
758148,71
758151,64
758155,46
758158,43
758208,54
758241,46
758254,95
758258,76
758263,28
758281,54
758320,96
758335,85
758356,38
758361,42
758387,90
758393,75
758409,25
758429,61
758430,62
758437,56
758443,50
758469,39
758540,51
758616,87
758638,40
758639,53
758640,48
758652,55
758706,29
758736,30
758750,52
758816,67
758835,52
758848,44
758887,71
758890,54
758894,64
758897,44
758913,63
758921,110
758923,65
758934,67
758935,22
758944,47
758968,70
758977,101
758984,68
758988,60
758992,23
758995,55
759000,95
759001,67
759086,30
759095,74
759114,83
759137,62
759176,67
759181,78
759238,47
759249,81
759275,60
759291,60
759292,58
759306,104
759323,77
759382,27
759391,63
759398,57
759447,59
759478,77
759480,44
759495,70
759520,50
759530,68
759620,57
759633,73
759634,59
759636,57
759695,65
759701,32
759713,58
759737,63
759740,67
759789,51
759813,63
759824,53
759836,57
759910,54
759917,42
759928,38
759943,75
759947,63
759969,58
759979,70
760007,86
760031,26
760042,46
760113,56
760124,47
760169,36
760191,44
760207,58
760314,29
760326,41
760340,44
760358,65
760362,69
760390,87
760391,94
760419,97
760426,51
760487,87
760510,65
760557,46
760579,62
760628,47
760633,74
760675,69
760724,55
760729,57
760732,62
760788,84
760804,100
760808,45
760824,48
760864,53
760898,52
760908,50
760966,80
760977,73
760989,63
760994,46
761040,44
761041,87
761088,61
761123,42
761125,50
761131,60
761147,52
761150,54
761159,59
761204,49
761240,83
761243,64
761246,56
761257,80
761294,37
761320,70
761331,83
761360,98
761428,76
761437,50
761443,68
761449,72
761461,84
761469,75
761487,35
761488,44
761510,76
761547,69
761558,79
761561,68
761563,68
761581,28
761582,45
761626,77
761635,75
761643,30
761674,65
761678,72
761688,66
761689,78
761690,46
761702,60
761712,64
761746,55
761754,47
761756,41
761760,59
761779,61
761790,91
761836,75
761841,49
761845,55
761871,49
761874,52
761886,67
761887,48
761924,77
761951,43
761955,53
761980,46
761984,74
762011,90
762023,84
762045,74
762047,74
762068,108
762077,52
762078,36
762084,49
762117,33
762123,69
762147,68
762155,79
762157,81
762158,89
762174,78
762198,70
762212,72
762213,48
762227,54
762250,72
762264,69
762269,43
762282,31
762310,72
762314,25
762346,70
762377,41
762385,52
762429,45
762440,78
762442,76
762448,34
762486,66
762487,44
762491,52
762534,83
762536,29
762589,67
762653,54
762669,65
762697,75
762723,26
762726,52
762729,62
762732,60
762736,69
762743,82
762755,46
762763,62
762771,79
762775,101
762783,88
762909,71
762919,31
762929,41
762936,50
762967,47
762970,74
763018,47
763053,57
763056,57
763059,74
763072,60
763113,28
763136,87
763186,77
763189,57
763194,72
763212,53
763236,70
763277,101
763317,75
763324,57
763325,59
763364,19
763372,60
763374,47
763376,75
763407,38
763409,61
763412,39
763413,17
763424,64
763459,52
763471,27
763479,16
763523,104
763529,57
763556,30
763585,70
763601,53
763607,35
763608,59
763670,63
763693,69
763719,90
763729,64
763737,71
763745,42
763756,72
763774,63
763818,74
763833,68
763839,24
763865,76
763890,79
763917,59
763918,54
763936,46
763997,74
764006,34
764045,52
764062,72
764137,49
764165,41
764209,55
764235,78
764242,69
764281,88
764320,22
764321,58
764394,65
764407,74
764433,51
764455,93
764485,71
764525,83
764527,63
764529,52
764553,77
764564,87
764578,62
764588,85
764594,73
764624,73
764628,11
764639,24
764662,71
764676,58
764682,33
764761,76
764763,76
764795,59
764811,49
764816,60
764822,47
764858,69
764870,101
764892,57
764895,40
764896,73
764926,27
764979,46
764997,50
765013,56
765057,48
765068,41
765112,74
765113,57
765116,80
765135,40
765145,52
765247,54
765250,49
765251,54
765268,34
765317,26
765327,65
765342,66
765384,47
765393,48
765405,55
765421,60
765445,61
765472,56
765493,59
765609,80
765644,68
765668,64
765673,55
765679,49
765720,61
765763,60
765827,81
765842,45
765843,68
765851,75
765856,73
765864,77
765878,61
765879,50
765885,42
765904,66
765914,73
765950,32
765966,58
765973,104
765987,58
766022,60
766039,81
766040,29
766049,70
766051,89
766063,76
766085,64
766118,73
766121,43
766123,53
766190,79
766236,74
766260,55
766299,57
766319,45
766347,54
766379,27
766402,36
766423,62
766424,67
766441,57
766446,73
766492,52
766511,73
766519,81
766520,86
766535,71
766547,51
766563,88
766564,79
766576,61
766628,56
766639,68
766684,75
766734,24
766735,43
766754,49
766781,80
766796,20
766827,67
766831,51
766862,36
766922,86
766929,74
766960,65
766963,59
766982,88
767024,53
767050,47
767066,38
767080,58
767115,67
767166,62
767182,51
767242,58
767243,51
767314,79
767316,63
767351,56
767352,57
767388,61
767398,45
767415,51
767474,51
767533,79
767534,94
767567,74
767573,83
767596,56
767677,49
767731,71
767759,95
767906,45
767995,67
768012,100
768065,74
768073,67
768075,57
768102,72
768113,72
768132,43
768135,36
768207,53
768214,32
768253,49
768259,46
768309,47
768322,37
768368,77
768399,58
768406,72
768437,68
768440,80
768456,55
768498,50
768556,52
768610,66
768621,75
768633,67
768668,67
768692,48
768719,61
768720,46
768735,66
768772,48
768809,66
768823,76
768831,56
768833,52
768847,21
768856,83
768949,60
768971,44
768984,45
768987,42
769008,80
769031,42
769058,67
769106,73
769119,65
769133,65
769149,49
769214,64
769225,34
769252,40
769293,54
769305,57
769350,51
769372,86
769375,75
769381,38
769414,82
769446,53
769448,36
769475,76
769501,66
769514,59
769524,55
769548,58
769565,62
769587,56
769589,70
769620,77
769638,59
769648,58
769655,84
769684,57
769692,40
769764,56
769773,59
769784,24
769787,92
769836,54
769869,108
769880,38
769915,50
769945,72
769967,43
769983,73
770004,58
770077,51
770153,36
770154,23
770167,62
770170,93
770179,70
770193,49
770206,51
770223,64
770274,47
770304,78
770313,52
770314,48
770315,76
770322,61
770354,41
770363,40
770364,68
770427,82
770575,85
770616,58
770617,47
770630,65
770638,80
770662,61
770668,54
770672,49
770682,56
770687,65
770739,76
770741,40
770753,76
770786,39
770792,63
770812,73
770839,22
770853,65
770858,62
770935,35
770944,91
770972,71
771000,44
771013,70
771050,58
771054,64
771060,59
771063,42
771068,71
771125,38
771129,30
771152,62
771223,64
771250,58
771266,51
771269,92
771284,55
771299,75
771320,74
771328,82
771342,11
771417,60
771440,99
771452,73
771504,59
771563,62
771564,55
771569,64
771578,59
771579,74
771587,24
771609,50
771633,45
771719,52
771723,68
771730,77
771767,52
771787,64
771788,44
771810,69
771817,57
771834,69
771843,71
771854,75
771894,27
771953,35
771977,40
772109,22
772126,57
772133,89
772176,53
772206,74
772320,38
772351,76
772437,52
772531,53
772544,73
772563,55
772587,54
772589,76
772612,58
772656,42
772699,38
772702,30
772720,64
772770,44
772779,78
772783,80
772838,61
772853,100
772915,34
772939,32
772948,106
772952,86
772959,87
772965,75
772967,20
772968,63
772981,48
773011,54
773025,86
773036,69
773051,80
773084,64
773142,99
773212,51
773232,54
773265,48
773273,76
773299,39
773347,64
773357,59
773412,96
773470,85
773476,58
773481,62
773493,94
773574,54
773580,51
773597,56
773619,48
773634,62
773654,39
773655,51
773667,40
773695,31
773738,72
773739,78
773772,65
773778,75
773782,52
773828,72
773883,27
773885,73
773902,91
773917,61
773931,31
773938,59
773939,77
773956,39
773961,97
773970,42
773971,61
773983,58
774019,56
774023,56
774074,110
774075,48
774138,54
774147,76
774148,46
774156,44
774163,56
774178,81
774217,57
774238,91
774241,52
774270,32
774286,59
774302,65
774311,50
774315,38
774322,38
774333,35
774346,25
774347,37
774380,42
774381,56
774386,84
774411,59
774420,76
774440,83
774445,36
774470,49
774471,56
774472,50
774497,78
774519,72
774547,34
774589,55
774596,65
774620,56
774621,83
774627,61
774665,75
774670,43
774671,46
774681,87
774691,33
774831,80
774845,59
774852,45
774854,58
774866,56
774904,57
774924,82
774992,97
775036,82
775089,68
775120,32
775133,63
775223,60
775224,45
775281,57
775291,37
775307,53
775347,81
775349,50
775363,68
775364,60
775366,51
775375,10
775406,56
775432,75
775478,92
775514,52
775539,77
775551,37
775633,74
775649,46
775666,55
775690,77
775691,74
775710,28
775711,53
775712,56
775741,93
775747,72
775751,44
775766,1
775778,45
775796,79
775838,55
775849,53
775858,78
775867,58
775940,76
775967,74
775995,66
776004,59
776013,73
776014,45
776019,76
776030,63
776078,81
776095,63
776109,49
776162,74
776196,49
776238,88
776281,61
776290,49
776346,90
776348,79
776360,58
776416,68
776439,64
776514,71
776544,60
776549,81
776570,62
776579,84
776590,51
776610,36
776639,51
776694,112
776702,31
776742,38
776762,64
776783,47
776820,52
776837,51
776838,80
776843,61
776859,48
776885,33
776913,89
776918,53
776919,73
776930,58
776966,87
776967,41
776995,55
777013,98
777029,49
777035,56
777059,36
777100,91
777134,86
777153,62
777174,39
777233,86
777240,77
777256,85
777286,59
777305,55
777355,49
777385,57
777386,70
777418,43
777428,82
777470,86
777471,64
777510,58
777511,71
777574,80
777627,47
777634,78
777639,44
777669,75
777670,74
777718,66
777719,42
777767,57
777786,79
777816,82
777859,48
777860,61
777871,50
777885,55
777910,53
777929,68
777956,10
777957,50
777961,111
777965,61
777970,61
777979,73
778002,44
778005,50
778019,50
778070,84
778079,61
778083,44
778084,22
778140,82
778192,74
778233,58
778238,65
778252,53
778271,76
778302,58
778310,55
778325,69
778327,42
778335,102
778337,33
778369,82
778375,56
778383,88
778411,79
778538,76
778623,66
778637,33
778643,47
778660,41
778662,73
778680,60
778682,50
778695,74
778714,50
778715,73
778734,57
778743,82
778747,52
778788,67
778816,47
778839,55
778867,58
778906,79
778911,48
778912,36
778916,86
778970,38
778986,79
778991,60
778996,47
779011,70
779038,51
779040,26
779044,35
779070,64
779078,27
779080,82
779128,56
779144,33
779228,56
779229,62
779243,40
779244,38
779298,80
779300,46
779330,73
779356,69
779365,95
779388,32
779394,51
779443,69
779448,54
779507,66
779510,57
779515,74
779529,90
779532,83
779544,76
779603,67
779606,60
779610,66
779648,60
779665,78
779700,73
779707,35
779722,46
779725,80
779731,64
779775,67
779781,73
779797,66
779802,46
779827,81
779845,56
779923,61
779926,86
779975,65
779989,75
780095,45
780125,63
780171,77
780174,60
780182,73
780264,53
780265,85
780269,44
780291,81
780341,74
780359,85
780366,56
780368,92
780381,70
780382,73
780387,85
780391,47
780425,76
780452,82
780476,98
780512,74
780545,78
780584,57
780585,57
780587,64
780597,67
780614,42
780631,87
780633,72
780635,91
780643,42
780649,60
780653,55
780679,38
780683,79
780696,57
780756,77
780782,61
780783,83
780820,51
780829,38
780843,85
780894,29
780947,80
780952,59
780958,65
780994,80
781002,95
781008,90
781012,48
781042,78
781058,77
781062,14
781077,101
781081,73
781110,55
781139,70
781159,63
781161,43
781162,62
781173,54
781183,82
781193,64
781195,62
781231,78
781300,77
781303,35
781335,41
781363,36
781383,60
781384,58
781385,44
781436,70
781481,52
781508,28
781521,72
781547,84
781587,44
781588,38
781600,81
781643,65
781648,110
781682,73
781695,68
781716,7
781742,63
781760,81
781761,79
781782,34
781788,81
781871,66
781899,56
781921,74
781929,60
781940,71
781951,82
781988,72
781991,36
782000,86
782001,59
782015,62
782061,46
782069,61
782070,89
782118,43
782149,36
782176,41
782177,62
782219,74
782224,29
782269,79
782275,35
782276,66
782293,97
782317,39
782346,36
782376,60
782410,57
782439,29
782444,59
782445,45
782450,23
782456,31
782477,66
782503,46
782504,73
782513,92
782518,110
782547,83
782549,77
782592,68
782603,45
782604,60
782679,56
782681,59
782746,38
782760,41
782889,80
782890,61
782914,80
782955,38
782965,71
782986,56
782989,56
782998,56
783059,41
783109,59
783142,58
783168,73
783193,86
783203,75
783251,86
783252,58
783287,55
783338,62
783339,68
783365,41
783385,42
783425,63
783451,62
783469,54
783471,70
783501,56
783513,58
783515,82
783520,72
783539,55
783540,64
783550,70
783551,68
783563,107
783638,35
783663,62
783688,42
783743,36
783779,70
783796,81
783851,76
783879,76
783881,40
783908,80
783910,63
784066,62
784085,43
784091,49
784093,49
784135,89
784173,96
784193,46
784229,62
784231,51
784266,62
784267,52
784269,67
784282,72
784300,40
784312,37
784320,83
784342,41
784343,91
784350,56
784391,79
784417,99
784468,53
784476,66
784508,55
784524,28
784529,90
784596,58
784626,70
784631,80
784701,48
784735,53
784738,37
784739,64
784765,54
784777,54
784779,55
784788,52
784818,51
784834,50
784880,60
784907,45
784912,73
784946,58
784963,64
784978,46
785021,52
785132,86
785140,64
785171,41
785184,39
785185,61
785187,44
785194,57
785231,69
785250,65
785268,63
785285,53
785301,80
785324,90
785347,91
785359,38
785391,45
785392,74
785416,57
785450,55
785479,71
785528,46
785556,96
785580,71
785585,46
785621,102
785660,73
785705,72
785718,58
785730,74
785747,88
785764,60
785774,51
785813,58
785877,30
785892,81
785896,40
785918,66
785941,58
785961,63
785981,39
785989,83
786038,73
786045,84
786047,51
786048,81
786054,94
786083,80
786110,48
786137,47
786180,47
786194,61
786198,1
786207,72
786209,49
786257,75
786280,69
786292,65
786298,81
786299,49
786304,47
786328,42
786337,84
786345,53
786390,64
786398,56
786405,57
786417,65
786433,72
786441,49
786473,86
786486,30
786512,69
786514,57
786563,85
786571,65
786608,51
786655,28
786712,61
786741,63
786748,40
786775,79
786803,71
786814,51
786832,80
786844,72
786846,60
786848,40
786852,64
786873,70
786880,70
786888,46
786909,76
786910,44
786920,75
786934,22
786944,46
786969,45
787006,42
787017,67
787094,92
787125,67
787169,73
787179,87
787199,54
787219,78
787232,76
787244,46
787268,53
787290,45
787362,47
787376,51
787406,81
787417,54
787432,74
787450,73
787481,92
787503,95
787527,61
787534,17
787535,42
787538,75
787550,34
787568,75
787572,68
787583,74
787584,53
787591,37
787621,31
787622,53
787631,86
787635,57
787655,56
787673,46
787714,35
787734,51
787746,56
787771,97
787773,69
787787,88
787821,75
787858,80
787859,59
787871,61
787882,73
787889,53
787908,93
787929,89
787956,59
788049,35
788060,73
788121,71
788126,65
788142,61
788143,70
788144,58
788149,65
788184,97
788185,76
788201,59
788222,57
788231,66
788254,15
788261,57
788281,51
788302,68
788344,50
788400,69
788410,85
788421,90
788439,68
788440,62
788523,65
788564,37
788576,21
788594,46
788616,57
788618,52
788701,57
788714,65
788716,38
788745,61
788771,40
788786,51
788795,86
788806,54
788826,36
788831,66
788834,50
788856,63
788899,62
788922,49
788936,73
788958,88
788965,67
788996,46
789002,50
789003,42
789040,53
789110,80
789128,103
789144,51
789153,58
789154,52
789164,65
789192,45
789237,61
789243,60
789250,74
789277,71
789289,58
789310,68
789315,96
789385,52
789387,45
789393,41
789460,83
789462,78
789518,72
789521,82
789540,92
789549,84
789570,40
789585,58
789596,39
789657,56
789659,69
789681,57
789759,59
789785,62
789789,66
789790,68
789792,103
789802,59
789950,48
789985,61
790008,50
790028,34
790039,52
790070,74
790073,32
790074,79
790084,41
790112,34
790114,65
790129,87
790134,27
790138,98
790140,44
790150,88
790191,75
790243,72
790246,26
790303,45
790365,42
790367,58
790376,33
790378,60
790386,44
790455,46
790457,41
790466,80
790515,52
790529,51
790530,68
790543,113
790544,35
790556,70
790582,46
790600,55
790621,64
790636,58
790637,55
790656,98
790691,80
790704,48
790767,61
790769,63
790824,72
790833,51
790835,49
790837,30
790839,70
790912,74
790926,83
790934,50
790937,69
790938,49
790999,44
791012,98
791035,41
791036,85
791045,71
791111,40
791162,56
791183,44
791184,39
791187,59
791217,63
791224,32
791246,55
791247,49
791255,54
791308,43
791313,30
791325,70
791326,55
791327,80
791374,45
791386,66
791394,35
791431,96
791511,73
791585,38
791615,59
791681,88
791699,36
791721,57
791771,45
791777,34
791830,75
791869,88
791871,49
791939,78
791943,48
791944,40
791996,48
792016,45
792022,58
792045,55
792076,42
792089,65
792110,59
792122,60
792138,77
792139,83
792220,100
792226,62
792228,28
792274,91
792310,87
792374,76
792392,64
792414,40
792429,80
792485,54
792507,68
792574,46
792585,53
792600,78
792612,68
792613,56
792630,77
792632,60
792660,62
792729,80
792740,93
792743,44
792779,53
792789,56
792843,55
792849,51
792855,61
792914,67
792948,51
792969,55
792978,64
792989,60
792994,76
793013,45
793028,51
793029,75
793030,77
793043,89
793087,71
793100,54
793126,74
793148,68
793166,76
793185,34
793196,72
793212,68
793245,41
793255,78
793284,53
793318,83
793326,59
793368,49
793392,50
793403,33
793407,105
793415,92
793419,103
793428,69
793440,59
793447,40
793523,28
793532,42
793591,91
793623,71
793635,60
793643,50
793655,49
793661,73
793676,52
793682,69
793689,75
793691,46
793697,77
793711,57
793717,52
793758,58
793811,82
793859,76
793860,47
793917,38
793963,45
794010,94
794028,56
794033,64
794058,29
794153,73
794167,71
794203,79
794211,70
794213,64
794215,77
794233,47
794236,89
794255,62
794271,59
794273,25
794306,41
794317,50
794322,82
794375,75
794412,51
794458,59
794471,62
794503,99
794505,41
794527,78
794532,55
794606,68
794615,108
794620,88
794636,77
794683,38
794684,87
794733,62
794739,46
794752,54
794760,59
794786,35
794824,72
794838,97
794852,47
794857,76
794860,52
794927,42
794969,47
794978,49
794986,95
795023,50
795058,70
795085,27
795088,47
795127,80
795146,89
795193,91
795210,87
795246,92
795298,45
795333,70
795373,68
795378,64
795407,68
795448,58
795467,61
795476,38
795500,56
795515,68
795516,56
795517,49
795529,60
795534,69
795544,66
795567,66
795579,56
795599,59
795640,60
795702,20
795736,79
795764,56
795789,61
795826,62
795837,65
795861,60
795900,73
795901,42
795903,56
795920,61
795924,67
795963,82
795973,56
795996,81
796004,50
796052,64
796064,59
796065,86
796120,42
796144,55
796216,49
796219,46
796226,62
796281,65
796284,57
796293,61
796294,45
796306,69
796311,55
796336,47
796365,55
796410,47
796439,86
796453,67
796459,33
796469,69
796473,49
796490,63
796566,27
796567,67
796569,52
796572,51
796595,71
796643,62
796654,83
796691,46
796718,54
796756,77
796838,89
796843,97
796844,64
796883,48
796891,91
796962,64
796988,32
796995,30
797008,57
797009,72
797012,75
797037,58
797039,62
797050,93
797055,37
797057,56
797068,86
797096,49
797106,57
797116,72
797141,58
797166,50
797206,104
797250,73
797265,99
797268,36
797279,63
797288,91
797311,73
797330,47
797337,71
797339,43
797345,51
797380,51
797390,52
797405,53
797413,34
797444,75
797449,62
797486,66
797513,48
797533,66
797536,64
797565,74
797569,37
797597,50
797606,58
797625,58
797637,97
797656,73
797660,75
797671,47
797680,80
797686,64
797695,52
797697,43
797740,35
797742,53
797776,66
797788,65
797792,32
797793,67
797794,66
797803,83
797810,51
797817,72
797824,64
797853,96
797864,57
797867,66
797877,67
797895,99
797958,80
797988,24
798009,68
798026,37
798066,63
798094,45
798134,67
798167,60
798196,47
798197,61
798204,63
798251,30
798290,61
798304,71
798334,72
798361,72
798363,96
798364,83
798402,69
798444,68
798459,94
798465,49
798476,54
798492,67
798520,58
798534,43
798551,44
798623,80
798633,82
798641,90
798678,82
798746,50
798762,63
798779,77
798794,63
798797,59
798813,54
798849,64
798853,34
798912,56
798917,46
798918,83
798955,35
798960,50
798970,53
798981,70
798984,112
799036,38
799058,90
799082,28
799123,52
799157,74
799188,37
799210,64
799215,94
799277,39
799281,55
799332,64
799350,50
799430,25
799454,59
799474,70
799498,59
799514,65
799515,63
799552,71
799570,28
799596,74
799597,64
799610,65
799620,79
799645,86
799647,51
799665,75
799678,58
799709,73
799725,61
799740,47
799744,30
799774,75
799795,61
799803,59
799843,70
799889,72
799890,57
799912,62
799913,63
799943,46
799975,45
799986,62
800006,43
800021,77
800068,52
800080,43
800169,53
800170,71
800182,81
800217,72
800258,38
800291,104
800296,85
800314,60
800322,49
800361,52
800376,68
800412,67
800419,70
800478,79
800493,77
800501,95
800505,42
800524,54
800561,42
800586,85
800620,65
800626,26
800674,72
800706,74
800723,62
800731,58
800768,35
800775,80
800817,56
800853,51
800894,46
800929,66
800939,76
800940,64
800972,68
800992,53
801015,83
801062,80
801108,75
801129,79
801203,63
801211,55
801256,93
801341,63
801342,33
801362,50
801408,66
801451,14
801466,90
801483,86
801549,35
801611,56
801622,58
801647,49
801648,61
801651,83
801687,51
801700,37
801707,66
801717,51
801727,75
801732,71
801733,59
801737,59
801783,98
801896,85
801925,69
801979,66
802031,64
802053,65
802087,33
802109,67
802131,54
802159,47
802218,52
802221,83
802263,39
802264,84
802298,65
802311,67
802318,54
802321,72
802352,64
802357,65
802382,76
802383,39
802402,78
802405,47
802420,51
802446,40
802453,29
802454,48
802496,28
802506,83
802537,69
802569,57
802588,68
802612,63
802623,62
802645,56
802646,45
802674,34
802684,53
802691,43
802770,44
802780,60
802822,73
802838,82
802878,88
802953,73
802959,68
802974,57
803024,46
803064,42
803065,85
803075,81
803081,70
803130,63
803148,85
803149,38
803153,17
803174,24
803193,81
803246,74
803273,76
803293,54
803321,61
803387,50
803399,69
803400,65
803410,35
803416,82
803434,59
803443,59
803458,92
803473,53
803474,70
803482,51
803494,71
803525,82
803538,57
803548,97
803550,54
803584,86
803618,69
803628,81
803645,38
803654,69
803714,43
803741,12
803745,92
803761,98
803765,60
803774,91
803780,68
803819,61
803839,42
803842,86
803868,90
803950,56
803981,35
804024,45
804061,82
804101,79
804108,99
804121,63
804226,49
804248,68
804293,58
804352,72
804354,73
804362,73
804364,72
804377,54
804420,70
804430,71
804444,61
804489,60
804556,75
804574,35
804590,47
804628,50
804639,75
804641,58
804687,69
804688,51
804694,47
804707,44
804777,64
804893,91
804987,78
804988,31
805023,109
805027,70
805028,52
805029,60
805111,37
805121,63
805129,57
805136,43
805154,77
805162,45
805164,76
805178,50
805179,70
805252,74
805262,69
805357,78
805383,35
805402,30
805409,48
805456,63
805490,55
805577,100
805589,67
805601,28
805614,65
805686,59
805704,113
805711,53
805770,54
805771,71
805774,58
805776,76
805778,58
805792,48
805828,57
805832,69
805842,22
805856,60
805890,60
805905,78
805906,18
805955,77
805974,51
805982,50
806058,57
806079,39
806131,44
806147,57
806153,92
806180,73
806181,69
806203,48
806206,46
806212,100
806213,46
806246,61
806278,40
806322,52
806346,38
806386,63
806387,82
806396,90
806397,73
806398,56
806429,69
806430,23
806443,40
806452,49
806489,59
806500,88
806530,101
806531,84
806546,94
806559,74
806571,63
806574,101
806621,90
806623,69
806626,62
806632,45
806633,78
806639,54
806644,36
806673,59
806682,49
806694,63
806706,51
806722,89
806736,32
806740,59
806741,49
806748,38
806749,67
806754,45
806762,69
806785,95
806789,60
806830,67
806831,71
806903,43
806916,45
806954,82
806960,97
807005,70
807007,44
807037,64
807073,81
807089,28
807127,58
807161,84
807173,85
807193,64
807245,67
807251,19
807266,69
807331,74
807339,47
807368,89
807369,83
807444,92
807451,80
807459,58
807484,60
807500,63
807508,50
807515,59
807535,58
807541,40
807555,64
807563,53
807580,95
807603,31
807640,68
807646,80
807652,65
807735,76
807738,83
807758,70
807816,36
807838,67
807853,94
807879,44
807891,43
807991,67
807993,59
807995,76
807996,42
808023,47
808044,38
808050,22
808060,89
808077,44
808103,82
808140,75
808154,58
808188,53
808226,61
808234,73
808328,44
808331,74
808332,46
808347,71
808366,91
808372,58
808382,75
808384,88
808406,42
808438,69
808452,61
808454,74
808465,23
808492,86
808495,89
808504,51
808523,59
808563,66
808571,52
808573,63
808590,82
808617,68
808635,47
808670,71
808716,39
808721,53
808727,102
808738,54
808741,41
808744,75
808757,57
808764,34
808782,35
808828,48
808885,67
808905,103
808914,51
808924,59
808927,67
808953,77
808974,81
809022,59
809025,48
809096,54
809123,46
809131,18
809143,100
809153,57
809169,28
809174,85
809232,76
809255,70
809264,56
809270,71
809273,49
809319,43
809324,49
809328,50
809347,34
809373,76
809404,84
809455,94
809495,71
809505,49
809526,54
809528,55
809549,46
809573,69
809588,58
809621,78
809656,52
809767,39
809803,65
809840,77
809858,54
809859,68
809860,69
809913,92
809948,72
809968,33
809973,69
810034,47
810098,48
810103,33
810129,46
810137,37
810138,48
810143,84
810158,79
810186,91
810188,46
810218,59
810290,92
810291,60
810314,65
810325,69
810337,61
810414,52
810417,66
810509,70
810514,55
810531,64
810593,48
810619,20
810641,23
810643,43
810644,84
810661,74
810693,54
810696,44
810701,85
810703,41
810742,69
810762,77
810772,64
810784,53
810789,45
810793,50
810843,26
810860,34
810867,51
810875,93
810880,71
810908,66
810947,79
810958,48
810968,71
810994,76
811002,70
811098,65
811101,56
811125,29
811138,97
811148,78
811173,63
811175,57
811185,70
811189,72
811195,35
811205,77
811206,61
811208,55
811242,53
811258,71
811270,90
811288,69
811294,41
811310,82
811339,58
811348,39
811354,49
811371,55
811382,65
811403,80
811405,46
811439,54
811464,25
811466,64
811470,70
811486,67
811504,59
811505,61
811512,40
811524,52
811556,70
811602,64
811626,66
811637,37
811666,22
811671,62
811734,103
811772,45
811776,77
811791,78
811820,46
811838,59
811844,54
811850,49
811851,47
811907,52
811920,62
811966,43
812014,98
812026,64
812061,64
812072,50
812094,58
812119,7
812122,46
812137,47
812139,65
812140,42
812162,68
812166,39
812188,63
812246,80
812267,65
812270,80
812290,75
812291,68
812339,63
812341,69
812365,84
812388,45
812392,71
812394,62
812406,52
812411,92
812417,57
812464,52
812482,47
812498,84
812499,66
812516,75
812526,81
812548,59
812596,16
812597,48
812619,68
812644,22
812645,48
812647,42
812661,32
812672,56
812675,73
812709,81
812714,55
812715,65
812717,59
812722,38
812728,63
812731,70
812736,79
812765,51
812775,65
812810,54
812892,92
812950,88
812972,43
812989,53
812996,91
813044,65
813056,70
813086,24
813112,75
813116,71
813177,82
813186,81
813229,59
813272,50
813295,46
813300,76
813342,40
813343,93
813356,46
813369,62
813371,62
813382,66
813383,30
813510,33
813530,82
813540,74
813566,72
813570,83
813575,63
813584,53
813594,31
813661,48
813718,99
813727,37
813751,52
813760,26
813765,78
813767,52
813780,62
813790,55
813812,39
813823,73
813836,48
813909,80
813925,50
813955,45
813977,79
813981,46
813995,45
814007,46
814012,88
814051,75
814096,82
814119,69
814123,55
814172,47
814241,64
814252,65
814258,13
814323,90
814341,61
814356,39
814438,56
814462,55
814474,39
814476,49
814502,58
814503,85
814525,83
814551,63
814552,47
814557,72
814608,85
814624,60
814734,55
814767,51
814846,72
814874,73
814897,35
814915,78
814969,64
815013,74
815089,39
815120,40
815124,68
815127,17
815130,71
815133,61
815143,56
815157,28
815159,64
815178,80
815248,62
815267,88
815300,70
815306,75
815330,99
815340,50
815380,42
815381,51
815405,69
815443,63
815454,80
815457,73
815528,58
815544,58
815546,59
815563,46
815586,70
815613,58
815637,65
815677,99
815680,73
815712,73
815737,82
815755,65
815760,51
815772,93
815795,57
815800,46
815812,30
815815,57
815835,35
815848,72
815860,66
815896,40
815897,75
815937,63
815946,84
816006,60
816007,63
816073,67
816086,26
816106,52
816129,53
816130,65
816131,42
816151,42
816170,92
816172,74
816223,63
816226,75
816235,42
816237,66
816240,74
816249,73
816264,30
816297,72
816305,65
816319,82
816350,90
816357,47
816358,80
816366,60
816370,69
816372,52
816391,47
816430,80
816448,51
816467,78
816485,72
816511,59
816516,47
816519,68
816545,89
816552,76
816564,45
816578,72
816581,92
816607,77
816621,33
816622,53
816625,55
816674,55
816698,70
816701,84
816730,95
816731,36
816732,69
816742,79
816761,57
816798,54
816843,75
816874,52
816878,62
816911,60
816912,76
816923,80
816933,76
816944,55
816970,78
817016,76
817024,33
817027,53
817037,92
817044,41
817051,55
817130,46
817143,58
817146,71
817157,79
817158,25
817165,42
817166,49
817173,83
817198,56
817203,85
817252,77
817288,68
817297,59
817325,23
817363,40
817382,58
817401,41
817404,46
817413,77
817415,43
817436,63
817481,40
817485,74
817503,28
817574,79
817579,51
817583,63
817598,47
817601,73
817608,68
817620,40
817621,42
817640,51
817684,88
817687,54
817731,63
817735,80
817745,56
817754,56
817755,51
817799,90
817847,67
817880,65
817886,63
817893,19
817896,38
817929,83
817939,41
817947,90
817977,71
818000,31
818044,77
818049,67
818050,39
818054,49
818084,76
818089,39
818090,70
818091,44
818098,54
818139,67
818143,63
818144,40
818146,76
818184,43
818192,66
818214,82
818246,32
818254,52
818263,52
818282,39
818294,76
818320,71
818342,94
818348,48
818358,12
818374,83
818378,37
818386,72
818392,59
818429,76
818431,63
818438,58
818450,14
818535,64
818538,96
818540,68
818557,44
818580,23
818598,65
818641,89
818672,56
818717,42
818774,56
818811,62
818812,56
818830,66
818836,39
818858,69
818865,77
818909,74
818929,52
818930,52
818941,44
818956,43
818957,64
818976,88
819005,58
819012,63
819030,73
819037,53
819041,47
819053,56
819058,76
819136,67
819157,22
819203,74
819213,31
819225,102
819252,89
819258,67
819287,42
819315,60
819341,55
819374,55
819391,65
819407,69
819415,40
819433,72
819497,32
819500,64
819508,65
819522,60
819577,53
819595,49
819600,81
819640,40
819647,82
819668,88
819671,55
819677,39
819698,72
819706,85
819720,55
819728,46
819781,49
819783,63
819838,63
819884,98
819886,43
819930,69
819933,80
819958,69
819996,49
820009,47
820037,61
820047,70
820048,71
820094,61
820122,55
820152,28
820165,86
820240,72
820261,78
820282,67
820319,72
820355,81
820359,62
820385,60
820454,63
820456,111
820489,56
820491,93
820569,68
820575,72
820585,69
820595,50
820619,52
820632,50
820647,49
820658,112
820667,29
820673,65
820715,53
820722,73
820731,66
820855,72
820859,32
820870,59
820909,34
820985,43
821012,56
821014,32
821034,45
821037,79
821050,78
821071,34
821072,58
821089,69
821110,80
821142,61
821208,48
821248,40
821273,91
821294,67
821330,35
821339,70
821340,86
821357,72
821382,54
821408,67
821455,47
821466,74
821485,77
821528,22
821532,50
821543,47
821558,69
821579,86
821600,66
821629,77
821665,57
821704,46
821708,68
821741,32
821765,43
821784,50
821785,47
821855,50
821856,49
821886,30
821932,54
821943,71
821964,65
821983,43
822017,83
822023,59
822024,25
822038,28
822056,87
822118,71
822135,76
822199,63
822204,61
822215,47
822235,80
822242,76
822261,79
822262,38
822283,25
822287,73
822324,63
822340,70
822353,86
822411,71
822419,82
822433,82
822450,57
822486,35
822517,76
822523,71
822545,61
822577,50
822585,56
822594,94
822609,64
822616,48
822649,51
822650,56
822667,75
822680,75
822681,69
822704,69
822720,64
822818,51
822820,29
822821,51
822823,92
822825,73
822844,67
822846,59
822873,58
823031,80
823080,26
823121,71
823135,69
823141,83
823144,80
823153,56
823173,51
823210,48
823222,62
823292,81
823305,52
823320,75
823334,74
823349,53
823356,78
823383,80
823394,98
823400,71
823432,75
823438,49
823459,71
823466,63
823487,39
823496,53
823527,57
823533,80
823558,57
823594,33
823600,90
823605,69
823639,45
823653,45
823684,83
823719,68
823743,43
823748,47
823759,46
823780,69
823825,46
823827,65
823832,50
823847,68
823868,52
823874,81
823875,64
823890,31
823906,65
823907,77
823985,47
823998,79
824032,53
824038,82
824039,48
824046,51
824075,54
824089,38
824143,57
824144,41
824156,63
824157,71
824161,73
824186,65
824201,33
824312,48
824321,59
824329,56
824360,76
824379,50
824390,52
824453,51
824467,72
824491,65
824511,56
824514,43
824515,82
824557,86
824574,55
824575,38
824579,75
824631,61
824655,43
824659,78
824688,76
824705,96
824716,73
824724,85
824741,72
824751,53
824762,53
824788,56
824797,78
824810,97
824905,68
824974,54
825010,94
825018,51
825023,73
825025,66
825026,64
825027,41
825032,27
825114,45
825124,78
825125,53
825166,38
825185,48
825194,46
825195,49
825206,72
825234,84
825274,46
825331,46
825415,54
825466,91
825501,78
825510,85
825522,66
825541,51
825567,51
825592,49
825623,67
825691,68
825788,52
825823,74
825859,83
825864,59
825916,61
825919,71
825940,56
825958,63
825967,52
826000,49
826043,39
826059,60
826094,66
826106,80
826107,37
826110,49
826116,73
826117,51
826130,30
826185,72
826186,66
826214,65
826236,56
826244,58
826316,51
826327,57
826336,54
826353,65
826376,20
826408,40
826472,61
826500,59
826521,62
826557,51
826569,81
826597,39
826609,55
826610,38
826614,32
826623,47
826637,74
826654,58
826671,80
826677,61
826733,48
826737,66
826771,73
826788,44
826810,63
826823,43
826825,64
826852,78
826859,44
826865,49
826895,67
826945,62
826946,58
826957,55
826987,66
826997,53
827033,71
827062,74
827124,46
827130,98
827175,70
827190,58
827199,88
827208,66
827237,62
827242,81
827261,78
827267,67
827268,55
827275,95
827286,31
827308,55
827362,76
827398,56
827416,55
827441,74
827449,50
827462,63
827513,68
827531,65
827535,79
827539,43
827683,48
827743,78
827799,101
827827,57
827878,58
827907,91
827914,51
827932,40
827967,65
827976,66
827983,54
828021,100
828024,74
828025,73
828055,43
828058,61
828061,77
828085,63
828112,57
828142,45
828143,98
828158,60
828192,75
828199,52
828209,52
828213,67
828229,25
828238,48
828259,81
828359,78
828378,77
828385,64
828396,97
828419,50
828462,64
828515,52
828517,60
828565,80
828567,34
828657,86
828694,64
828739,67
828744,65
828824,45
828834,65
828854,59
828872,71
828892,69
828906,68
828908,78
828920,88
828956,73
828981,51
828998,73
829025,21
829029,33
829042,100
829046,66
829056,88
829063,78
829081,61
829122,41
829123,30
829128,61
829129,38
829147,49
829178,66
829210,34
829259,64
829283,69
829285,48
829300,62
829330,42
829335,66
829346,73
829363,55
829380,43
829414,74
829426,53
829433,57
829459,46
829462,55
829476,54
829484,58
829548,49
829573,68
829611,48
829673,56
829697,61
829698,58
829720,31
829739,67
829793,80
829811,63
829813,54
829841,50
829848,75
829890,78
829892,69
829900,37
829907,69
829923,50
829952,60
829970,53
830026,76
830054,48
830056,61
830068,87
830070,55
830220,77
830235,49
830250,78
830310,59
830317,53
830326,56
830339,40
830366,51
830372,47
830406,91
830414,41
830441,47
830442,67
830466,46
830490,73
830512,44
830515,71
830585,58
830590,43
830598,87
830634,75
830635,50
830700,49
830729,60
830771,80
830775,50
830840,31
830857,40
830870,72
830875,38
830892,26
830894,52
830946,88
830967,53
830978,29
831005,96
831034,51
831057,45
831060,46
831077,67
831112,54
831139,37
831146,57
831173,99
831176,57
831187,54
831201,72
831237,59
831262,36
831289,55
831305,75
831313,92
831322,79
831329,66
831340,66
831342,70
831344,72
831360,78
831368,72
831374,70
831383,43
831385,21
831418,63
831439,71
831459,67
831493,77
831494,67
831525,25
831555,47
831645,62
831686,65
831723,72
831724,52
831745,21
831806,44
831836,61
831845,84
831850,34
831880,52
831881,58
831882,38
831913,64
832005,72
832019,41
832030,95
832043,88
832059,48
832061,69
832146,84
832158,44
832167,67
832169,116
832172,26
832189,35
832259,68
832264,83
832265,95
832274,42
832296,83
832298,44
832338,51
832342,99
832375,39
832406,48
832413,56
832414,37
832416,77
832431,66
832436,42
832455,65
832474,47
832533,79
832551,76
832565,19
832588,71
832600,67
832604,52
832646,56
832677,89
832709,32
832717,75
832734,37
832746,44
832780,58
832794,57
832797,32
832808,26
832819,72
832827,53
832835,87
832894,59
832915,78
832928,55
832934,42
832955,52
832971,76
832984,60
832988,75
832997,60
833000,56
833037,66
833041,92
833131,54
833156,55
833223,39
833280,52
833306,56
833313,49
833330,50
833351,49
833385,66
833387,16
833410,63
833435,35
833469,88
833486,61
833502,49
833616,28
833648,77
833650,70
833679,50
833706,81
833722,98
833734,51
833735,68
833742,65
833758,64
833765,69
833776,58
833792,95
833805,66
833811,55
833822,69
833833,64
833897,60
833905,67
833937,38
833944,90
833991,73
834025,53
834038,66
834083,79
834110,53
834142,55
834145,28
834182,40
834189,46
834219,84
834247,45
834255,59
834287,62
834341,67
834380,60
834397,68
834419,55
834440,49
834478,56
834494,82
834510,75
834538,72
834542,47
834549,93
834567,91
834602,48
834641,56
834666,51
834697,59
834719,78
834720,71
834725,50
834729,66
834802,43
834803,43
834835,68
834850,40
834867,66
834871,45
834882,56
834901,71
834933,62
834983,51
835000,109
835008,70
835015,61
835040,38
835042,47
835046,59
835079,90
835081,47
835102,94
835113,48
835126,88
835141,72
835214,58
835215,70
835292,59
835377,48
835401,51
835447,67
835467,59
835471,63
835494,61
835558,40
835638,35
835660,53
835696,87
835697,84
835706,93
835711,59
835717,39
835755,81
835789,63
835809,44
835811,76
835821,71
835830,63
835869,58
835904,12
835905,70
835955,78
835957,30
835967,63
835986,33
835996,46
836000,105
836007,54
836010,79
836030,56
836047,54
836056,38
836095,40
836113,79
836126,57
836131,76
836151,25
836165,44
836179,61
836233,76
836234,70
836238,61
836245,33
836276,81
836282,54
836314,50
836315,55
836336,55
836364,74
836367,67
836427,52
836432,47
836440,59
836441,40
836444,63
836453,53
836529,34
836530,76
836566,89
836588,29
836613,48
836641,55
836642,46
836661,62
836700,70
836734,44
836750,75
836762,64
836798,85
836823,66
836852,98
836911,64
836949,61
836950,64
836951,62
836969,53
836985,62
837028,78
837060,39
837119,63
837130,80
837136,43
837151,88
837157,64
837193,19
837210,50
837216,74
837236,60
837258,77
837277,72
837302,89
837327,6
837342,64
837343,42
837358,57
837373,58
837374,74
837407,89
837424,94
837425,91
837443,71
837444,83
837456,64
837468,35
837491,108
837502,63
837556,86
837603,79
837606,63
837633,57
837655,86
837688,43
837716,64
837754,69
837768,45
837782,42
837803,40
837821,41
837823,69
837848,37
837866,53
837883,67
837943,90
837950,53
838103,60
838105,78
838116,48
838133,25
838141,56
838170,40
838222,43
838229,68
838265,101
838266,53
838268,72
838283,46
838315,90
838329,51
838373,41
838399,62
838406,95
838417,16
838427,82
838474,73
838482,86
838497,86
838503,49
838506,36
838536,58
838626,69
838630,101
838657,61
838689,91
838723,62
838750,46
838751,40
838765,14
838778,87
838804,75
838825,73
838832,70
838839,79
838852,39
838853,51
838858,53
838895,66
838910,66
838945,46
838978,63
839019,79
839070,35
839074,52
839191,54
839194,75
839198,62
839199,68
839218,45
839226,77
839227,57
839230,58
839287,43
839309,60
839314,70
839324,57
839335,31
839366,68
839411,44
839468,97
839498,67
839525,76
839591,45
839607,56
839653,63
839698,49
839705,67
839727,60
839728,42
839732,77
839748,55
839749,75
839765,31
839792,39
839811,41
839849,34
839910,47
839913,72
839915,52
839916,19
839959,61
840025,77
840123,70
840124,82
840131,48
840145,88
840149,65
840221,45
840222,59
840230,36
840244,56
840262,64
840265,85
840293,78
840311,36
840315,20
840316,58
840346,67
840413,65
840431,60
840446,51
840465,81
840474,63
840491,73
840581,47
840618,65
840640,91
840641,57
840648,49
840662,45
840706,63
840750,52
840751,58
840758,40
840768,71
840823,36
840840,47
840851,75
840894,87
840918,56
840923,67
840945,70
840946,75
840955,36
840962,81
841011,50
841018,84
841028,47
841067,104
841097,38
841104,47
841130,54
841156,38
841168,110
841184,88
841213,86
841238,41
841249,37
841253,26
841258,11
841331,63
841338,56
841348,47
841355,28
841410,38
841451,42
841487,89
841497,57
841498,32
841504,16
841505,68
841508,28
841515,97
841564,47
841598,77
841615,58
841643,56
841646,76
841647,55
841673,54
841689,72
841767,53
841818,77
841930,59
841931,29
841947,67
841979,27
841989,58
842090,55
842093,41
842112,65
842119,44
842122,20
842159,88
842165,36
842172,85
842173,55
842181,58
842196,53
842217,41
842296,67
842298,79
842317,58
842331,63
842342,69
842396,67
842428,52
842458,61
842478,70
842500,46
842510,55
842520,54
842523,53
842529,52
842542,79
842544,75
842565,76
842570,84
842575,69
842599,56
842614,45
842616,47
842617,78
842641,78
842644,65
842681,65
842705,22
842712,59
842734,39
842757,53
842783,50
842802,79
842827,49
842918,34
842958,51
842980,69
842983,58
843046,41
843050,54
843055,71
843109,50
843149,78
843216,53
843225,69
843262,80
843306,61
843317,74
843341,65
843343,54
843344,50
843356,64
843371,80
843388,49
843398,50
843413,97
843420,55
843439,104
843440,77
843449,55
843494,75
843497,59
843536,68
843553,64
843559,36
843568,58
843575,87
843622,14
843627,64
843659,68
843742,58
843752,59
843760,75
843798,69
843861,74
843999,12
844036,32
844067,77
844088,86
844089,59
844091,27
844098,50
844124,55
844154,76
844221,95
844227,59
844243,90
844258,26
844279,62
844344,37
844352,67
844379,21
844399,53
844459,53
844486,42
844506,107
844514,39
844522,72
844544,76
844558,44
844562,41
844642,51
844647,68
844648,68
844658,51
844660,47
844678,90
844681,71
844689,51
844701,58
844727,76
844729,62
844730,50
844772,47
844777,90
844783,81
844791,77
844820,48
844847,79
844851,31
844859,67
844870,64
844918,108
844926,36
844944,60
844988,40
845002,92
845003,39
845032,65
845054,44
845055,71
845061,67
845098,82
845105,57
845116,78
845136,47
845138,25
845194,44
845261,80
845347,69
845360,59
845374,96
845414,83
845424,76
845429,92
845443,55
845444,79
845445,50
845446,55
845485,65
845491,55
845527,66
845548,62
845588,71
845620,65
845680,50
845695,55
845705,37
845712,73
845743,60
845771,92
845783,72
845837,41
845851,44
845871,58
845872,71
845885,77
845894,43
845979,48
846002,74
846006,56
846015,64
846028,50
846046,63
846082,43
846096,80
846102,47
846141,71
846148,58
846175,66
846180,42
846186,57
846202,25
846336,91
846350,50
846356,51
846359,38
846425,43
846481,46
846546,20
846573,51
846592,77
846628,40
846634,38
846671,57
846688,76
846705,42
846713,71
846729,19
846732,65
846750,93
846759,68
846809,52
846814,85
846815,40
846846,54
846886,55
846887,65
846906,76
846924,42
846930,93
846947,84
846948,60
846959,28
846969,66
846979,49
846996,55
846999,46
847047,39
847053,94
847056,53
847116,73
847130,83
847141,24
847142,45
847148,46
847201,89
847213,51
847222,62
847254,69
847256,58
847294,71
847303,58
847331,76
847344,68
847361,57
847363,71
847367,67
847375,47
847398,61
847412,60
847413,88
847415,25
847427,72
847428,49
847432,44
847454,32
847479,74
847481,46
847523,51
847550,100
847561,42
847563,62
847578,71
847598,71
847646,75
847683,40
847735,25
847772,47
847792,76
847844,56
847877,104
847884,47
847891,68
847989,78
848030,59
848071,55
848114,102
848126,71
848145,69
848171,57
848189,61
848232,49
848302,41
848314,56
848324,44
848333,83
848350,70
848389,64
848412,64
848438,40
848468,1
848471,59
848479,53
848505,50
848565,66
848585,58
848602,41
848614,107
848619,65
848652,70
848658,45
848659,44
848721,97
848723,57
848740,40
848752,44
848821,73
848826,65
848827,30
848830,59
848855,62
848856,56
848860,64
848879,77
848881,82
848884,60
848928,59
848935,33
848950,64
848964,84
849053,81
849058,42
849061,55
849062,97
849068,57
849071,93
849106,59
849107,68
849137,60
849153,85
849162,36
849224,56
849255,68
849273,64
849286,59
849350,22
849362,75
849381,45
849411,68
849416,87
849419,54
849446,71
849476,79
849504,99
849548,70
849599,94
849600,47
849603,67
849609,104
849610,76
849630,74
849661,67
849663,32
849665,56
849670,61
849673,39
849684,65
849730,66
849742,64
849752,73
849772,64
849799,90
849812,59
849820,91
849882,31
849921,53
849934,61
849946,65
849947,53
850015,35
850020,76
850042,59
850077,67
850080,42
850087,42
850120,47
850149,76
850165,24
850169,59
850174,59
850184,53
850195,37
850200,56
850229,70
850259,60
850260,37
850261,55
850284,66
850301,81
850310,51
850372,64
850375,50
850403,39
850422,70
850427,69
850440,47
850480,58
850497,90
850499,53
850517,51
850579,46
850587,93
850672,47
850683,50
850738,92
850767,73
850788,58
850800,83
850817,49
850818,69
850856,45
850865,29
850884,19
850891,59
850958,56
850992,56
851004,56
851039,11
851044,67
851057,43
851157,71
851254,49
851273,46
851283,67
851292,86
851297,42
851311,80
851328,76
851357,63
851380,65
851392,40
851399,53
851413,45
851439,62
851452,33
851460,53
851467,81
851485,26
851505,56
851506,60
851552,78
851562,73
851568,63
851578,81
851582,67
851594,65
851601,20
851643,50
851682,56
851695,44
851700,55
851703,44
851723,50
851728,88
851805,70
851829,68
851905,46
851953,61
851989,58
851990,72
851992,40
852001,48
852018,56
852023,63
852048,93
852051,85
852112,48
852113,93
852143,55
852189,62
852221,49
852263,64
852313,100
852316,42
852332,41
852342,64
852372,70
852400,49
852402,69
852440,85
852457,49
852477,46
852481,80
852483,28
852529,90
852578,72
852581,60
852594,56
852603,82
852658,43
852676,66
852693,68
852710,73
852711,76
852717,69
852734,79
852765,75
852768,40
852776,46
852813,60
852822,64
852829,61
852830,67
852837,40
852877,52
852920,49
853004,88
853008,75
853032,105
853077,90
853088,54
853095,49
853141,82
853145,80
853172,41
853227,34
853256,44
853274,89
853287,65
853314,58
853328,37
853345,37
853354,43
853375,84
853414,55
853416,73
853529,57
853540,55
853545,49
853555,69
853559,98
853586,50
853595,53
853614,72
853620,46
853626,41
853627,44
853645,32
853666,38
853668,47
853676,67
853692,75
853702,59
853770,73
853791,37
853811,77
853823,55
853839,47
853841,100
853857,98
853863,65
853919,60
853978,85
854011,54
854019,51
854023,24
854031,68
854076,58
854091,73
854095,67
854193,80
854213,46
854216,83
854219,65
854232,61
854238,112
854267,79
854274,53
854295,37
854343,69
854352,64
854356,64
854363,59
854391,17
854441,66
854447,80
854457,67
854477,43
854530,78
854537,91
854558,69
854574,76
854581,83
854615,72
854624,41
854671,67
854679,70
854720,39
854799,63
854806,66
854847,46
854854,58
854911,92
854922,37
854938,36
854962,52
854968,65
854977,72
855023,81
855065,39
855084,77
855095,76
855106,59
855131,57
855160,73
855177,78
855178,38
855287,49
855341,48
855342,66
855373,52
855400,64
855404,69
855431,68
855434,43
855442,67
855449,85
855474,119
855476,83
855486,52
855507,45
855519,57
855679,55
855705,54
855711,68
855741,60
855753,70
855786,70
855813,55
855818,53
855853,63
855859,79
855924,29
855928,57
855953,41
855961,64
855981,37
856022,48
856039,25
856086,56
856089,62
856142,65
856143,99
856172,50
856174,61
856179,100
856197,63
856199,67
856212,48
856215,87
856216,40
856229,49
856233,68
856251,32
856287,78
856301,100
856337,53
856339,85
856353,63
856358,64
856368,67
856375,39
856401,68
856425,58
856451,64
856475,67
856490,61
856491,49
856541,35
856561,67
856568,35
856591,33
856611,54
856614,46
856622,85
856643,69
856679,48
856680,58
856686,68
856720,68
856736,49
856769,62
856778,48
856807,52
856820,52
856823,60
856835,66
856913,66
856958,73
856971,79
856977,64
857002,46
857014,70
857031,79
857032,86
857042,52
857060,40
857062,74
857130,24
857167,88
857178,42
857181,46
857193,94
857222,67
857281,79
857288,57
857302,87
857312,51
857313,42
857316,42
857321,61
857371,17
857486,48
857499,34
857524,45
857528,57
857545,66
857583,64
857594,57
857662,40
857677,29
857741,48
857751,69
857767,79
857802,77
857810,81
857820,82
857882,68
857884,52
857921,26
857959,41
858013,46
858016,31
858032,48
858057,47
858087,62
858109,56
858119,46
858142,56
858176,87
858204,85
858221,84
858222,48
858246,69
858261,27
858268,61
858292,106
858298,86
858311,82
858314,58
858340,89
858341,25
858360,44
858362,41
858367,71
858400,52
858449,78
858502,67
858517,84
858537,98
858566,61
858568,100
858596,44
858651,70
858702,108
858711,39
858718,75
858726,66
858727,46
858741,53
858773,68
858823,43
858841,68
858842,60
858906,41
858914,64
858919,68
858921,66
858930,42
858938,65
858952,74
859040,31
859053,59
859067,53
859078,55
859119,73
859130,35
859140,59
859172,60
859207,31
859217,58
859309,83
859332,53
859377,58
859409,37
859418,47
859446,64
859466,67
859471,73
859499,78
859529,70
859552,66
859571,41
859585,60
859615,60
859634,41
859638,70
859675,77
859696,46
859740,87
859744,73
859750,36
859779,93
859789,62
859820,73
859834,50
859836,51
859868,71
859901,119
859911,61
859932,74
859951,63
859953,63
860019,61
860031,70
860033,80
860043,3
860048,46
860067,38
860078,70
860092,44
860093,64
860103,59
860137,56
860157,56
860162,80
860173,67
860179,46
860190,57
860204,76
860231,51
860237,78
860271,65
860277,59
860292,37
860319,79
860353,45
860360,66
860361,53
860371,96
860428,58
860436,59
860477,74
860600,68
860605,71
860638,52
860650,67
860651,96
860673,46
860711,60
860713,80
860743,14
860750,82
860764,59
860836,42
860884,59
861004,96
861016,50
861057,82
861061,75
861076,66
861088,56
861100,84
861106,82
861110,56
861177,82
861180,48
861215,54
861224,60
861231,72
861236,63
861245,8
861271,63
861276,77
861292,45
861302,75
861343,72
861360,70
861379,67
861425,84
861475,58
861500,63
861504,36
861505,46
861506,60
861518,79
861523,97
861552,39
861569,56
861571,69
861581,58
861615,93
861645,72
861660,70
861687,43
861713,71
861719,65
861774,54
861818,28
861843,77
861886,65
861888,83
861890,59
861907,73
861919,65
861975,36
861978,46
862008,53
862009,34
862021,66
862049,46
862052,45
862088,102
862089,46
862092,59
862173,76
862234,81
862260,42
862265,44
862274,62
862291,41
862354,62
862375,17
862388,53
862405,52
862412,64
862425,44
862506,64
862523,75
862551,66
862631,30
862646,55
862647,70
862659,58
862662,66
862664,50
862666,58
862681,42
862697,60
862712,45
862718,66
862757,33
862774,89
862775,51
862778,40
862789,58
862825,62
862839,65
862847,64
862850,34
862875,85
862876,57
862883,73
862926,77
862948,65
862952,98
862989,24
863001,104
863032,68
863044,82
863073,84
863100,81
863123,65
863215,69
863271,54
863328,59
863415,47
863434,66
863447,78
863448,91
863493,78
863504,49
863510,57
863516,63
863526,75
863546,37
863551,70
863553,79
863662,43
863681,62
863686,57
863711,47
863736,64
863793,93
863822,40
863824,43
863825,68
863868,34
863870,74
863871,72
863890,60
863900,55
863901,55
863912,57
863914,53
863932,46
863957,70
863966,71
863995,6
863996,69
864005,56
864026,86
864029,49
864100,75
864121,72
864137,63
864181,51
864272,72
864279,85
864316,62
864340,89
864369,78
864408,45
864430,55
864434,41
864451,58
864464,39
864541,60
864563,75
864577,44
864599,51
864604,51
864608,88
864616,81
864631,59
864649,42
864655,42
864658,69
864661,112
864716,55
864720,54
864745,80
864782,57
864786,74
864802,92
864852,55
864853,97
864856,60
864860,40
864918,50
864929,57
864955,63
864977,82
864989,59
865018,84
865037,70
865047,55
865071,65
865072,59
865076,47
865099,61
865197,28
865226,20
865260,65
865292,75
865328,94
865364,54
865374,49
865381,61
865411,52
865448,53
865449,57
865466,56
865467,60
865484,69
865485,46
865530,70
865632,26
865639,39
865698,52
865724,47
865730,81
865734,81
865742,48
865787,56
865798,69
865801,54
865807,80
865826,59
865893,80
865907,90
865953,65
865958,85
865973,74
865981,89
865996,88
866015,57
866022,57
866081,72
866096,63
866099,74
866113,53
866150,40
866195,88
866199,64
866219,65
866230,63
866257,29
866270,35
866271,61
866292,53
866296,54
866298,75
866299,62
866304,53
866356,51
866368,65
866384,71
866413,51
866425,91
866428,44
866437,87
866442,23
866478,50
866480,67
866577,39
866590,69
866604,53
866624,71
866634,85
866637,72
866710,39
866720,33
866734,62
866777,84
866796,65
866799,77
866805,61
866830,69
866860,57
866867,30
866874,80
866892,43
866904,72
866933,62
866952,99
866963,15
866966,74
866986,55
866987,56
867004,54
867006,54
867011,59
867025,39
867026,35
867044,87
867053,59
867055,84
867079,51
867091,47
867168,77
867182,34
867183,81
867237,41
867250,107
867278,35
867288,104
867341,73
867342,106
867356,70
867359,64
867397,21
867412,29
867427,92
867442,76
867463,94
867512,87
867522,44
867541,99
867547,48
867628,55
867653,37
867657,68
867676,37
867681,75
867702,36
867791,83
867815,46
867844,53
867848,78
867855,45
867886,26
867891,80
867903,42
867910,73
868005,73
868019,66
868057,66
868084,74
868093,54
868125,68
868133,88
868196,54
868198,63
868203,70
868212,21
868247,61
868250,63
868255,38
868258,64
868326,74
868395,65
868421,41
868424,51
868434,72
868489,51
868500,70
868590,34
868594,44
868600,72
868624,41
868633,65
868666,38
868693,67
868775,41
868815,62
868823,92
868857,90
868860,29
868867,82
868941,53
868956,40
868960,93
868965,65
868969,56
868982,39
868983,29
869001,63
869021,62
869030,91
869040,83
869047,41
869067,57
869092,47
869113,73
869120,90
869121,46
869130,42
869191,43
869205,43
869253,33
869269,32
869286,93
869291,66
869311,75
869312,53
869355,17
869367,68
869372,31
869375,69
869417,61
869422,54
869457,61
869461,86
869462,64
869472,44
869540,18
869550,53
869560,71
869617,115
869627,70
869645,81
869695,80
869698,62
869703,62
869717,57
869743,86
869781,64
869785,46
869808,38
869820,69
869835,64
869862,67
869883,57
869892,43
869897,57
869947,29
869950,48
869961,86
869996,58
870073,67
870075,76
870101,66
870104,72
870133,56
870187,47
870200,74
870235,82
870263,68
870381,55
870398,84
870470,68
870477,48
870498,58
870505,77
870531,28
870540,49
870587,58
870595,64
870642,55
870657,51
870693,62
870698,50
870700,52
870718,88
870749,59
870765,55
870814,56
870821,69
870920,50
870924,58
870928,55
870950,84
870953,58
870973,65
870989,71
871078,50
871082,61
871088,69
871117,71
871168,82
871175,53
871191,41
871203,82
871254,55
871266,33
871277,34
871280,53
871293,82
871299,41
871323,86
871363,63
871365,65
871380,69
871381,68
871406,81
871408,67
871417,78
871448,30
871469,74
871470,76
871472,78
871475,74
871482,63
871501,70
871591,35
871598,36
871623,75
871637,103
871650,55
871671,45
871689,52
871748,110
871770,24
871854,77
871878,67
871892,71
871917,71
871942,39
871948,66
871951,47
871964,62
871968,101
871978,46
872052,61
872080,75
872130,62
872136,48
872166,77
872167,71
872168,55
872202,84
872291,49
872303,46
872325,56
872326,96
872329,51
872354,46
872359,96
872433,51
872434,77
872436,71
872459,96
872556,86
872584,48
872595,39
872657,53
872670,73
872705,49
872711,49
872724,50
872739,68
872747,71
872754,70
872778,60
872780,79
872801,63
872839,43
872862,32
872868,96
872924,75
872945,71
872950,48
872954,60
872955,55
872957,47
872958,49
872983,55
873001,39
873009,75
873064,70
873069,60
873083,93
873097,51
873114,79
873127,43
873180,78
873186,75
873213,69
873233,56
873262,54
873319,67
873362,47
873365,77
873414,68
873418,62
873456,40
873457,12
873469,53
873517,43
873520,58
873551,45
873559,68
873562,56
873564,37
873665,54
873707,28
873757,64
873771,65
873789,52
873890,62
873898,75
873970,59
873976,81
873985,50
874033,57
874058,44
874068,73
874095,75
874135,84
874260,65
874293,79
874302,79
874312,93
874319,76
874329,58
874333,78
874358,96
874426,37
874454,85
874456,78
874465,45
874470,78
874510,57
874518,90
874524,64
874538,79
874557,76
874573,44
874575,83
874577,73
874627,62
874695,86
874701,111
874707,55
874731,64
874792,86
874858,70
874867,39
874883,53
874930,62
874941,49
874986,62
875030,41
875066,85
875070,38
875093,30
875127,55
875135,72
875150,81
875157,34
875170,75
875173,54
875174,51
875177,83
875186,62
875195,65
875222,48
875266,98
875279,51
875296,79
875321,42
875342,57
875366,57
875384,47
875436,43
875437,61
875456,68
875485,61
875531,62
875534,37
875554,49
875561,57
875595,81
875626,64
875651,98
875677,66
875678,73
875752,57
875774,60
875780,81
875809,44
875812,57
875863,84
875881,73
875907,68
875917,68
875934,54
875958,109
875960,69
875963,71
876017,59
876038,66
876045,22
876102,72
876159,52
876180,74
876195,64
876200,30
876221,54
876247,29
876262,79
876286,53
876291,40
876302,59
876330,79
876341,67
876348,62
876412,33
876420,99
876450,77
876511,51
876514,78
876568,45
876609,51
876616,75
876638,46
876680,81
876700,62
876726,98
876734,59
876773,90
876778,60
876801,48
876859,69
876872,3
876884,30
876895,76
876900,83
876908,60
876932,64
877014,84
877027,62
877047,107
877070,65
877076,92
877126,56
877127,45
877169,64
877194,57
877212,51
877263,93
877299,73
877322,48
877349,61
877352,67
877361,79
877406,37
877433,78
877441,65
877442,47
877486,69
877520,96
877543,30
877562,67
877602,52
877610,62
877614,80
877626,45
877638,52
877660,59
877679,53
877681,73
877685,55
877687,63
877706,57
877710,67
877719,58
877728,60
877736,78
877737,65
877753,35
877782,30
877786,35
877804,41
877807,26
877835,54
877839,50
877847,47
877875,70
877922,82
877936,53
878025,65
878038,45
878163,59
878269,48
878353,55
878362,60
878363,61
878374,65
878376,58
878385,65
878404,66
878405,57
878406,53
878412,52
878498,27
878513,51
878551,36
878578,65
878583,58
878586,45
878587,54
878593,85
878594,79
878638,47
878666,63
878688,80
878700,62
878713,63
878762,45
878767,39
878778,66
878788,43
878815,49
878897,57
878933,82
878966,56
878974,78
879096,74
879119,72
879186,30
879207,63
879224,43
879227,48
879228,82
879233,34
879241,87
879242,74
879299,69
879325,66
879326,44
879350,48
879356,41
879357,49
879369,47
879375,53
879380,81
879450,76
879451,67
879466,63
879470,97
879477,60
879494,41
879512,70
879547,21
879590,61
879591,58
879631,71
879666,65
879677,81
879731,58
879767,54
879771,49
879792,78
879799,48
879808,53
879815,72
879825,24
879872,55
879896,54
879904,38
879924,72
879958,67
879959,28
879962,81
879973,58
879995,45
880003,34
880129,29
880137,54
880159,64
880170,43
880176,81
880192,53
880207,62
880215,56
880219,42
880258,68
880268,94
880275,67
880279,87
880310,29
880320,66
880327,41
880348,96
880374,77
880405,73
880427,63
880478,69
880482,68
880495,69
880505,63
880520,52
880522,65
880603,43
880608,90
880612,51
880615,70
880618,42
880653,57
880668,57
880670,75
880679,56
880745,49
880753,44
880777,58
880779,34
880798,54
880811,70
880821,49
880843,61
880844,57
880849,20
880876,33
880880,54
880900,80
880923,58
880924,100
880952,51
880983,41
880987,59
881002,92
881054,42
881081,33
881124,78
881175,80
881186,70
881197,58
881200,76
881229,96
881253,58
881257,83
881313,58
881342,64
881346,53
881367,40
881442,66
881469,84
881486,55
881494,65
881522,63
881529,60
881534,61
881537,61
881541,80
881549,55
881551,46
881562,46
881569,85
881588,45
881608,73
881628,44
881631,73
881665,91
881681,52
881715,58
881718,81
881727,76
881770,51
881772,52
881787,67
881832,68
881833,65
881847,74
881871,117
882020,74
882023,64
882027,30
882035,44
882042,31
882061,45
882107,53
882118,72
882128,60
882170,69
882193,77
882203,65
882217,49
882234,64
882238,48
882278,55
882327,82
882339,88
882370,80
882399,69
882407,74
882414,62
882421,69
882464,41
882488,63
882499,47
882663,57
882689,73
882708,76
882728,49
882746,55
882748,80
882760,31
882808,60
882810,72
882834,62
882840,49
882861,48
882977,64
882985,65
882993,86
883057,70
883058,23
883060,69
883071,62
883073,55
883125,28
883172,39
883182,84
883217,59
883225,44
883227,61
883265,51
883276,94
883300,33
883366,64
883370,94
883408,41
883414,76
883420,45
883421,69
883466,45
883470,86
883483,90
883498,50
883500,47
883510,51
883536,53
883551,50
883564,50
883567,66
883585,27
883588,76
883594,54
883641,42
883680,69
883681,80
883746,89
883749,62
883754,63
883765,52
883766,84
883778,72
883796,66
883797,39
883806,86
883832,73
883836,46
883847,32
883859,82
883868,27
883905,62
884010,64
884014,41
884073,69
884074,46
884078,67
884085,80
884112,73
884164,73
884198,67
884245,90
884262,37
884270,62
