arrival_time,job_size
16,15
37,8
56,402
87,7
124,30
148,29
175,5
194,8
234,5
264,5
293,24
319,5
348,8
372,27
401,5
421,21
458,27
485,5
508,5
541,7
562,15
595,48
625,17
654,8
664,5
686,6
707,30
728,5
750,9
777,8
809,8
841,6
865,11
887,5
907,14
935,68
964,12
990,5
1005,60
1031,8
1053,6
1081,9
1100,5
1132,6
1159,16
1188,8
1213,27
1234,18
1264,5
1280,17
1309,5
1342,5
1359,105
1388,8
1415,5
1445,12
1477,5
1492,5
1522,10
1548,31
1593,18
1619,7
1653,12
1686,13
1703,5
1734,5
1761,48
1788,14
1812,12
1839,9
1861,6
1887,17
1907,6
1932,33
1958,15
1986,5
2011,23
2043,11
2073,13
2102,21
2129,8
2158,19
2179,5
2205,122
2238,6
2257,11
2284,8
2310,7
2335,8
2361,5
2383,10
2417,10
2450,7
2477,5
2504,6
2531,10
2548,5
2579,9
2605,12
2629,5
2658,30
2687,6
2712,10
2740,9
2761,5
2782,7
2806,15
2833,12
2850,5
2873,27
2902,6
2928,5
2965,5
2982,200
3011,22
3033,6
3053,120
3079,8
3110,5
3138,6
3157,6
3186,6
3216,5
3241,6
3272,16
3295,20
3320,11
3349,8
3368,11
3396,9
3428,10
3460,30
3490,7
3513,506
3536,5
3566,5
3597,5
3621,273
3648,5
3676,5
3703,67
3739,21
3766,6
3794,30
3822,7
3843,5
3867,11
3893,19
3923,11
3958,12
3991,9
4008,5
4040,7
4072,7
4104,5
4132,5
4161,15
4186,5
4207,5
4225,25
4252,10
4269,84
4300,6
4322,6
4344,9
4363,18
4381,10
4411,37
4441,6
4461,10
4484,116
4509,6
4529,5
4557,12
4581,35
4611,5
4634,38
4655,10
4686,33
4709,6
4733,9
4771,6
4797,394
4832,24
4857,8
4881,75
4914,11
4932,56
4954,5
4980,5
4996,24
5023,6
5047,7
5063,838
5093,11
5121,12
5146,8
5168,5
5196,29
5221,43
5241,8
5271,6
5297,6
5319,8
5343,8
5368,5
5393,15
5426,7
5449,5
5478,15
5504,48
5533,40
5557,6
5579,5
5606,5
5630,5
5651,5
5677,5
5707,12
5730,9
5769,6
5789,26
5820,24
5844,8
5877,6
5898,5
5925,668
5950,14
5979,9
6003,5
6021,6
6041,9
6066,10
6100,5
6124,7
6151,7
6177,7
6199,15
6212,8
6238,5
6278,14
6309,11
6332,5
6366,7
6401,13
6432,6
6458,6
6488,7
6521,38
6551,6
6573,59
6599,27
6623,6
6653,57
6685,7
6713,7
6730,7
6762,13
6787,22
6803,5
6829,1744
6858,11
6884,5
6908,5
6937,15
6967,7
6995,9
7021,40
7048,5
7086,7
7108,6
7131,13
7166,11
7193,6
7226,59
7254,5
7285,8
7306,12
7329,7
7356,15
7380,6
7409,58
7431,7
7457,5
7490,18
7512,5
7547,15
7578,6
7619,12
7641,6
7663,5
7689,24
7716,55
7735,5
7763,9
7781,7
7802,5
7833,7
7871,6
7897,5
7932,32
7961,19
7991,11
8024,102
8055,7
8081,17
8113,8
8140,5
8163,5
8193,32
8214,5
8247,6
8272,18
8304,6
8332,11
8351,5
8388,6
8414,38
8434,12
8458,36
8484,8
8507,10
8527,6
8550,10
8573,8
8605,10
8624,19
8644,7
8669,23
8690,5
8724,5
8749,5
8776,10
8807,16
8820,11
8846,5
8879,36
8905,22
8927,6
8945,13
8973,6
9002,10
9021,158
9055,6
9078,8
9103,6
9127,8
9156,5
9181,9
9204,6
9232,11
9256,7
9270,10
9303,20
9339,27
9361,12
9392,5
9423,14
9447,5
9478,5
9505,13
9530,5
9552,5
9571,6
9598,5
9624,6
9649,91
9677,9
9703,5
9724,5
9747,21
9773,5
9799,16
9820,5
9842,8
9866,5
9888,9
9915,41
9937,10
9956,5
9981,6
10008,6
10034,5
10071,12
10089,61
10109,146
10132,5
10165,13
10196,5
10231,5
10258,13
10287,146
10306,10
10330,6
10362,13
10394,8
10418,8
10446,247
10470,6
10498,213
10525,5
10557,20
10588,19
10611,14
10634,7
10668,6
10695,6
10722,5
10739,13
10770,81
10795,8
10815,5
10851,13
10879,6
10899,11
10928,59
10962,5
10989,86
11014,11
11041,8
11073,10
11095,12
11117,6
11149,14
11187,5
11209,7
11229,5
11259,13
11282,6
11305,15
11332,10
11361,8
11378,51
11410,6
11438,21
11465,7
11489,8
11507,32
11532,12
11560,49
11576,21
11599,30
11632,6
11656,13
11675,5
11710,49
11748,5
11772,6
11791,5
11821,7
11857,5
11882,8
11913,6
11945,49
11961,13
11994,7
12020,5
12043,152
12071,6
12091,6
12120,14
12144,5
12176,8
12198,5
12227,6
12246,62
12265,24
12280,5
12310,16
12332,6
12359,15
12381,10
12406,5
12441,5
12460,5
12480,10
12511,8
12535,25
12563,7
12593,5
12618,12
12639,44
12654,7
12679,11
12700,13
12730,5
12751,846
12772,10
12789,10
12813,64
12845,6
12880,12
12906,5
12933,5
12959,6
12982,26
13011,5
13033,13
13061,12
13087,21
13118,6
13141,11
13164,15
13184,6
13204,14
13225,11
13260,6
13288,6
13311,12
13335,7
13351,5
13385,6
13415,7
13444,5
13469,5
13497,8
13523,5
13550,5
13573,15
13601,5
13631,7
13662,6
13681,6
13713,5
13739,15
13766,24
13792,19
13822,17
13856,7
13881,17
13909,5
13940,14
13961,5
13988,17
14023,9
14051,13
14081,45
14098,36
14120,15
14149,10
14177,19
14199,12
14227,5
14249,5
14267,7
14301,6
14330,11
14356,5
14384,29
14415,5
14443,24
14463,12
14487,5
14512,7
14539,5
14561,18
14582,60
14607,6
14625,5
14670,5
14694,16
14712,5
14739,12
14770,5
14800,7
14822,7
14844,5
14868,6
14886,6
14909,5
14937,8
14966,10
14996,5
15023,5
15046,5
15075,6
15093,8
15114,5
15148,13
15177,7
15197,7
15224,10
15256,6
15277,6
15306,10
15332,6
15351,10
15372,31
15402,8
15433,7
15457,6
15480,9
15497,9
15524,10
15548,40
15582,10
15616,9
15643,9
15667,5
15683,22
15710,9
15742,9
15766,40
15784,5
15810,36
15825,5
15845,5
15872,6
15893,7
15923,12
15947,11
15975,6
16001,7
16033,14
16060,17
16097,17
16125,5
16148,5
16168,20
16199,6
16232,6
16263,6
16280,11
16304,6
16326,24
16362,6
16391,5
16410,6
16435,5
16454,6
16477,6
16503,25
16519,12
16546,5
16572,5
16600,69
16626,8
16644,7
16669,5
16690,29
16723,8
16749,17
16768,127
16789,92
16821,9
16846,9
16872,6
16895,12
16929,12
16953,17
16987,8
17015,10
17038,5
17062,10
17084,5
17104,17
17138,12
17163,7
17185,6
17211,10
17241,7
17272,6
17295,22
17325,5
17348,12
17379,17
17399,5
17416,5
17443,7
17468,7
17490,5
17512,8
17542,8
17568,6
17601,8
17628,27
17663,6
17681,40
17703,75
17721,14
17750,6
17769,21
17796,6
17823,8
17850,12
17877,6
17902,6
17928,5
17955,13
17979,15
18012,48
18043,11
18069,13
18097,9
18126,7
18149,5
18170,9
18201,20
18225,6
18245,7
18270,7
18298,9
18316,6
18342,47
18367,6
18400,5
18431,5
18460,20
18493,14
18527,17
18555,5
18587,37
18613,8
18644,5
18668,24
18695,10
18726,15
18758,20
18784,13
18811,8
18840,16
18870,16
18892,5
18917,6
18946,5
18974,5
18997,8
19026,133
19052,10
19078,7
19105,6
19133,9
19153,5
19181,5
19205,6
19231,87
19260,7
19289,345
19312,6
19338,6
19366,10
19393,5
19431,22
19460,285
19490,19
19521,13
19548,7
19573,8
19607,82
19635,6
19663,6
19684,12
19710,9
19734,42
19763,6
19787,5
19811,14
19846,7
19864,6
19882,26
19908,11
19929,6
19962,6
19975,17
20002,7
20030,11
20055,5
20078,6
20103,8
20127,5
20159,6
20181,11
20203,6
20232,5
20258,11
20270,7
20296,56
20324,6
20342,30
20367,26
20400,29
20428,5
20449,16
20479,5
20499,12
20519,5
20547,6
20573,6
20592,5
20623,11
20641,19
20662,7
20687,34
20715,27
20731,5
20760,6
20778,5
20799,5
20825,12
20850,10
20879,16
20905,5
20928,7
20951,28
20979,5
21002,6
21030,20
21057,14
21082,16
21108,5
21135,16
21160,12
21190,12
21220,7
21235,18
21260,5
21282,23
21310,9
21334,6
21356,11
21386,5
21409,5
21428,5
21447,18
21476,42
21502,18
21533,16
21561,96
21590,9
21618,5
21647,6
21674,5
21697,11
21724,5
21751,6
21772,11
21797,14
21816,5
21838,38
21859,7
21886,5
21914,8
21936,6
21954,26
21986,27
22011,6
22041,8
22066,18
22091,13
22121,5
22147,7
22173,28
22190,8
22221,6
22247,10
22273,5
22295,37
22313,6
22341,7
22365,6
22391,10
22417,7
22443,50
22473,6
22500,8
22529,6
22548,5
22570,9
22600,5
22625,7
22646,114
22669,10
22688,7
22713,5
22736,6
22762,13
22798,27
22828,29
22843,27
22869,5
22898,6
22928,9
22956,9
22982,15
23017,5
23034,42
23057,6
23082,41
23108,5
23133,5
23166,7
23191,44
23223,5
23251,28
23276,5
23289,14
23312,25
23338,14
23357,21
23392,18
23421,15
23451,12
23480,32
23505,5
23528,221
23548,71
23570,5
23595,5
23617,5
23644,77
23665,5
23704,6
23733,5
23765,5
23794,7
23819,5
23843,9
23876,8
23904,11
23931,30
23954,5
23981,5
24005,5
24025,5
24060,79
24092,11
24117,5
24138,9
24171,5
24194,12
24220,9
24241,25
24272,5
24298,5
24320,43
24339,5
24370,46
24389,5
24414,42
24439,34
24464,6
24488,5
24513,6
24539,20
24563,234
24595,10
24630,124
24654,6
24682,21
24712,5
24739,218
24770,17
24804,5
24828,6
24854,8
24884,6
24910,6
24941,5
24965,5
24990,7
25011,10
25043,17
25069,122
25093,5
25116,5
25141,7
25173,5
25200,28
25230,6
25254,5
25283,7
25314,5
25335,7
25353,54
25387,6
25425,9
25455,189
25479,5
25507,5
25535,54
25564,11
25590,9
25609,11
25643,13
25670,23
25689,5
25714,27
25739,23
25767,5
25802,5
25829,7
25846,10
25868,12
25891,5
25912,14
25939,6
25976,5
26013,12
26042,6
26068,5
26091,8
26119,203
26151,16
26179,8
26209,20
26238,7
26264,17
26291,11
26319,28
26354,12
26376,7
26397,5
26421,8
26441,8
26467,15
26497,25
26518,12
26538,9
26558,6
26583,9
26605,5
26627,7
26660,13
26686,15
26708,6
26739,11
26763,6
26796,13
26822,6
26852,5
26869,5
26897,5
26917,6
26936,6
26960,17
26984,42
27009,238
27039,12
27071,8
27102,102
27130,18
27166,19
27197,14
27217,8
27257,21
27281,6
27304,6
27323,8
27359,12
27385,10
27419,5
27447,9
27469,8
27502,12
27524,7
27548,21
27576,5
27601,11
27624,16
27652,6
27674,5
27699,5
27721,5
27743,88
27761,6
27785,10
27816,5
27854,7
27872,15
27904,5
27925,5
27940,11
27971,7
28000,63
28034,25
28060,17
28079,3703
28097,8
28119,13
28147,5
28173,5
28203,12
28231,10
28263,6
28284,5
28304,7
28320,14
28348,57
28379,7
28401,6
28423,13
28440,12
28460,13
28484,13
28511,6
28530,41
28566,7
28588,5
28614,8
28640,10
28663,6
28694,10
28720,8
28742,12
28771,6
28796,5
28816,19
28849,5
28875,41
28899,10
28929,5
28961,23
28979,38
29010,5
29032,11
29052,5
29070,24
29094,39
29124,34
29146,9
29181,6
29205,44
29230,5
29264,8
29294,5
29322,5
29347,5
29365,6
29388,5
29411,5
29441,8
29469,445
29497,6
29528,6
29546,20
29566,5
29591,22
29615,47
29652,21
29679,17
29702,5
29736,5
29760,43
29779,9
29806,6
29830,7
29855,9
29874,15
29897,7
29917,5
29945,5
29971,5
29993,6
30008,5
30040,42
30065,5
30085,5
30102,5
30123,5
30144,12
30164,7
30191,7
30224,5
30242,16
30259,7
30285,15
30315,7
30343,10
30367,13
30393,42
30419,77
30456,10
30480,19
30505,11
30533,5
30558,5
30596,6
30623,50
30648,17
30680,16
30715,10
30743,73
30770,12
30799,5
30821,26
30846,11
30883,37
30913,10
30944,8
30971,17
31001,15
31035,5
31060,58
31083,9
31106,5
31130,9
31160,5
31189,7
31219,5
31251,8
31273,24
31305,8
31344,5
31378,16
31408,5
31436,10
31462,5
31481,6
31515,8
31540,5
31570,49
31603,9
31637,6
31667,5
31685,8
31703,15
31720,5
31754,8
31778,6
31810,6
31843,9
31880,11
31904,7
31925,5
31947,23
31972,5
32007,6
32034,6
32057,49
32079,28
32098,8
32120,6
32145,6
32165,5
32190,13
32217,6
32237,12
32262,14
32297,6
32325,5
32350,5
32377,5
32405,7
32432,5
32457,15
32475,7
32516,14
32544,5
32577,5
32604,6
32634,9
32652,8
32677,5
32698,16
32727,6
32751,6
32778,5
32804,23
32835,9
32856,11
32882,10
32914,5
32939,32
32972,5
32994,7
33019,7
33043,58
33068,5
33094,5
33117,6
33137,10
33160,30
33188,6
33212,11
33239,14
33269,5
33300,9
33321,8
33347,11
33370,8
33397,6
33423,11
33450,17
33478,10
33501,9
33524,6
33544,6
33573,5
33597,11
33619,10
33646,10
33665,7
33689,9
33719,5
33738,17
33769,19
33794,114
33825,15
33858,6
33882,6
33906,9
33942,5
33973,6
34000,12
34025,5
34052,29
34072,5
34111,14
34130,5
34155,5
34179,13
34203,5
34235,6
34257,7
34288,20
34309,6
34333,33
34360,839
34401,26
34424,6
34448,257
34479,6
34503,18
34525,34
34549,15
34586,5
34610,8
34634,46
34654,12
34685,9
34708,16
34741,7
34769,5
34797,8
34817,12
34843,10
34871,8
34893,85
34912,11
34950,10
34979,7
35006,6
35020,6
35044,12
35072,6
35099,71
35133,6
35152,72
35183,5
35216,22
35246,5
35271,5
35303,7
35334,868
35357,5
35385,13
35412,96
35436,5
35461,29
35478,7
35511,30
35537,18
35565,18
35590,17
35615,6
35638,6
35676,17
35700,6
35724,10
35752,8
35772,7
35796,6
35819,10
35849,16
35871,7
35894,6
35920,5
35949,53
35979,5
36000,13
36027,6
36065,8
36095,7
36123,8
36161,14
36186,20
36218,5
36252,7
36279,21
36305,6
36331,11
36359,8
36385,7
36407,19
36437,6
36464,9
36491,27
36516,12
36547,15
36569,62
36594,46
36617,9
36638,11
36675,6
36710,41
36733,5
36759,21
36788,9
36815,506
36852,90
36878,5
36908,12
36939,6
36967,5
37006,7
37037,5
37063,5
37087,8
37121,11
37142,16
37164,7
37198,42
37235,12
37260,9
37294,9
37326,19
37347,8
37371,8
37393,6
37417,5
37439,5
37457,11
37485,6
37518,7
37548,10
37573,11
37599,7
37625,20
37652,12
37670,7
37698,5
37727,10
37761,5
37784,6
37816,8
37834,5
37858,5
37882,6
37915,5
37937,30
37964,5
37985,10
38007,5
38039,30
38060,17
38079,5
38102,5
38129,52
38158,27
38185,9
38210,6
38226,6
38249,9
38271,23
38306,5
38332,5
38357,7
38379,5
38408,23
38442,6
38470,13
38490,11
38520,6
38546,10
38574,9
38613,5
38636,5
38666,5
38684,5
38717,5
38745,6
38781,5
38799,9
38831,8
38849,9
38870,9
38903,6
38932,21
38952,6
38986,26
39014,6
39033,13
39056,50
39087,45
39110,12
39136,5
39170,6
39196,11
39223,6
39249,8
39272,9
39298,5
39329,45
39354,6
39380,5
39404,8
39426,6
39453,18
39477,13
39500,66
39527,10
39554,5
39579,111
39603,5
39629,67
39658,38
39678,7
39704,37
39735,8
39755,23
39776,8
39802,12
39835,6
39857,32
39890,19
39917,24
39951,5
39982,7
40005,5
40030,44
40050,5
40072,22
40100,8
40135,10
40156,17
40185,6
40220,5
40246,6
40274,6
40290,9
40316,6
40340,15
40371,16
40389,5
40414,5
40445,9
40472,5
40488,5
40520,17
40540,7
40578,14
40608,7
40624,7
40646,5
40677,77
40703,6
40728,12
40758,9
40787,9
40814,7
40827,84
40856,18
40886,5
40905,15
40932,5
40964,8
40993,8
41012,7
41036,14
41064,14
41091,5
41112,13
41149,8
41178,7
41208,8
41242,11
41266,8
41287,30
41312,16
41333,18
41360,74
41387,6
41425,7
41450,7
41474,5
41498,5
41523,6
41548,9
41580,10
41607,13
41636,32
41665,9
41699,9
41723,5
41747,6
41773,10
41804,5
41832,5
41858,5
41872,5
41899,6
41930,6
41951,7
41972,9
41994,46
42019,10
42039,37
42068,6
42102,5
42124,5
42144,12
42164,20
42189,27
42218,7
42246,527
42273,10
42294,9
42321,98
42351,7
42367,8
42389,14
42414,5
42443,85
42466,272
42500,17
42534,21
42560,46
42585,9
42619,10
42647,8
42673,11
42697,5
42722,6
42739,7
42761,31
42785,9
42806,5
42822,5
42848,9
42879,7
42911,61
42931,9
42957,6
42987,11
43017,18
43048,6
43080,18
43102,6
43122,7
43145,9
43180,124
43213,7
43240,10
43260,5
43282,12
43308,5
43327,5
43361,8
43397,21
43423,42
43443,5
43474,9
43493,5
43518,12
43554,23
43578,43
43612,13
43638,5
43662,6
43687,5
43707,7
43724,6
43752,5
43780,23
43806,6
43823,5
43843,10
43868,10
43902,15
43928,150
43950,21
43973,7
43992,7
44026,14
44050,10
44072,36
44098,8
44120,7
44146,5
44165,9
44196,94
44218,11
44245,5
44276,8
44299,11
44321,7
44339,7
44363,8
44386,16
44417,5
44440,22
44470,6
44496,39
44523,5
44551,48
44585,5
44610,67
44632,13
44660,5
44679,7
44704,229
44727,38
44749,12
44781,8
44815,6
44844,5
44865,6
44904,6
44916,10
44947,42
44971,13
44998,19
45019,6
45046,13
45064,6
45086,15
45111,7
45140,7
45161,668
45184,5
45209,10
45238,5
45261,5
45285,7
45306,13
45333,7
45353,5
45376,12
45399,5
45416,25
45453,6
45478,6
45504,16
45531,5
45560,5
45588,5
45617,5
45639,10
45659,42
45688,5
45720,6
45745,10
45771,8
45798,11
45816,10
45846,26
45872,5
45893,7
45916,9
45942,8
45969,11
46001,23
46018,12
46042,49
46065,11
46099,6
46122,84
46149,31
46175,18
46201,71
46225,15
46251,5
46277,7
46301,6
46328,7
46355,7
46379,13
46409,11
46439,9
46463,120
46488,212
46519,5
46551,5
46583,13
46604,7
46626,8
46654,5
46673,20
46703,8
46722,6
46741,9
46779,6
46806,22
46838,18
46866,238
46900,18
46915,13
46937,5
46958,6
46983,5
47015,7
47033,220
47053,5
47078,240
47109,5
47137,17
47161,17
47190,5
47230,6
47250,5
47272,11
47300,28
47324,37
47353,10
47375,12
47403,7
47423,5
47453,7
47475,7
47499,18
47527,20
47550,7
47582,6
47607,47
47638,41
47664,5
47688,5
47711,9
47733,6
47760,5
47786,7
47810,6
47837,6
47858,8
47877,7
47898,43
47922,5
47943,9
47967,9
47998,20
48036,126
48059,5
48084,5
48110,12
48135,9
48157,6
48176,16
48203,7
48227,16
48249,6
48274,13
48304,6
48335,39
48356,31
48377,14
48404,6
48425,19
48452,16
48491,35
48512,49
48547,17
48574,15
48597,7
48629,5
48647,18
48664,19
48683,7
48708,8
48735,5
48769,10
48794,6
48821,5
48854,7
48883,9
48904,7
48941,6
48962,10
48991,12
49021,5
49043,9
49070,5
49102,9
49121,10
49157,8
49175,70
49196,6
49213,9
49242,11
49264,9
49288,12
49313,6
49346,6
49363,5
49391,5
49416,6
49439,60
49470,24
49502,7
49529,20
49553,8
49584,5
49605,10
49635,26
49666,5
49689,6
49716,43
49737,5
49768,21
49796,5
49827,6
49853,6
49879,28
49906,124
49936,10
49962,6
49996,167
50012,5
50039,6
50064,5
50092,6
50120,59
50150,7
50179,16
50208,7
50231,6
50248,7
50264,5
50306,18
50332,109
50353,5
50369,5
50395,5
50427,6
50450,5
50486,13
50515,10
50539,5
50571,9
50596,19
50625,6
50660,7
50688,7
50719,5
50741,5
50767,6
50794,7
50817,5
50845,5
50876,7
50903,7
50925,6
50953,9
50972,9
51000,6
51024,5
51054,50
51084,5
51114,38
51148,6
51174,7
51204,9
51227,66
51246,11
51271,6
51289,9
51309,12
51335,5
51362,7
51390,15
51424,5
51453,8
51468,18
51495,5
51519,31
51541,6
51563,5
51596,7
51620,5
51640,70
51673,7
51705,8
51729,7
51753,10
51784,16
51805,44
51821,11
51850,6
51878,7
51893,10
51919,7
51949,8
51990,5
52023,5
52050,5
52077,5
52100,70
52129,15
52151,8
52166,10
52191,7
52219,61
52240,17
52261,10
52287,8
52314,7
52339,5
52361,21
52386,12
52410,184
52438,11
52459,5
52481,7
52506,27
52531,8
52552,10
52570,6
52597,6
52617,12
52641,8
52673,14
52694,16
52722,6
52750,6
52781,6
52807,7
52829,6
52854,5
52879,9
52906,5
52928,6
52945,13
52969,8
52996,5
53025,5
53055,6
53088,15
53110,188
53142,11
53170,8
53200,17
53224,48
53246,5
53268,6
53291,5
53313,86
53344,12
53371,5
53398,12
53425,11
53441,5
53469,5
53494,10
53517,8
53544,6
53566,5
53594,7
53623,14
53650,10
53670,6
53689,89
53706,15
53736,5
53756,17
53771,11
53798,23
53832,7
53863,5
53883,21
53906,17
53936,14
53964,8
53987,6
54018,155
54050,34
54082,7
54104,8
54137,5
54167,9
54197,9
54226,6
54243,10
54268,21
54289,10
54319,18
54347,5
54376,5
54398,6
54430,10
54459,6
54478,5
54496,7
54522,8
54542,11
54564,6
54592,5
54616,5
54638,7
54668,5
54697,8
54726,9
54750,5
54788,5
54813,6
54844,10
54871,16
54905,6
54932,5
54958,177
54985,5
55016,16
55039,7
55056,6
55074,18
55097,23
55119,15
55139,5
55164,6
55186,90
55214,20
55243,280
55277,24
55315,49
55341,8
55360,5
55392,13
55421,6
55437,5
55463,5
55500,6
55525,9
55557,5
55587,28
55613,23
55633,37
55650,5
55672,10
55701,7
55729,9
55757,6
55789,18
55820,5
55850,155
55879,12
55912,30
55938,5
55973,13
56003,29
56023,7
56045,7
56066,7
56086,5
56115,5
56135,13
56164,401
56189,10
56215,10
56241,14
56261,10
56284,13
56304,47
56337,6
56363,8
56388,7
56414,17
56443,5
56468,8
56498,6
56526,5
56547,6
56572,8
56590,5
56619,5
56643,8
56681,11
56712,25
56730,15
56761,5
56788,7
56811,14
56834,8
56849,24
56874,39
56891,18
56914,8
56947,5
56981,11
57008,7
57033,12
57056,86
57082,6
57101,5
57134,6
57169,17
57194,9
57223,10
57251,5
57277,20
57310,5
57341,6
57364,16
57389,14
57418,11
57453,8
57475,8
57498,5
57533,5
57555,7
57582,23
57604,8
57628,15
57658,17
57685,10
57714,10
57740,7
57763,14
57785,6
57814,15
57842,7
57870,17
57894,10
57918,14
57944,5
57967,11
57985,10
58011,5
58045,6
58078,5
58107,6
58135,13
58160,10
58185,9
58212,5
58251,20
58275,6
58298,5
58330,6
58353,37
58382,10
58402,16
58429,25
58454,31
58483,14
58506,12
58532,5
58565,5
58583,5
58611,58
58643,10
58666,5
58690,6
58713,30
58743,56
58778,10
58802,17
58822,9
58850,8
58888,8
58918,5
58957,8
58983,5
59009,14
59039,2125
59062,13
59083,6
59109,9
59130,10
59165,9
59193,22
59211,13
59242,6
59266,5
59283,7
59300,5
59318,7
59356,6
59380,7
59410,10
59442,8
59467,18
59495,65
59513,9
59539,7
59569,6
59603,9
59627,23
59652,12
59677,41
59709,5
59734,1208
59757,7
59789,6
59817,22
59849,8
59884,59
59915,9
59941,7
59965,13
59990,5
60015,8
60047,132
60081,20
60113,6
60131,6
60166,6
60189,6
60208,10
60229,60
60259,6
60282,699
60304,11
60329,7
60351,7
60374,8
60403,30
60424,6
60442,15
60461,5
60491,7
60519,13
60542,22
60573,11
60594,26
60620,6
60648,12
60675,16
60698,208
60720,14
60746,5
60769,9
60800,15
60813,314
60843,12
60881,39
60909,5
60934,14
60958,7
60985,6
61007,5
61035,8
61057,7
61089,8
61110,16
61137,81
61161,17
61189,9
61224,7
61250,5
61266,12
61297,6
61327,5
61356,6
61373,43
61402,9
61433,7
61461,8
61485,8
61515,5
61539,10
61565,5
61585,8
61610,11
61639,5
61662,11
61685,32
61716,70
61741,5
61762,13
61790,10
61812,19
61839,24
61861,17
61893,10
61916,8
61944,31
61969,5
61991,26
62026,5
62051,7
62084,5
62099,12
62119,13
62148,8
62169,6
62192,5
62208,9
62234,6
62257,17
62281,1256
62304,6
62330,7
62350,11
62385,7
62415,421
62436,7
62461,218
62490,16
62518,5
62541,24
62560,11
62587,39
62615,11
62635,13
62669,8
62691,13
62713,19
62745,11
62772,10
62792,22
62819,8
62850,14
62876,11
62908,14
62941,5
62959,7
62979,5
63004,34
63030,5
63058,5
63078,9
63111,15
63139,11
63164,5
63193,5
63218,6
63251,19
63273,21
63291,14
63315,5
63337,138
63362,5
63385,5
63418,7
63435,9
63454,7
63483,7
63508,11
63531,6
63557,5
63583,35
63610,19
63642,7
63668,11
63689,7
63710,5
63733,5
63761,10
63797,40
63825,5
63853,19
63877,37
63898,245
63927,12
63951,10
63975,5
64010,9
64038,5
64054,17
64081,5
64118,23
64144,5
64167,6
64196,13
64225,6
64254,6
64276,5
64301,45
64331,8
64358,197
64379,7
64399,9
64424,5
64452,27
64484,77
64509,14
64539,5
64568,7
64598,13
64637,69
64660,25
64697,12
64721,6
64749,19
64779,13
64806,8
64834,22
64854,20
64873,9
64902,6
64929,10
64958,43
64980,6
65004,7
65021,6
65045,10
65070,20
65098,57
65132,12
65152,7
65175,9
65204,21
65231,22
65258,13
65278,55
65300,5
65326,6
65357,19
65377,19
65400,7
65418,8
65437,5
65466,5
65485,5
65515,6
65550,22
65567,17
65594,12
65613,26
65637,26
65655,163
65678,5
65707,17
65735,8
65761,6
65788,9
65819,7
65849,5
65869,6
65895,10
65922,12
65941,12
65974,20
66000,8
66024,7
66047,14
66068,39
66086,9
66106,16
66128,5
66148,5
66179,36
66203,17
66231,11
66259,35
66296,35
66322,14
66347,5
66373,6
66406,6
66438,21
66461,32
66483,6
66510,23
66535,5
66557,7
66573,5
66592,8
66612,7
66645,5
66666,8
66691,45
66714,11
66746,5
66765,7
66791,5
66812,11
66836,11
66855,16
66880,17
66900,13
66923,9
66947,5
66972,20
66993,7
67018,8
67041,5
67085,5
67108,5
67128,130
67154,44
67182,27
67210,10
67231,35
67264,14
67291,9
67322,16
67343,17
67371,21
67401,15
67423,41
67456,5
67478,75
67505,5
67525,5
67553,5
67576,8
67607,6
67626,13
67657,16
67683,8
67709,9
67732,93
67760,5
67782,6
67799,24
67827,5
67861,21
67886,10641
67910,14
67939,15
67956,14
67972,5
67998,7
68015,17
68043,9
68077,13
68099,5
68120,6
68143,5
68167,5
68196,9
68222,10
68248,7
68272,5
68307,40
68326,6
68349,9
68378,5
68399,5
68425,13
68448,6
68471,5
68495,21
68520,15
68542,8
68566,39
68594,40
68619,70
68640,123
68671,6
68705,5
68731,238
68753,10
68779,7
68815,9
68841,7
68867,51
68894,26
68922,6
68946,22
68971,124
68999,34
69045,46
69074,9
69105,41
69124,6
69158,13
69175,11
69202,6
69230,10
69256,5
69278,7
69294,25
69319,5
69346,5
69382,7
69410,5
69434,6
69463,11
69483,74
69504,9
69521,5
69540,13
69569,5
69599,5
69630,10
69655,20
69672,9
69697,36
69726,5
69747,28
69771,5
69796,5
69818,6
69844,8
69870,9
69892,66
69923,25
69940,6
69969,308
70011,8
70040,8
70068,22
70093,5
70115,5
70145,25
70169,15
70195,11
70232,6
70266,8
70294,36
70317,12
70343,8
70376,21
70399,10
70422,15
70446,5
70468,53
70497,8
70533,238
70558,7
70580,7
70599,5
70620,5
70644,5
70674,16
70705,6
70723,5
70746,5
70770,13
70793,15
70824,5
70853,5
70883,10
70908,13
70936,5
70959,53
70989,26
71021,70
71048,29
71067,11
71095,5
71119,40
71149,5
71170,86
71201,17
71234,6
71262,21
71290,6
71314,8
71343,8
71368,21
71391,5
71412,22
71444,6
71467,5
71487,6
71513,6
71534,5
71561,13
71593,27
71613,5
71646,6
71668,15
71691,44
71717,87
71744,925
71772,22
71806,6
71833,6
71858,6
71886,12
71919,9
71944,16
71965,6
71987,11
72017,6
72051,5
72069,6
72097,12
72127,6
72155,9
72172,6
72202,5
72229,18
72255,5
72281,5
72309,12
72343,14
72370,45
72394,11
72415,5
72448,5
72467,25
72499,6
72533,6
72555,11
72596,96
72631,8
72666,9
72685,5
72711,5
72746,39
72767,12
72794,7
72818,6
72841,5
72867,11
72900,33
72922,13
72956,25
72979,20
73003,13
73039,7
73065,24
73091,5
73112,5
73138,14
73150,117
73176,6
73216,18
73240,7
73272,6
73303,7
73330,70
73355,5
73383,13
73405,12
73428,6
73451,22
73476,7
73491,7
73515,7
73538,5
73561,16
73592,66
73614,8
73636,26
73664,32
73690,6
73713,5
73744,5
73773,5
73793,9
73815,5
73841,19
73867,16
73895,17
73914,5
73940,10
73974,5
74006,10
74026,5
74045,5
74067,5
74101,42
74132,6
74154,8
74170,22
74188,9
74213,5
74234,14
74257,6
74283,5
74309,5
74342,5
74373,60
74405,43
74429,46
74452,68
74475,5
74495,15
74517,9
74539,18
74561,8
74590,6
74618,15
74654,5
74681,5
74697,8
74721,6
74755,27
74784,17
74811,7
74840,16
74871,5
74897,7
74924,5
74952,27
74971,11
74995,9
75016,51
75041,7
75072,5
75098,5
75119,6
75151,5
75174,13
75202,5
75219,5
75245,7
75269,6
75299,5
75319,9
75361,17
75392,8
75416,5
75440,29
75466,37
75496,5
75527,7
75551,50
75588,32
75616,24
75641,7
75669,8
75698,11
75719,7
75742,88
75767,366
75810,125
75828,20
75849,20
75874,5
75891,5
75911,9
75940,6
75969,6
75999,8
76022,6
76039,7
76067,7
76099,9
76122,28
76146,29
76170,5
76203,22
76232,8
76251,5
76279,7
76307,8
76331,6
76355,6
76372,22
76396,14
76415,14
76447,11
76474,5
76498,8
76526,259
76548,177
76570,5
76597,10
76625,64
76654,37
76682,6
76718,9
76739,16
76760,10
76780,5
76815,5
76845,6
76879,37
76903,6
76938,10
76971,9
76988,7
77009,8
77035,22
77055,9
77080,38
77105,32205
77132,5
77157,5
77187,19
77210,7
77238,15
77258,7
77286,13
77307,30
77330,5
77358,5
77377,9
77406,25
77430,5
77458,14
77481,5
77516,6
77547,14
77575,11
77599,10
77617,5
77643,5
77669,5
77688,28
77708,10
77737,5
77766,8
77787,6
77817,7
77848,5
77862,8
77892,16
77928,8
77951,6
77977,6
78005,5
78035,5
78064,18
78090,11
78117,5
78148,8
78175,5
78193,5
78221,14
78247,5
78276,5
78310,5
78329,6
78354,5
78391,7
78426,19
78456,41
78478,26
78514,11
78545,7
78562,16
78592,9
78625,10
78653,9
78683,5
78709,6
78726,11
78759,131
78794,6
78819,12
78843,8
78864,5
78892,24
78922,10
78947,5
78974,11
78998,10
79022,20
79046,29
79072,14
79096,8
79124,13
79152,15
79168,9
79189,7
79221,5
79251,27
79278,6
79313,29
79335,14
79356,6
79385,7
79406,64
79437,6
79478,17
79502,10
79529,7
79553,6
79575,9
79596,8
79622,9
79643,14
79665,14
79685,6
79708,26
79741,10
79759,12
79781,5
79795,13
79820,7
79850,7
79871,5
79892,12
79922,123
79951,6
79983,7
80007,9
80028,14
80051,5
80082,43
80111,26
80143,986
80172,5
80198,8
80217,9
80243,18
80268,49
80294,5
80319,6
80345,7
80382,36
80408,6
80436,5
80461,19
80492,7
80503,5
80533,7
80562,18
80590,5
80616,6
80638,8
80660,5
80685,6
80710,7
80745,7
80769,6
80801,9
80826,7
80855,8
80885,20
80910,8
80935,5
80959,8
80984,6
81009,17
81033,13
81060,61
81086,13
81111,5
81135,9
81159,12
81189,5
81216,9
81246,5
81283,7
81313,15
81337,10
81361,6
81388,5
81416,10
81435,11
81463,46
81505,34
81536,10
81565,30
81584,5
81608,6
81638,17
81667,7
81696,5
81721,15
81741,7
81766,13
81804,110
81841,35
81872,12
81894,10
81922,9
81948,5
81981,5
82008,5
82030,10
82048,6
82069,58
82092,6
82119,11
82145,13
82176,7
82212,7
82241,8
82265,5
82290,5
82321,9
82344,5
82367,38
82390,13
82408,6
82423,7
82448,21
82470,13
82494,8
82527,5
82556,134
82577,21
82606,5
82632,13
82666,5
82696,5
82720,6
82747,7
82779,5
82803,6
82837,64
82858,6
82883,13
82921,5
82949,16
82977,9
82997,5
83017,9
83037,10
83060,21
83079,5
83102,8
83129,34
83153,18
83180,14
83206,5
83234,8
83265,5
83285,6
83313,6
83347,21
83372,6
83396,7
83426,7
83459,5
83483,9
83503,6
83526,6
83554,89
83584,25
83607,5
83638,7
83676,5
83697,5
83723,5
83747,8
83778,5
83799,8
83824,5
83851,54
83871,5
83895,5
83914,9
83935,7
83962,5
83984,6
84009,19
84027,7
84060,41
84083,5
84112,5
84130,25
84151,11
84173,5
84201,6
84234,5
84262,6
84291,8
84316,6
84340,10
84362,475
84390,174
84416,5
84434,12
84465,7
84492,5
84515,6
84541,46
84563,8
84585,76
84613,195
84639,12
84668,5
84688,25
84718,9
84750,9
84770,51
84796,5
84817,11
84850,7
84876,5
84904,6
84926,33
84959,5
84992,5
85016,170
85042,46
85073,6
85097,6
85123,10
85154,17
85177,5
85202,7
85229,8
85246,8
85273,8
85293,18
85321,8
85352,5
85390,5
85409,10
85436,21
85460,5
85485,5
85509,12
85544,25
85571,5
85596,11
85619,36
85646,22
85673,5
85707,10
85730,5
85753,5
85781,6
85810,14
85840,6
85865,8
85895,5
85915,9
85940,6
85965,5
85983,14
85999,7
86029,5
86051,9
86073,33
86091,18
86118,7
86154,7
86182,9
86207,5
86239,5
86264,7
86297,5
86325,5
86345,6
86373,5
86402,7
86422,5
86455,5
86479,6
86512,6
86541,6
86560,9
86586,17
86618,18
86642,6
86672,6
86708,7
86728,8
86752,5
86772,59
86795,6
86812,18
86846,7
86868,5
86893,13
86925,33
86959,5
86983,9
87003,8
87022,5
87049,5
87071,5
87102,8
87132,54
87163,10
87185,15
87210,5
87239,9
87260,11
87280,17
87295,15
87323,8
87347,42
87363,26
87383,5
87412,7
87445,9
87463,8
87492,5
87527,9
87558,10
87583,6
87610,9
87640,7
87665,5
87685,5
87712,6
87740,5
87771,6
87807,5
87826,5
87847,7
87880,5
87906,5
87940,5
87960,23
87988,7
88018,8
88049,11
88079,10
88109,5
88132,5
88164,7
88185,8
88213,9
88247,5
88277,22
88302,5
88333,5
88355,5
88386,5
88412,5
88435,7
88467,6
88488,7
88515,34
88532,5
88554,8
88594,13
88621,14
88642,5
88671,9
88694,7
88718,12
88746,65
88772,11
88802,5
88830,6
88862,495
88894,15
88924,21
88942,5
88972,5
89003,7
89038,11
89055,6
89081,5
89106,7
89126,5
89155,18
89182,11
89211,7
89240,22
89270,6
89292,6
89313,5
89338,22
89365,26
89394,11
89424,9
89447,6
89476,6
89503,11
89529,6
89556,7
89581,7
89602,10
89629,5
89656,5
89678,12
89699,7
89730,5
89749,11
89774,17
89805,23
89829,9
89859,13
89889,6
89917,5
89946,5
89979,66
90013,10
90048,5
90076,6
90095,5
90120,7
90152,71
90182,25
90206,8
90230,30
90258,7
90281,11
90309,6
90336,8
90351,9
90378,11
90397,5
90414,6
90436,5
90465,17
90493,17
90519,9
90542,6
90564,8
90582,5
90610,10
90635,5
90653,8
90680,6
90704,8
90721,106
90747,12
90778,80
90802,5
90835,6
90858,6
90883,5
90911,11
90932,8
90966,8
90988,12
91021,7
91039,5
91065,6
91093,12
91115,28
91133,5
91160,13
91183,6
91212,48
91231,10
91257,10
91284,41
91311,14
91339,44
91366,13
91393,80
91418,12
91436,8
91461,7
91482,12
91506,12
91527,7
91554,6
91589,6
91625,7
91648,10
91675,5
91698,6
91726,16
91759,7
91802,12
91830,5
91848,22
91881,17
91912,5
91939,12
91966,6
91991,14
92018,5
92045,5
92062,9
92082,14
92118,5
92144,39
92161,47
92189,5
92215,8
92238,6
92263,12
92284,28
92306,6
92343,5
92369,7
92394,13
92420,11
92445,8
92470,5
92492,10
92521,13
92547,6
92571,16
92599,14
92626,5
92647,5
92681,5
92702,5
92722,13
92750,6
92775,6
92802,5
92820,16
92836,5
92858,5
92885,5
92909,10
92930,8
92959,12
92984,396
93003,5
93023,8
93046,7
93069,5
93088,10
93120,10
93139,78
93172,11
93200,75
93230,11
93256,12
93282,5
93306,6
93339,12
93358,5
93377,43
93409,22
93438,5
93471,6
93494,68
93518,9
93546,6
93577,6
93605,5
93633,7
93655,6
93682,5
93702,11
93729,5
93762,10
93784,6
93814,19
93835,12
93865,16
93893,6
93919,21
93937,9
93966,8
93986,19
94012,12
94031,10
94057,8
94084,5
94122,6
94143,6
94167,10
94194,5
94224,6
94254,6
94288,14
94306,6
94341,11
94370,5
94392,12
94417,11
94450,14
94475,37
94508,6
94539,8
94564,11
94584,21
94608,12
94635,5
94674,5
94698,44
94723,6
94752,8
94780,33
94813,6
94835,8
94857,6
94880,6
94898,14
94920,9
94935,10
94970,12
94995,11
95020,10
95050,6
95066,6
95093,45
95123,14
95151,10
95179,1101
95207,5
95237,6
95260,5
95293,5
95322,5
95348,5
95367,6
95395,6
95420,6
95438,110
95463,95
95490,9
95528,28
95547,12
95573,6
95605,7
95638,8
95663,10
95683,8
95712,9
95734,22
95754,9
95781,11
95812,5
95840,6
95869,6
95887,5
95923,5
95946,17
95979,35
96009,7
96038,5
96059,7
96092,12
96116,7
96136,6
96170,10
96199,8
96223,13
96251,6
96269,28
96297,25
96323,8
96345,5
96363,8
96388,5
96408,6
96437,9
96463,5
96497,8
96520,13
96543,6
96569,8
96592,12
96618,7
96641,21
96672,12
96698,7
96727,5
96749,10
96776,75
96801,24
96822,10
96855,5
96874,9
96899,18
96926,5
96953,32
96982,5
96998,34
97012,5
97036,8
97059,5
97085,5
97105,25
97133,5
97163,5
97187,7
97217,8
97244,25
97278,8
97316,8
97342,11
97363,5
97399,5
97429,6
97454,7
97482,52
97514,7
97536,31
97555,25
97583,5
97607,8
97631,7
97652,5
97676,5
97700,127
97733,5
97758,5
97787,5
97816,6
97843,5
97863,12
97893,7
97921,5
97944,6
97974,5
97990,7
98012,6
98037,23
98056,6
98070,14
98095,45
98121,8
98139,5
98162,23
98193,10
98221,7
98253,5
98282,5
98309,10
98334,5
98357,20
98385,7
98413,7
98440,5
98471,8
98498,5
98527,5
98563,7
98591,5
98613,10
98638,6
98668,19
98686,16
98710,51
98740,10
98771,6
98803,6
98832,12
98850,18
98871,29
98890,8
98910,14
98937,26
98963,5
98988,15
99015,9
99049,7
99076,22
99104,26
99124,10
99148,26
99170,60
99195,9
99219,61
99241,5
99272,6
99306,15
99331,5
99352,11
99377,21
99407,23
99432,6
99457,5
99485,38
99515,26
99537,10
99556,6
99580,5
99607,9
99637,8
99668,47
99692,5
99712,6
99744,5
99773,34
99807,9
99849,18
99882,2697
99908,8
99936,8
99956,32
99980,7
100008,6
100023,8
100055,6
100074,9
100092,64
100121,30
100154,5
100187,6
100216,6
100243,24
100272,15
100299,6
100320,7
100346,10
100373,5
100394,5
100422,5
100446,7
100469,5
100491,5
100520,5
100544,6
100568,20
100599,5
100631,5
100652,5
100685,10
100711,11
100732,7
100753,5
100776,6
100802,6
100825,13
100853,6
100875,8
100900,15
100933,7
100953,11
100973,8
100994,53
101020,5
101045,5
101071,5
101101,10
101126,7
101150,10
101172,17
101202,6
101240,7
101269,9
101290,82
101318,7
101342,5
101368,8
101395,10
101412,47
101439,8
101468,5
101491,6
101515,12
101542,6
101565,5
101589,28
101622,5
101648,9
101676,12
101709,8
101731,50
101762,6
101783,30
101814,5
101831,6
101848,6
101874,13
101908,7
101926,47
101957,7
101988,7
102016,156
102036,5
102065,25
102089,9
102111,6
102133,8
102146,11
102168,6
102195,49
102219,11
102241,30
102260,5
102295,6
102316,8
102345,19
102364,6
102389,5
102412,5
102441,14
102461,12
102481,5
102504,5
102530,16
102561,5
102579,6
102604,7
102626,9
102644,61
102670,50
102691,16
102714,5
102737,6
102765,9
102783,8
102811,12
102841,5
102871,8
102900,10
102921,22
102946,11
102974,5
103000,5
103033,3452
103057,5
103084,11
103115,6
103136,5
103158,9
103177,8
103201,7
103219,5
103248,10
103275,7
103299,5
103326,15
103359,5
103379,16
103401,6
103429,8
103455,5
103473,10
103501,5
103525,5
103555,5
103591,336
103617,8
103640,12
103670,13
103690,12
103714,15
103744,5
103767,12
103795,6
103825,6
103851,33
103886,6
103918,9
103947,51
103971,6
103988,11
104020,7
104043,7
104071,5
104097,16
104126,22
104151,13
104176,5
104201,27
104228,7
104246,8
104276,5
104301,50
104325,5
104345,16
104376,5
104400,6
104427,5
104451,41
104484,6
104508,6
104541,328
104573,5
104589,10
104609,8
104631,16
104657,45
104690,5
104714,1154
104735,7
104769,104
104791,35
104818,40
104861,6
104879,19
104894,109
104916,8
104943,25
104966,6
104984,6
105013,15
105038,31
105055,14
105086,8
105111,11
105141,9
105173,5
105198,6
105224,6
105248,21
105275,6
105304,6
105329,12
105356,7
105376,6
105405,6
105425,376
105442,7
105463,11
105488,7
105509,15
105537,6
105557,6
105588,5
105614,6
105641,5
105667,22
105695,6
105726,18
105749,14
105780,8
105809,5
105835,20
105862,12
105887,41
105919,9
105952,15
105973,110
106002,8
106037,7
106077,10
106099,73
106120,5
106137,11
106162,5
106196,10
106215,6
106244,456
106280,7
106310,19
106332,11
106356,7
106375,7
106396,14
106419,9
106438,13
106460,5
106480,19
106510,7
106527,7
106556,26
106583,7
106604,8
106627,7
106650,12
106671,10
106690,8
106714,5
106741,8
106763,14
106788,46
106815,13
106847,6
106873,9
106897,5
106927,20
106949,5
106979,13
107004,23
107029,7
107054,55
107086,5
107113,50
107152,13
107190,5
107217,6
107237,8
107259,12
107291,9
107309,8
107337,5
107368,14
107389,6
107410,6
107428,5
107453,6
107483,5
107513,12
107538,7
107571,6
107592,24
107627,8
107655,8
107681,5
107705,5
107732,7
107755,6
107771,5
107804,5
107840,9
107867,12
107899,15
107918,10
107943,8
107970,10
107993,5
108027,5
108049,5
108075,7
108106,5
108132,5
108157,11
108186,9
108214,10
108237,25
108269,6
108289,8
108320,5
108343,7
108367,5
108390,5
108419,18
108448,7
108473,7
108499,6
108530,16
108555,5
108575,16
108597,5
108628,21
108654,11
108685,7
108711,5
108745,9
108763,22
108779,8
108802,28
108824,11
108843,6
108866,5
108887,28
108901,12
108934,35
108961,5
108992,6
109010,11
109045,14
109071,5
109092,8
109115,15
109143,6
109164,6
109196,5
109226,8
109250,7
109277,6
109299,17
109323,14
109350,3111
109386,10
109410,65
109435,7
109457,8
109488,8
109522,5
109548,26
109567,17
109590,5
109618,5
109652,6
109675,10
109699,25
109722,5
109744,11
109777,6
109801,29
109832,7
109859,12
109889,7
109925,5
109949,34
109968,9
109989,14
110007,82
110035,17
110058,7
110081,8
110104,5
110132,6
110157,50
110184,92
110209,15
110227,7
110260,10
110290,9
110311,6
110332,6
110358,11
110388,139
110408,19
110431,10
110450,16
110478,5
110508,6
110526,9
110553,9
110579,6
110603,66
110630,12
110660,5
110686,20
110710,12
110735,63
110762,6
110795,9
110823,7
110853,5
110871,25
110904,12
110931,9
110948,7
110968,6
110985,5
111005,6
111033,86
111057,40
111092,9
111113,7
111136,6
111167,5
111191,99
111216,12
111240,7
111270,6
111295,11
111321,9
111343,8
111373,5
111392,6
111418,7
111440,29
111463,7
111485,5
111521,5
111556,31
111585,6
111611,14
111631,6
111662,28
111688,8
111709,14
111731,496
111751,5
111780,11
111803,8
111831,7
111859,6
111886,24
111905,22
111923,7
111956,11
111980,5
112006,5
112031,8
112066,5
112096,8
112126,20
112149,17
112173,12
112203,5
112232,8
112258,13
112283,7
112309,202
112338,5
112365,9
112395,7
112423,25
112450,15
112474,5
112500,15
112525,8
112545,25
112569,852
112587,7
112613,6
112639,5
112666,6
112694,6
112730,7
112753,9
112786,8
112813,9
112836,5
112861,7
112885,14
112912,8
112948,585
112985,8
113018,8
113050,15
113075,5
113097,34
113128,5
113161,16
113188,60
113215,10
113237,12
113266,9
113291,8
113309,37
113326,6
113352,53
113376,6
113402,6
113421,7
113445,14
113461,6
113497,8
113523,7
113551,5
113584,5
113613,10
113638,5
113666,8
113692,8
113713,27
113746,7
113768,7
113786,15
113809,6
113824,9
113853,5
113882,11
113902,35
113933,5
113962,63
113997,9
114032,6
114060,5
114080,9
114104,5
114127,7
114166,7
114195,25
114228,43
114258,6
114283,5
114308,429
114338,29
114368,9
114392,23
114429,8
114451,38
114483,42
114510,5
114527,5
114561,47
114589,14
114607,5
114640,5
114667,5
114688,9
114722,36
114754,16
114776,116
114801,6
114828,6
114852,13
114876,5
114902,5
114922,52
114947,7
114971,18
114998,22
115018,34
115045,13
115079,6
115102,9
115132,6
115151,7
115183,7
115209,7
115228,5
115255,8
115277,6
115299,6
115324,8
115351,6
115363,12
115391,12
115419,6
115440,7
115465,7
115490,12
115528,10
115551,5
115575,81
115594,5
115621,13
115645,9
115675,21
115694,13
115729,37
115754,5
115774,11
115810,6
115839,8
115861,7
115887,25
115918,6
115937,6
115958,8
115986,10
116005,13
116031,5
116049,16
116078,14
116106,8
116129,7
116148,17
116174,16
116197,12
116230,6
116247,8
116271,9
116291,110
116325,5
116357,7
116390,7
116424,290
116449,60
116473,6
116491,9
116520,10
116543,5
116566,74
116590,6
116614,53
116648,7
116672,5
116693,8
116726,5
116755,6
116774,10
116798,7
116821,7
116850,6
116880,65
116910,33
116938,54
116964,6
116985,6
117011,26
117044,16
117069,5
117099,10
117119,9
117145,6
117162,6
117183,7
117213,6
117234,5
117262,7
117281,10
117302,6
117330,21
117358,5
117384,5
117414,163
117438,62
117469,5
117493,5
117509,6
117533,21
117573,9
117601,7
117627,11
117659,10
117692,16
117719,9
117739,9
117776,17
117799,5
117822,43
117846,10
117870,6
117892,12
117922,6
117945,5
117978,11
118011,9
118038,6
118063,5
118085,20
118116,138
118142,27
118166,5
118189,6
118212,8
118245,13
118269,10
118294,5
118324,11
118352,17
118378,23
118390,15
118417,9
118443,6
118471,5
118491,20
118522,5
118546,5
118577,31
118607,5
118643,12
118673,5
118704,65
118729,6
118757,5
118773,29
118798,5
118820,8
118848,6
118872,11
118907,21
118935,6
118971,5
118999,7
119030,11
119057,5
119081,6
119108,9
119143,7
119165,28
119192,16
119213,5
119242,13
119263,28
119284,6
119309,12
119332,7
119354,5
119377,10
119403,12
119423,5
119447,5
119470,5
119497,6
119519,14
119546,15
119573,42
119601,6
119631,5
119660,9
119679,5
119698,7
119726,11
119747,12
119780,5
119800,6
119823,12
119851,9
119886,11
119913,5
119936,5
119963,10
119984,6
120015,17
120052,8
120077,5
120108,6
120132,6
120155,12
120182,6
120211,14
120246,7
120278,11
120302,30
120327,207
120352,22
120386,5
120411,13
120433,9
120470,14
120494,8
120515,24
120549,26
120573,7
120602,12
120622,6
120649,32
120675,8
120698,8
120716,6
120738,13
120763,5
120779,6
120808,38
120825,6
120858,14
120873,6
120893,6
120922,6
120952,5
120977,6
120996,5
121009,5
121032,14
121050,19
121064,23
121090,12
121120,11
121145,446
121174,5
121202,5
121229,6
121250,5
121277,15
121302,8
121335,77
121360,7
121384,239
121407,10
121436,8
121467,11
121494,26
121514,877
121543,11
121577,6
121604,7
121626,6
121652,5
121681,16
121704,5
121724,5
121753,8
121781,191
121807,14
121826,18
121850,8
121881,8
121907,6
121938,18
121952,14
121979,11
121997,5
122024,8
122044,17
122077,5
122106,10
122132,12
122165,7
122190,7
122208,16
122241,85
122265,8
122290,6
122314,8
122338,5
122368,5
122405,54
122432,12
122453,5
122473,8
122498,6
122529,6
122549,15
122578,6
122594,14
122625,5
122643,6
122672,6
122698,48
122721,18
122741,7
122762,50
122785,12
122808,5
122840,7
122860,5
122889,23
122915,6
122928,6
122955,8
122990,6
123018,9
123044,53
123070,5
123098,5
123125,6
123154,10
123174,5
123201,7
123230,5
123247,23
123277,8
123297,42
123313,6
123327,13
123353,5
123371,25
123394,10
123418,8
123441,9
123465,14
123489,7
123521,25
123550,5
123572,9
123593,33
123620,9
123643,10
123679,6
123695,13
123723,23
123749,35
123774,8
123802,6
123833,5
123852,7
123875,15
123904,7
123928,5
123953,6
123983,51
124002,5
124034,6
124068,28
124096,651
124118,8
124137,5
124161,7
124198,5
124216,46
124245,5
124269,8
124291,6
124316,7
124342,43
124365,8
124399,6
124426,8
124452,66
124485,7
124512,5
124533,6
124550,6
124578,6
124612,9
124634,12
124665,9
124695,5
124719,5
124749,5
124778,7
124803,7
124832,14
124867,9
124890,6
124918,5
124934,8
124959,16
124979,5
125003,15
125032,6
125067,860
125088,5
125119,68
125148,7
125172,31
125202,5
125227,10
125251,5
125274,8
125296,43
125313,8
125332,39
125352,12
125376,5
125394,9
125424,5
125449,5
125475,5
125497,11
125526,6
125550,5
125564,6
125588,6
125610,12
125642,14
125671,44
125698,7
125721,21
125735,9
125764,11
125795,8
125819,8
125851,46
125870,7
125894,6
125918,10
125947,6
125970,9
125992,5
126007,5
126035,50
126056,7
126080,5
126103,9
126135,6
126163,74
126192,9
126219,9
126235,12
126272,17
126294,6
126325,14
126350,7
126369,8
126388,10
126417,13
126432,6
126451,22
126482,6
126515,5
126544,10
126567,13
126600,5
126623,6
126654,5
126685,5
126705,5
126731,5
126767,6
126798,10
126827,5
126855,9
126877,5
126911,29
126937,7
126956,5
126976,6
126998,5
127037,42
127064,8
127100,5
127114,35
127144,6
127176,9
127211,5
127235,32
127265,14
127285,13
127316,32
127345,11
127383,5
127416,5
127439,13
127466,5
127489,5
127516,55
127536,9
127565,13
127589,10
127617,8
127646,5
127674,6
127704,5
127724,8
127742,6
127764,5
127798,6
127814,34
127842,10
127874,17
127896,25
127922,9
127947,29
127978,32
128003,13
128022,10
128051,15
128083,8
128109,8
128136,21
128160,5
128195,6
128219,18
128249,6
128267,5
128294,6
128312,5
128340,7
128369,10
128397,8
128427,5
128453,5
128482,6
128499,12
128532,9
128553,9
128582,7
128608,7
128639,6
128662,5
128681,6
128699,9
128725,5
128752,7
128778,8
128796,5
128822,12
128853,17
128880,5
128904,6
128935,178
128966,8
128995,6
129024,10
129052,27
129068,5
129086,20
129107,5
129134,30
129161,5
129179,6
129197,5
129225,1972
129248,19
129275,38
129303,54
129326,8
129356,6
129386,5
129414,19
129440,8
129476,15
129494,7
129516,52
129533,10
129559,11
129580,17
129605,5
129629,12
129648,19
129676,6
129703,5
129738,102
129754,321
129780,30
129803,17
129830,8
129860,52
129888,22
129920,20
129948,7
129975,5
130008,13
130027,8
130056,6
130085,6
130117,6
130144,11
130169,21
130195,24
130214,7
130249,7
130276,6
130298,11
130326,5
130352,8
130383,9
130409,9
130438,8
130466,12
130492,28
130526,11
130549,13
130581,28
130607,6
130629,5
130652,237
130681,14
130708,11
130731,12
130761,9
130785,5
130803,9
130833,6
130855,60
130877,10
130899,7
130929,7
130959,13
130985,9
131020,10
131047,5
131074,5
131093,8
131117,5
131145,7
131168,6
131189,48
131214,11
131235,6
131263,8
131290,8
131315,18
131348,11
131374,8
131410,8
131446,6
131469,10
131499,6
131530,15
131560,13
131582,6
131607,7
131629,16
131652,37
131677,14
131703,5
131729,30
131751,6
131781,5
131804,11
131829,6
131858,14
131883,51
131907,7
131940,5
131967,24
131992,55
132013,6
132043,31
132067,51
132092,5
132113,8
132136,5
132157,7
132196,6
132215,7
132239,5
132274,7
132305,7
132327,9
132357,21
132374,63
132406,12
132435,23
132466,11
132481,22
132508,8
132530,7
132554,16
132583,17
132613,21
132644,7
132666,43
132692,25
132719,9
132743,13
132770,12
132794,9
132814,22
132832,12
132864,7
132890,38
132912,5
132941,5
132962,5
132981,8
132998,6
133034,15
133064,15
133077,7
133109,8
133140,17
133170,24
133201,6
133221,12
133237,9
133261,8
133286,24
133313,15
133348,7
133376,20
133405,7
133428,6
133450,12
133477,11
133515,8
133543,5
133569,7
133592,8
133618,5
133640,7
133660,8
133684,24
133705,12
133729,6
133759,7
133792,7
133822,6
133846,11
133868,24
133901,5
133920,5
133945,10
133973,57
134000,9
134027,10
134048,7
134076,6
134099,18
134123,20
134154,23
134176,10
134192,23
134215,9
134238,66
134269,50
134301,31
134326,11
134348,5
134378,7
134405,10
134428,8
134448,12
134472,12
134494,10
134515,10
134533,9
134557,10
134577,8
134605,25
134629,11
134664,19
134686,5
134712,7
134738,6
134766,24
134789,182
134823,12
134845,5
134872,5
134899,7
134930,9
134960,7
134991,22
135012,12
135038,25
135067,8
135094,8
135116,5
135141,7
135165,6
135185,6
135215,5
135241,12
135265,5
135292,5
135320,12
135339,16
135366,12
135391,5
135417,8
135444,5
135471,5
135494,6
135514,13
135539,5
135565,14
135601,13
135631,5
135656,13
135685,5
135729,14
135755,12
135789,8
135822,5
135847,8
135868,6
135906,10
135933,184
135959,8
135991,5
136025,6
136059,5
136075,9
136099,6
136133,6
136156,8
136192,20
136218,10
136245,10
136269,5
136298,5
136319,18
136354,9
136376,10
136406,15
136433,5
136462,7
136490,5
136531,5
136553,6
136580,18
136604,8
136632,15
136660,24
136698,6
136726,12
136755,7
136781,8
136806,23
136829,78
136850,17
136877,8
136916,5
136949,5
136974,5
137005,16
137031,14
137057,12
137086,7
137112,5
137130,5
137155,12
137180,8
137211,6
137239,43
137266,11
137296,5
137323,7
137346,12
137373,7
137397,6
137430,6
137457,14
137482,13
137492,11
137517,14
137542,5
137569,27
137598,6
137626,6
137647,6
137666,38
137690,7
137729,14
137749,8
137777,6
137808,6
137835,6
137861,11
137885,6
137908,9
137933,7
137961,5
137977,33
137998,29
138022,7
138046,9
138074,5
138104,30
138133,9
138162,70
138184,5
138205,5
138231,6
138252,16
138284,26
138309,12
138328,9
138354,5
138379,13
138413,5
138436,9
138457,5
138491,13
138514,15
138530,6
138564,6
138585,11
138615,31
138644,430
138670,7
138697,7
138717,9
138740,6
138758,7
138787,6
138810,8
138832,11
138859,21
138879,5
138896,42
138922,7
138939,6
138960,26
138989,34
139018,6
139047,7
139079,25
139099,5
139119,5
139149,16
139171,9
139200,11
139228,7
139252,5
139274,13
139309,7
139328,5
139349,8
139376,16
139408,314
139448,58
139478,11
139501,6
139527,11
139558,45
139590,8
139616,13
139641,5
139670,7
139695,8
139724,22
139750,5
139773,10
139798,8
139827,5
139854,6
139883,7
139907,7
139928,8
139944,7
139972,15
140003,5
140034,5
140060,6
140092,16
140113,18
140139,8
140167,5
140190,66
140206,6
140226,29
140250,11
140271,10
140294,9
140326,5
140358,6
140378,43
140403,10
140430,14
140460,68
140485,6
140515,6
140542,13
140561,6
140593,10
140612,10
140634,6
140660,6
140694,10
140718,5
140747,9
140777,11
140803,21
140826,6
140857,12
140879,6
140900,6
140923,17
140937,9
140973,53
141002,9
141020,12
141045,5
141078,7
141105,9
141121,33
141149,12
141177,8
141200,10
141230,5
141255,12
141282,20
141309,7
141340,11
141371,5
141391,5
141426,10
141448,9
141488,5
141508,16
141528,87
141555,6
141576,21
141596,23
141617,176
141642,24
141669,9
141692,15
141728,8
141748,10
141775,10
141798,5
141813,5
141849,5
141869,46
141897,7
141919,9
141953,9
141975,7
142003,9
142030,6
142046,7
142066,5
142099,36
142121,5
142155,9
142182,6
142206,8
142225,9
142253,5
142275,46
142300,7
142324,6
142353,16
142373,6
142404,6
142440,12
142470,9
142503,108
142533,6
142563,13
142587,6
142609,7
142638,78
142670,13
142696,56
142717,5
142746,8
142770,6
142796,9
142827,47
142852,7
142875,15
142898,686
142924,5
142946,40
142979,8
143009,5
143040,13
143067,6
143099,5
143125,11
143154,10
143176,41
143203,6
143231,15
143255,5
143273,22
143299,26
143326,37
143353,8
143383,5
143407,25
143435,15
143459,21
143484,6
143505,24
143532,14
143563,7
143592,9
143619,5
143639,40
143663,8
143682,6
143706,14
143737,7
143765,6
143789,5
143816,55
143832,7
143871,5
143893,8
143910,10
143937,5
143965,6
143986,5
144014,6
144049,45
144078,5
144104,10
144133,5
144157,45
144189,30
144209,5
144231,9
144255,6
144268,8
144292,23
144312,26
144336,20
144365,6
144391,36
144415,5
144444,5
144466,9
144492,17
144520,5
144548,5
144576,7
144607,7
144630,17
144654,8
144685,11
144705,5
144736,5
144762,27
144796,14
144814,5
144840,21
144865,8
144889,5
144904,9
144932,8
144959,7
144987,7
145019,5
145044,10
145062,8
145088,13
145119,10
145151,19
145179,5
145212,13
145235,6
145256,35
145282,9
145317,6
145336,14
145355,7
145395,6
145429,17
145457,5
145484,5
145507,7
145541,5
145564,5
145587,7
145611,12
145629,33
145659,21
145687,5
145707,7
145732,7
145753,13
145771,19
145796,16
145823,5
145845,11
145872,30
145900,53
145925,20
145941,7
145965,8
145997,24
146017,8
146039,13
146062,21
146093,19
146120,45
146146,6
146174,12
146212,8
146238,8
146255,8
146272,7
146294,6
146325,5
146363,12
146405,12
146420,5
146441,15
146466,7
146490,6
146519,5
146553,8
146577,6
146591,5
146612,5
146642,15
146664,5
146688,7
146716,8
146740,5
146757,5
146792,13
146823,5
146839,14
146870,23
146898,6
146927,8
146954,64
146976,6
147009,11
147034,5
147059,26
147080,5
147109,120
147139,7
147160,43
147184,5
147211,29
147229,27
147255,6
147284,36
147311,9
147332,22
147369,498
147396,5
147417,9
147440,8
147467,5
147489,5
147510,5
147540,7
147564,5
147607,6
147632,5
147657,7
147679,6
147700,13
147724,16
147745,10
147769,21
147787,5
147815,5
147834,15
147856,19
147881,19
147902,27
147925,5
147955,5
147972,19
148003,39
148036,9
148058,18
148085,18
148115,5
148142,16
148169,17
148196,22
148221,7
148243,5
148284,6
148310,10
148338,5
148363,6
148386,5
148406,79
148429,9
148450,8
148472,5
148505,17
148528,14
148553,20
148582,10
148602,6
148629,127
148654,9
148674,8
148702,7
148724,5
148754,10
148777,9
148804,15
148837,60
148855,12
148877,29
148904,10
148928,5
148948,477
148974,6
149003,5
149030,12
149048,12
149073,19
149097,26
149111,6
149129,6
149151,5
149178,37
149212,7
149237,6
149257,6
149284,16
149311,6
149345,6
149381,5
149413,27
149439,11
149458,18
149484,5
149507,5
149531,8
149552,118
149570,6
149603,12
149627,81
149649,57
149665,6
149692,19
149722,172
149741,11
149767,10
149793,6
149816,5
149852,7
149882,21
149909,11
149932,5
149966,5
149992,5
150018,6
150038,6
150061,6
150084,8
150104,9
150129,6
150160,27
150185,19
150208,5
150231,5
150262,9
150281,5
150307,25
150337,17
150354,5
150380,5
150402,6
150423,14
150449,5
150483,7
150506,23
150529,5
150551,15
150573,8
150592,6
150613,5
150635,20
150657,15
150679,5
150706,14
150731,62
150760,10
150784,9
150817,5
150847,5
150868,5
150903,5
150939,6
150963,21
150987,5
151011,5
151039,5
151067,6
151092,9
151126,41
151162,9
151177,10
151208,8
151238,7
151267,8
151300,7
151326,22
151355,27
151382,6
151403,10
151421,198
151441,6
151467,10
151493,5
151523,8
151544,5
151566,13
151597,5
151627,5
151650,7
151676,9
151709,6
151734,7
151765,5
151785,6
151817,24
151849,6
151872,19
151907,5
151935,33
151971,5
152006,20
152034,15
152051,5
152077,17
152103,5
152118,8
152145,5
152184,6
152207,6
152227,6
152265,5
152286,12
152319,5
152345,19
152371,9
152398,35
152433,13
152453,12
152479,9
152507,7
152533,40
152565,34
152590,23
152615,18
152638,110
152658,6
152683,6
152706,8
152728,7
152753,38
152777,19
152801,16
152832,6
152856,9
152878,17
152909,7
152939,19
152954,13
152981,5
153000,14
153023,515
153054,5
153075,5
153102,6
153126,7
153146,8
153183,10
153209,13
153225,10
153250,7
153280,5
153309,18
153344,6
153373,11
153405,2127
153427,5
153455,6
153487,11
153514,5
153542,7
153574,102
153600,7
153639,6
153666,24
153705,14
153725,5
153750,7
153780,20
153802,5
153826,23
153849,8
153883,10
153908,7
153941,6
153967,5
153991,16
154020,5
154039,5
154059,19
154088,48
154120,7
154149,7
154176,5
154204,27
154231,9
154266,8
154294,8
154317,9
154339,8
154371,5
154396,5
154424,10
154451,9
154473,6
154498,13
154518,23
154558,9
154588,13
154614,35
154648,5
154666,6
154691,5
154719,108
154741,5
154771,7
154793,5
154809,14
154837,5
154859,35
154876,5
154893,8
154918,8
154945,52
154976,38
155005,7
155027,14
155057,7
155079,76
155102,5
155128,11
155149,9
155181,6
155202,10
155221,5
155250,13
155273,8
155296,6
155316,5
155334,5
155366,6
155392,22
155419,11
155441,26
155464,46
155489,5
155528,5
155557,10
155577,14
155601,11
155625,7
155652,7
155678,230
155703,52
155730,8
155750,6
155779,9
155807,9
155828,5
155859,9
155887,25
155911,131
155946,95
155969,6
155994,5
156021,7
156047,29
156063,357
156087,10
156113,36
156139,14
156163,41
156186,17
156212,9
156236,6
156258,28
156291,363
156316,5
156341,10
156373,15
156398,15
156429,6
156455,5
156475,10
156517,5
156547,10
156570,5
156597,52
156617,5
156645,7
156670,13
156688,14
156708,6
156738,6
156768,9
156802,17
156832,5
156864,5
156887,8
156916,36
156942,42
156962,8
156984,10
157008,11
157026,47
157046,7
157075,19
157096,7
157115,6
157138,5
157161,16
157181,12
157200,30
157228,5
157252,5
157285,42
157318,59
157356,6
157390,8
157413,29
157442,10
157466,15
157488,13
157518,6
157541,5
157573,33
157599,113
157627,9
157652,5
157677,8
157704,10
157712,11
157739,59
157766,7
157797,5
157828,25
157857,5
157884,87
157912,10
157935,17
157960,16
157993,9
158022,6
158054,5
158080,9
158100,13
158125,7
158146,8
158173,23
158196,10
158219,5
158240,9
158262,7
158288,8
158307,6
158334,7
158360,856
158390,38
158413,9
158440,12
158471,10
158485,14
158507,6
158527,8
158549,9
158575,12
158598,6
158628,17
158654,5
158679,6
158712,6
158746,6
158770,10
158796,20
158824,9
158841,10
158869,8
158889,8
158911,6
158937,5
158957,6
158984,438
159012,6
159029,5
159050,6
159077,29
159095,5
159116,6
159144,9
159175,32
159197,14
159217,15
159237,12
159271,5
159293,11
159318,11
159347,93
159369,26
159393,78
159423,6
159452,5
159479,8
159505,5
159528,101
159558,5
159589,5
159611,226
159637,5
159651,7
159679,43
159706,5
159727,8
159763,5
159787,5
159817,33
159846,28
159866,10
159895,8
159924,5
159949,5
159975,19
160003,15
160023,12
160058,14
160084,22
160108,7
160136,11
160164,15
160195,5
160219,5
160245,5
160273,5
160292,12
160318,7
160351,5
160380,15
160404,15
160430,5
160451,5
160473,5
160498,13
160518,12
160553,7
160582,5
160603,11
160634,6
160657,6
160690,12
160715,73
160745,8
160769,19
160788,23
160813,8
160839,6
160872,6
160897,5
160928,6
160960,23
160983,9
161008,5
161037,6
161059,8
161084,6
161100,14
161122,11
161157,43
161186,17
161222,11
161241,5
161274,6
161293,9
161317,6
161346,13
161379,5
161399,22
161426,5
161458,6
161482,5
161511,14
161538,21
161561,9
161594,6
161630,111
161656,5
161677,5
161705,14
161726,174
161749,15
161772,18
161793,7
161817,14
161837,29
161870,6
161893,5
161924,272
161954,21
161980,13
162012,9
162037,5
162061,13
162077,6
162105,7
162131,13
162148,17
162163,7
162184,22
162213,11
162235,5
162255,6
162288,8
162316,6
162335,5
162360,7
162378,8
162403,15
162435,7
162462,35
162487,6
162516,59
162545,5
162567,183
162586,14
162607,5
162629,9
162659,16
162685,7
162714,7
162746,9
162780,5
162796,5
162814,7
162845,8
162867,18
162890,5
162906,10
162933,27
162962,7
162983,7
163018,5
163048,7
163072,7
163108,8
163126,10
163155,16
163178,5
163198,9
163226,16
163262,5
163284,6
163307,5
163330,14
163355,7
163383,31
163414,9
163440,27
163468,7
163489,8
163515,11
163539,52
163564,10
163595,5
163619,6
163641,15
163668,11
163688,8
163716,5
163744,7
163765,5
163795,5
163815,19
163844,12
163879,5
163917,28
163948,30
163979,12
164000,5
164028,11
164051,13
164072,5
164103,6
164128,17
164161,13
164186,24
164214,14
164246,24
164285,5
164308,8
164337,20
164363,39
164382,5
164406,21
164435,15
164456,5
164493,9
164523,9
164549,5
164572,7
164598,6
164618,33
164648,8
164682,20
164703,6
164729,6
164754,8
164786,85
164813,8
164838,5
164864,5
164890,5
164918,11
164942,11
164974,12
164997,6
165022,15
165041,14
165054,21
165072,54
165101,5
165121,12
165155,43
165182,11
165205,5
165227,43
165260,5
165283,36
165318,5
165342,5
165373,6
165395,14
165420,5
165445,8
165460,6
165488,95
165515,35
165549,52
165579,5
165600,5
165624,44
165651,5
165682,5
165711,9
165734,5
165764,16
165795,16
165823,8
165852,8
165875,5
165903,13
165937,18
165966,6
165987,5
166021,4653
166044,67
166076,5
166102,5
166128,10
166154,19
166182,6
166197,7
166229,6
166249,6
166271,5
166292,76
166320,10
166339,5
166378,6
166404,8
166423,5
166449,23
166481,8
166508,9
166534,23
166553,22
166580,5
166604,5
166635,11
166668,7
166688,215
166713,6
166734,7
166759,5
166800,6
166824,16
166855,8
166875,5
166905,7
166932,5
166963,6
166992,8
167022,5
167054,16
167083,6
167113,18
167134,11
167159,6
167189,6
167216,6
167243,12
167267,12
167292,20
167325,8
167347,126
167385,10
167404,5
167423,8
167454,7
167484,55
167507,5
167532,5
167559,7
167585,9
167609,5
167634,12
167651,5
167675,16
167710,47
167735,5
167752,20
167783,6
167803,63
167827,6
167847,10
167876,7
167905,6
167935,8
167959,8
167982,423
168002,5
168027,10
168051,6
168079,5
168103,8
168137,7
168162,5
168195,48
168220,8
168243,21
168270,5
168300,11
168334,6
168352,20
168391,11
168416,5
168441,5
168476,7
168495,15
168516,6
168539,5
168574,14
168599,5
168633,14
168663,5
168688,13
168713,15
168733,5
168752,5
168771,20
168787,5
168810,5
168827,8
168847,10
168886,5
168912,7
168940,6
168967,8
168983,8
169006,6
169032,5
169054,171
169080,5
169104,8
169122,5
169147,24
169177,5
169203,7
169236,5
169257,29
169284,23
169314,7
169338,15
169366,50
169388,11
169412,5
169446,33
169469,8
169490,5
169519,53
169550,8
169578,6
169612,8
169638,8
169657,6
169682,5
169701,9
169725,21
169757,44
169784,9
169811,11
169840,6
169864,6
169887,14
169918,5
169938,16
169960,11
169992,11
170018,19
170048,29
170077,6
170102,11
170121,5
170149,19
170173,6
170202,5
170246,7
170275,8
170295,113
170327,5
170349,7
170372,6
170400,69
170431,7
170454,8
170476,7
170505,10
170536,13
170565,6
170583,6
170608,6
170641,94
170666,8
170695,6
170713,9
170739,6
170766,9
170792,11
170820,148
170851,5
170874,22
170903,15
170930,17
170948,7
170967,28
170989,6
171017,5
171043,20
171063,9
171087,11
171117,6
171139,9
171170,7
171185,5
171217,5
171243,11
171275,15
171304,23
171331,14
171364,5
171384,13
171409,35
171427,5
171454,7
171477,18
171506,7
171538,757
171563,7
171588,13
171613,8
171640,11
171666,8
171695,5
171727,7
171755,9
171787,19
171810,13
171830,8
171857,9
171886,44
171910,7
171942,6
171968,76
172000,42
172029,16
172059,13
172079,8
172100,8
172125,6
172145,70
172170,5
172199,7
172235,6
172261,5
172286,12
172307,9
172341,6
172360,10
172379,7
172396,14
172415,7
172453,8
172470,42
172502,8
172524,42
172547,11
172571,6
172605,5
172626,6
172660,8
172688,13
172716,6
172740,5
172768,6
172794,6
172818,8
172840,9
172871,6
172894,7
172915,5
172947,6
172975,38
172999,7
173013,6
173045,7
173073,13
173098,5
173120,6
173142,11
173179,36
173202,5
173231,6
173250,92
173270,8
173301,8
173325,62
173352,1300
173370,14
173401,6
173424,5
173446,5
173472,8
173493,7
173518,5
173545,5
173578,5
173608,5
173631,7
173656,5
173678,11
173701,8
173728,7
173746,7
173775,5
173799,6
173827,10
173858,9
173884,7
173909,5
173924,1736
173942,25
173970,7
173998,5
174027,18
174053,16
174080,46
174106,8
174138,11
174157,5
174178,6
174205,14
174228,8
174258,6
174276,9
174304,6
174325,7
174352,5
174381,9
174404,8
174430,8
174454,8
174475,6
174516,10
174548,6
174573,6
174591,6
174614,6
174643,33
174679,5
174707,7
174733,7
174757,5
174778,11
174805,5
174835,7
174856,8
174880,5
174907,5
174939,6
174962,5
174988,131
175014,58
175043,6
175067,5
175095,7
175120,16
175147,5
175173,8
175196,15
175222,10
175253,12
175271,9
175292,7
175321,7
175341,16
175365,5
175384,12
175413,24
175450,25
175473,7
175505,6
175522,6
175543,13
175575,18
175606,18
175634,5
175657,7
175688,6
175712,48
175740,9
175761,16
175788,6
175816,5
175843,8
175870,6
175898,6
175933,6
175958,9
175995,10
176023,6
176048,5
176072,15
176093,5
176129,8
176148,7
176173,14
176204,7
176234,7
176259,5
176288,11
176304,5
176337,35
176363,6
176390,5
176419,10
176448,6
176468,922
176497,9
176528,7
176552,5
176583,24
176601,6
176626,6
176650,8
176679,5
176716,8
176745,94
176777,5
176803,8
176831,27
176854,7
176882,8
176914,14
176940,7
176959,8
176968,11
176990,8
177012,240
177031,9
177068,39
177094,12
177124,8
177145,6
177161,322
177186,5
177214,9
177240,64
177258,5
177277,7
177301,6
177326,113
177348,10
177381,47
177408,5
177431,5
177452,6
177477,41
177511,6
177540,9
177565,8
177593,35
177619,9
177641,9
177667,5
177687,19
177720,26
177751,13
177773,6
177790,8
177815,6
177844,8
177872,6
177894,8
177916,5
177939,9
177963,6
177989,22
178011,5
178041,5
178063,5
178098,5
178116,7
178138,6
178161,13
178188,5
178220,7
178247,8
178264,6
178291,6
178312,11
178335,39
178351,13
178380,37
178408,5
178439,7
178459,5
178498,14
178525,6
178555,8
178585,5
178621,15
178646,6
178664,10
178674,9
178700,17
178724,7
178746,14
178772,7
178806,7
178840,6
178863,10
178905,1456
178934,66
178952,8
178979,9
179008,11
179025,8
179056,5
179089,5
179110,6
179132,5
179166,9
179193,13
179216,15
179240,11
179268,9
179290,7
179313,5
179342,11
179369,5
179395,6
179429,13
179460,56
179484,248
179505,5
179526,5
179554,5
179574,6
179614,5
179646,25
179678,9
179709,18
179735,6
179762,14
179778,11
179808,5
179838,5
179866,7
179897,5
179925,5
179949,6
179966,5
179994,7
180022,5
180042,96
180071,7
180098,175
180121,9
180150,9
180178,6
180197,8
180228,5
180257,7
180277,7
180306,12
180335,12
180364,7
180390,6
180412,12
180436,11
180464,5
180495,94
180522,5
180544,9
180569,5
180597,10
180632,33
180647,71
180676,15
180702,22
180730,11
180754,5
180778,100
180803,38
180835,10
180854,7
180877,625
180911,11
180945,9
180972,30
181008,6
181032,5
181057,5
181085,5
181104,5
181121,5
181142,287
181172,25
181199,5
181231,6
181260,22
181291,14
181316,7
181341,8
181370,6
181398,11
181427,13
181456,8
181482,11
181519,14
181543,15
181576,6
181606,5
181634,8
181662,536
181689,56
181705,5
181723,6
181755,5
181775,7
181800,11
181831,10
181854,728
181879,12
181906,7
181934,45
181964,5
181986,7
182006,7
182030,6
182057,7
182084,17
182109,41
182134,5
182158,63
182177,6
182193,6
182227,5
182251,23
182271,5
182287,5
182309,21
182344,5
182367,7
182390,5
182412,8
182435,17
182456,10
182486,13
182516,10
182537,9
182564,66
182586,6
182614,15
182651,5
182673,10
182698,9
182725,6
182759,7
182780,6
182803,18
182820,780
182843,9
182866,14
182894,17
182920,5
182943,15
182974,7
183001,11
183019,19
183041,9
183065,10
183103,8
183125,9
183150,8
183178,7
183198,27
183213,6
183235,8
183257,95
183286,5
183312,6
183343,5
183366,5
183383,25
183416,8
183437,3189
183464,5
183493,33
183528,7
183555,17
183577,12
183603,6
183624,6
183651,9
183682,15
183716,10
183741,46
183765,45
183793,5
183814,5
183840,115
183864,5
183890,5
183917,11
183951,8
183974,32
183999,10
184022,16
184062,5
184087,5
184107,18
184125,11
184152,22
184181,8
184204,5
184235,5
184254,5
184279,8
184305,7
184329,6
184360,10
184380,5
184404,6
184428,12
184454,5
184474,6
184501,6
184524,10
184559,19
184588,10
184618,124
184640,8
184657,25
184683,5
184702,6
184721,23
184739,5
184780,5
184817,8
184842,5
184866,9
184894,6
184913,5
184934,67
184965,6
184993,5
185015,7
185039,5
185058,6
185079,8
185094,10
185123,8
185159,7
185191,27
185214,21
185235,5
185256,5
185283,28
185307,7
185336,265
185366,5
185397,5
185428,15
185454,5
185481,22
185516,9
185545,8
185570,6
185586,5
185604,6
185637,17
185663,17
185699,5
185720,9
185752,10
185772,18
185803,6
185837,18
185861,8
185890,6
185922,7
185945,13
185966,14
185988,19
186013,5
186043,5
186074,9
186107,21
186136,15
186162,23
186186,5
186209,5
186242,8
186268,8
186293,36
186324,9
186354,13
186376,596
186409,8
186442,28
186455,11
186483,8
186517,104
186541,5
186565,8
186584,5
186610,5
186623,13
186646,5
186667,6
186695,128
186726,5
186748,11
186766,9
186798,6
186822,13
186848,11
186872,7
186899,51
186930,12
186957,10
186982,45
187014,178
187042,10
187070,5
187087,176
187106,5
187134,9
187154,5
187178,11
187218,13
187247,5
187272,54
187303,10
187326,6
187345,10
187367,5
187388,19
187412,9
187437,323
187460,9
187470,38
187507,5
187534,21
187564,6
187589,6
187618,6
187644,6
187671,6
187691,12
187722,10
187755,8
187783,5
187807,15
187835,6
187851,12
187881,8
187900,18
187928,11
187949,5
187979,5
188002,23
188026,12
188043,7
188071,6
188115,6
188142,6
188167,5
188198,5
188230,5
188261,6
188294,5
188322,34
188350,73
188368,10
188391,27
188411,10
188432,16
188458,5
188477,5
188497,5
188528,12
188570,13
188593,9
188625,7
188658,5
188684,174
188711,5
188741,56
188771,11
188800,13
188831,6
188852,18
188874,7
188893,18
188922,10
188942,10
188964,39
188992,56
189023,5
189052,9
189076,16
189102,46
189118,7
189140,6
189159,8
189188,7
189219,10
189246,14
189271,5
189289,5
189311,23
189342,14
189384,5
189410,7
189436,5
189464,10
189483,5
189503,5
189535,7
189559,33
189587,8
189616,7
189636,5
189662,16
189687,19
189720,5
189755,96
189779,71
189801,11
189825,7
189850,52
189877,6
189904,5
189932,11
189961,6
189977,32
190009,10
190037,12
190064,5
190083,6
190107,7
190128,5
190157,5
190188,6
190202,6
190231,13
190257,18
190289,8
190313,27
190334,36
190360,6
190386,17
190405,26
190432,6
190458,10
190487,10
190505,5
190532,16
190556,8
190584,299
190613,8
190631,5
190657,8
190684,5
190712,5
190731,8
190754,9
190772,11
190793,8
190821,5
190846,6
190875,5
190909,8
190939,5
190969,7
190989,8
191022,6
191053,8
191085,8
191110,31
191136,5
191165,14
191191,7
191218,7
191249,12
191273,13
191303,28
191329,55
191356,5
191387,15
191409,9
191440,5
191467,13
191497,7
191525,53
191556,5
191573,36
191597,8
191626,7
191647,7
191669,5
191686,6
191706,22
191731,5
191750,13
191778,23
191806,5
191832,13
191853,5
191873,6
191897,10
191920,16
191947,7
191966,5
191995,35
192022,9
192051,8
192069,5
192094,5
192126,17
192155,7
192175,5
192206,5
192224,25
192245,5
192266,8
192288,11
192321,5
192349,6
192382,25
192397,7
192425,39
192445,14
192475,5
192496,6
192528,8
192556,44
192576,6
192602,5
192625,60
192652,16
192683,9
192711,5
192734,12
192754,9
192784,5
192802,7
192820,11
192840,37
192867,7
192898,6
192929,13
192951,5
192979,6
193009,47
193023,25
193055,7
193075,5
193100,6
193127,7
193150,14
193176,7
193195,16
193227,8
193248,33
193277,5
193305,11
193330,9
193361,5
193393,11
193417,8
193442,7
193472,16
193495,17
193517,14
193547,17
193570,9
193601,163
193631,6
193662,10
193694,6
193705,38
193732,8
193760,49
193780,17
193800,20
193829,25
193859,16
193883,7
193914,7
193945,20
193973,5
194004,32
194032,8
194054,56
194072,21
194093,5
194116,6
194148,19
194169,7
194197,11
194219,15
194243,29
194269,5
194300,12
194331,8
194356,10
194381,5
194404,6
194435,19
194478,5
194508,5
194531,7
194552,6
194578,66
194610,5
194636,8
194662,8
194692,13
194728,5
194752,11
194782,5
194803,62
194826,16
194845,19
194862,64
194890,18
194919,12
194943,6
194969,37
194996,6
195013,8
195043,14
195071,6
195092,13
195119,21
195146,16
195176,8
195193,6
195218,42
195240,8
195264,10
195285,7
195314,7
195340,46
195363,6
195390,15
195415,5
195444,64
195466,7
195498,14
195519,6
195553,5
195573,14
195597,12
195627,24
195653,7
195678,34
195702,149
195738,6
195764,19
195795,8
195826,5
195848,5
195869,6
195895,6
195929,14
195946,10
195965,6
195992,297
196023,210
196052,41
196076,7
196103,6
196124,12
196158,291
196184,25
196206,6
196238,20
196259,5
196287,21
196316,6
196342,5
196371,15
196395,7
196423,5
196443,6
196471,11
196492,5
196517,7
196532,16
196556,6
196583,190
196617,10
196639,18
196660,40
196682,55
196707,8
196738,7
196769,9
196796,6
196819,5
196845,9
196874,14
196902,7
196935,6
196965,5
196986,12
197008,9
197036,8
197060,9
197073,5
197100,11
197140,19
197164,5
197194,8
197211,5
197240,31
197255,5
197280,8
197307,22
197333,5
197359,6
197387,5
197409,18
197446,26
197471,6
197501,17
197533,5
197556,5
197574,9
197606,5
197637,12
197664,8
197683,5
197704,7
197728,9
197755,8
197784,32
197809,12
197837,20
197868,19
197893,55
197910,5
197935,9
197961,6
197986,8
198010,5
198034,10
198065,6
198098,7
198127,15
198155,8
198182,5
198218,5
198250,11
198280,5
198307,6
198335,5
198361,25
198385,8
198410,18
198441,7
198468,7
198487,6
198507,5
198522,10
198550,10
198579,24
198599,6
198625,79
198651,6
198679,37
198702,31
198722,8
198754,9
198774,5
198805,6
198828,5
198849,8
198880,5
198912,6
198943,5
198973,5
199001,5
199024,9
199053,12
199078,9
199103,6
199128,7517
199146,7
199174,9
199196,23
199213,16
199235,12
199264,7
199293,6
199325,6
199357,41
199385,37
199412,28
199434,6
199455,8
199470,5
199493,52
199520,334
199545,12
199568,50
199590,9
199616,29
199645,6
199674,104
199699,6
199731,6
199759,5
199781,12
199803,5
199831,6
199851,8
199875,13
199902,5
199934,11
199966,6
199995,5
200019,6
200042,6
200067,29
200101,5
200129,6
200154,9
200182,7
200203,7
200234,6
200261,13
200297,7
200327,9
200348,7
200384,5
200416,33
200445,22
200471,313
200489,6
200511,5
200530,21
200558,7
200583,5
200613,7
200645,5
200667,8
200696,12
200721,13
200739,23
200770,24
200802,10
200822,7
200848,8
200875,8
200896,7
200931,6
200957,8
200981,5
201007,7
201032,14
201055,79
201087,6
201111,8
201144,9
201173,1614
201201,13
201222,10
201243,19
201275,50
201301,6
201334,8
201367,17
201390,8
201414,12
201448,261
201485,6
201515,331
201544,6
201559,15
201581,6
201606,14
201636,16
201661,7
201689,5
201716,39
201744,19
201775,6
201810,17
201838,10
201862,15
201885,28
201911,8
201932,5
201956,5
201973,5
201996,46
202020,6
202043,7
202068,8
202084,6
202110,5
202134,51
202152,15
202181,7
202201,7
202219,7
202249,5
202271,15
202301,14
202322,7
202344,6
202371,7
202404,19
202435,8
202464,11
202491,6
202523,16
202542,17
202573,6
202593,5
202618,701
202640,5
202661,5
202692,7
202713,11
202731,6
202762,6
202789,44
202822,5
202851,40
202884,37
202909,13
202931,8
202958,5
202994,46
203016,14
203044,8
203070,10
203103,14
203132,6
203164,18
203197,7
203221,10
203250,11
203276,6
203300,9
203325,18
203360,9
203395,6
203414,8
203439,82
203464,5
203489,23
203519,9
203555,9
203592,5
203617,6
203643,11
203672,14
203693,14
203716,6
203746,19
203763,8
203799,10
203836,9
203863,5
203880,9
203906,6
203921,5
203953,150
203990,6
204016,39
204042,34
204075,8
204100,8
204132,86
204161,6
204191,23
204211,5
204236,5
204271,5
204294,10
204326,7
204345,10
204364,13
204391,9
204413,24
204436,15
204466,26
204501,9
204528,9
204548,6
204571,437
204601,7
204623,5
204654,16
204680,13
204702,5
204731,34
204759,5
204777,50
204805,6
204826,19
204856,5
204886,7
204915,5
204938,14
204965,13
204994,8
205018,94
205043,8
205069,6
205092,10
205109,8
205146,30
205171,23
205194,9
205227,22
205251,19
205274,6
205300,9
205326,8
205346,8
205369,5
205384,5
205408,8
205432,7
205466,34
205493,6
205524,19
205550,5
205573,10
205610,6
205634,8
205659,7
205690,5
205708,6
205733,29
205772,6
205805,5
205822,5
205856,7
205880,12
205912,5
205938,9
205973,5
205999,5
206028,5
206053,11
206085,5
206119,16
206136,5
206167,5
206196,9
206227,13
206257,7
206292,7
206316,6
206343,7
206368,7
206392,13
206411,5
206435,5
206458,29
206485,5
206512,7
206544,18
206571,36
206598,9
206626,9
206640,7
206658,10
206686,7
206711,8
206741,9
206763,8
206794,6
206815,9
206837,9
206860,14
206881,5
206910,6
206933,6
206956,6
206975,5
207000,5
207030,19
207053,6
207074,8
207099,20
207134,108
207158,6
207184,5
207204,10
207228,6
207256,81
207290,5
207306,90
207330,78
207354,8
207385,8
207416,5
207437,14
207466,15
207491,37
207515,6
207556,7
207582,25
207616,5
207641,7
207666,8
207695,11
207723,6
207750,13
207778,43
207798,6
207822,11
207844,8
207867,12
207894,20
207918,9
207940,11
207968,9
207997,5
208020,5
208045,16
208061,6
208091,8
208111,109
208129,8
208151,8
208169,16
208194,75
208218,5
208239,145
208271,5
208289,11
208316,10
208341,5
208364,6
208391,8
208416,6
208445,10
208474,28
208493,14
208519,12
208541,6
208568,20
208594,92
208620,28
208652,5
208673,6
208697,5
208724,12
208747,5
208769,5
208792,5
208816,5
208845,5
208870,6
208891,12
208920,5
208951,6
208978,22
209006,23
209040,31
209068,41
209085,5
209111,21
209136,8
209163,5
209189,73
209210,7
209236,6
209260,210
209285,10
209311,48
209332,5
209359,14
209387,5
209415,21
209445,10
209469,6
209490,9
209513,11
209542,5
209574,5
209599,6
209630,8
209658,6
209690,7
209715,8
209743,5
209770,10
209786,17
209809,5
209839,8
209870,8
209897,15
209921,6
209949,6
209968,12
209994,13
210013,15
210041,15
210062,5
210091,6
210110,12
210137,27
210170,5
210200,25
210243,5
210268,7
210301,5
210332,5
210361,34
210385,5
210404,11
210428,5
210449,12
210475,7
210496,8
210517,8
210541,9
210570,15
210593,29
210613,5
210639,20
210670,68
210693,8
210715,5
210748,6
210775,5
210802,5
210829,11
210862,6
210894,17
210913,6
210937,7
210959,9
210983,6
211016,7
211046,8
211073,72
211095,8
211122,8
211146,5
211168,9
211195,7
211222,10
211242,10
211264,6
211293,14
211323,5
211351,9
211379,6
211405,7
211421,7
211455,5
211485,5
211505,8
211530,5
211551,10
211575,11
211603,84
211627,10
211659,23
211683,61
211710,6
211728,11
211746,8
211778,8
211806,5
211828,10
211862,7
211885,6
211904,6
211937,5
211963,5
211983,9
212007,5
212039,22
212061,19
212090,7
212124,14
212149,5
212173,6
212199,174
212234,5
212261,13
212283,8
212313,194
212339,5
212368,11
212393,13
212423,5
212444,5
212473,7
212508,15
212536,13
212565,11
212591,37
212616,5
212641,10
212669,6
212687,17
212711,7
212733,30
212762,9
212793,7
212813,14
212839,5
212862,19
212887,6
212912,5
212944,14
212963,102
212992,17
213025,8
213041,29
213068,5
213095,10
213126,11
213153,5
213185,5
213207,5
213233,34
213266,5
213297,16
213320,5
213335,16
213364,21
213394,7
213425,5
213453,6
213471,5
213485,42
213512,31
213540,5
213570,39
213596,114
213620,6
213645,9
213675,10
213709,6
213725,7
213758,5
213789,29
213812,8
213841,7
213863,8
213893,28
213922,25
213947,9
213973,6
213998,6
214023,6
214048,9
214065,17
214104,5
214134,9
214160,8
214181,6
214217,42
214240,11
214273,37
214303,8
214326,6
214355,7
214385,102
214406,18
214431,44
214461,27
214482,9
214509,7
214534,6
214562,5
214595,12
214627,7
214654,5
214682,232
214707,25
214727,9
214754,8
214778,5
214801,9
214826,21
214846,5
214872,27
214898,9
214924,5
214954,7
214979,9
214997,6
215030,5
215051,6
215074,10
215099,14
215116,7
215147,31
215174,6
215201,11
215231,10
215252,43
215276,13
215294,28
215321,10
215345,5
215363,5
215394,10
215418,6
215444,8
215468,5
215488,26
215524,8
215554,5
215577,14
215600,9
215624,5
215649,29
215670,121
215700,15
215725,12
215754,5
215772,7
215790,8
215822,5
215844,15
215870,5
215886,17
215910,5
215938,24
215970,5
215993,6
216017,6
216042,5
216071,158
216109,5
216147,6
216174,8
216204,12
216227,9
216255,5
216277,9
216309,5
216335,16
216357,11
216392,8
216429,13
216453,16
216476,16
216507,5
216525,5
216544,58
216579,7
216599,90
216624,7
216654,11
216670,7
216699,5
216723,12
216747,5
216783,6
216808,5
216829,9
216851,5
216879,5
216911,10
216939,12
216962,6
216994,5
217023,17
217048,10
217074,17
217094,20
217123,5
217149,6
217179,14
217208,15
217231,8
217255,6
217275,10
217305,12
217324,8
217356,10
217393,16
217421,5
217451,7
217480,7
217496,15
217518,10
217536,115
217558,7
217584,6
217613,17
217638,6
217666,5
217701,8
217730,5
217759,9
217780,5
217809,5
217826,59
217854,7
217879,6
217909,16
217938,13
217959,6
217990,6
218016,8
218044,13
218076,6
218095,23
218125,24
218146,32
218170,8
218202,7
218231,5
218259,12
218283,7
218308,5
218337,11
218376,13
218401,96
218433,12
218462,8
218491,15
218514,6
218533,7
218557,7
218579,7
218608,11
218630,6
218660,186
218683,7
218722,22
218749,29
218767,7
218789,193
218811,5
218829,7
218853,47
218878,17
218898,5
218927,6
218952,5
218978,72
219004,84
219026,5
219048,13
219074,17
219100,10
219122,371
219156,5
219179,15
219207,5
219231,8
219256,6
219294,7
219319,7
219345,16
219371,11
219396,8
219427,25
219451,7
219485,5
219514,12
219533,6
219555,14
219578,11
219605,10
219634,169
219662,12
219694,5
219723,5
219742,27
219769,33
219790,7
219815,29
219835,5
219864,13
219890,7
219912,9
219942,5
219967,33
219990,5
220012,5
220046,5
220074,9
220099,6
220121,27
220139,17
220159,11
220188,5
220216,153
220239,6
220270,5
220295,26
220316,22
220342,10
220372,9
220394,8
220412,10
220434,6
220465,66
220494,21
220526,6
220553,24
220578,9
220615,22
220643,18
220663,18
220684,6
220704,20
220734,5
220751,22
220774,5
220799,29
220817,22
220849,40
220873,6
220898,38
220925,15
220944,22
220962,7
220985,9
221006,7
221029,9
221044,15
221063,5
221092,8
221113,15
221137,44
221170,10
221206,5
221229,5
221257,8
221282,5
221309,5
221336,9
221357,51
221375,40
221394,7
221416,7
221450,6
221475,13
221507,6
221531,5
221555,15
221579,5
221601,8
221632,6
221657,16
221686,5
221716,22
221732,11
221753,10
221782,75
221803,11
221825,11
221838,8
221868,17
221894,43
221909,6
221933,13
221957,7
221985,38
222010,6
222037,6
222060,6
222085,5
222107,47
222137,5
222166,5
222186,6
222212,15
222239,9
222258,10
222279,10
222315,11
222342,13
222371,7
222400,17
222434,19
222468,24
222497,5
222523,18
222552,21
222576,31
222594,110
222613,15
222643,6
222678,31
222708,8
222731,6
222757,6
222783,5
222804,5
222830,5
222855,10
222881,6
222907,8
222924,14
222951,6
222967,22
222987,23
223019,5
223043,5
223067,1750
223096,9
223129,22
223152,5
223180,25
223203,5
223227,6
223260,5
223278,6
223299,7
223329,65
223360,5
223384,11
223413,10
223434,5
223461,7
223493,9
223513,6
223544,6
223571,7
223589,7
223612,294
223642,1151
223669,8
223703,63
223729,6
223750,7
223777,64
223799,6
223821,7
223848,6
223880,13
223909,5
223927,6
223950,88
223977,59
224001,8
224025,10
224052,65
224074,19
224098,23
224131,6
224159,6
224176,49
224202,5
224230,10
224256,7
224272,7
224300,11
224324,15
224343,8
224371,8
224395,6
224443,7
224466,6
224495,8
224516,5
224536,75
224564,5
224589,14
224616,10
224640,17
224660,19
224685,7
224717,36
224743,6
224777,142
224800,5
224818,5
224842,9
224869,9
224894,7
224922,17
224942,16
224968,5
224997,6
225019,20
225040,10
225063,11
225094,20
225115,12
225143,39
225167,5
225197,65
225224,10
225251,8
225273,35
225306,12
225320,22
225352,6
225382,12
225404,5
225431,69
225461,11
225488,9
225512,12
225532,18
225568,9
225590,10
225617,8
225649,6
225680,5
225705,11
225729,5
225752,5
225784,6
225806,10
225825,46
225852,8
225873,5
225900,11
225925,13
225947,14
225978,6
226003,5
226029,24
226057,42
226077,6
226099,8
226117,6
226137,8
226158,74
226174,6
226198,14
226228,5
226246,6
226270,10
226297,9
226320,16
226356,7
226377,5
226396,5
226428,11
226458,10
226480,38
226505,19
226534,6
226565,9
226585,5
226613,7
226636,27
226666,9
226688,7
226717,8
226740,5
226766,24
226790,12
226811,25
226829,10
226849,12
226872,25
226895,10
226925,27
226954,5
226978,6
227005,5
227032,10
227067,6
227089,8
227114,20
227138,6
227173,19
227203,5
227229,7
227261,6
227287,28
227311,5
227345,7
227374,14
227391,8
227418,5
227438,9
227467,5
227491,7
227515,23
227541,20
227563,18
227589,21
227620,5
227648,5
227673,9
227704,5
227729,6
227764,5
227794,20
227823,33
227846,15
227868,11
227903,5
227933,6
227962,5
227988,5
228010,6
228037,11
228064,7
228090,5
228121,8
228143,56
228160,12
228183,23
228212,5
228244,6
228265,6
228289,7
228320,6
228337,5
228367,17
228391,25
228420,7
228448,21
228478,12
228501,9
228522,6
228548,10
228571,16
228600,7
228619,20
228639,6
228665,79
228692,5
228725,20
228752,9
228769,9
228794,5
228820,8
228845,20
228880,49
228905,13
228932,5
228959,63
228999,12
229032,5
229062,14
229099,9
229129,6
229151,8
229172,18
229200,11
229220,9
229243,5
229271,8
229301,49
229330,6
229352,5
229374,7
229395,28
229417,5
229453,9
229476,8
229505,30
229526,13
229555,5
229578,11
229607,9
229632,6
229655,6
229675,36
229699,17
229729,9
229756,6
229790,290
229810,31
229834,5
229851,12
229878,7
229906,12
229928,8
229962,9
229994,5
230025,7
230055,8
230083,11
230112,15
230131,20
230168,11
230195,39
230231,55
230264,8
230290,5
230314,11
230339,11
230365,6
230395,5
230425,9
230455,5
230471,10
230498,6
230538,5
230568,12
230593,9
230615,11
230651,16
230674,6
230698,6
230717,10
230740,5
230761,6
230785,7
230815,5
230848,10
230859,7
230880,13
230905,5
230937,5
230960,8
230986,9
231005,5
231036,6
231062,74
231092,14
231118,5
231142,7
231166,155
231199,5
231226,37
231245,36
231270,23
231291,7
231310,9
231338,7
231353,40
231373,14
231393,51
231411,6
231437,10
231460,62
231485,76
231496,7
231523,7
231547,5
231576,50
231606,29
231648,6
231664,13
231691,5
231726,5
231757,72
231777,6
231814,6
231835,5
231847,5
231873,12
231906,21
231926,5
231955,8
231980,94
232007,30
232030,21
232059,5
232080,24
232100,39
232119,10
232141,93
232163,5
232190,5
232215,7
232238,6
232258,6
232284,6
232302,22
232320,5
232350,8
232371,5
232398,5
232426,9
232450,8
232471,9
232504,15
232536,5
232561,6
232584,11
232616,24
232639,8
232660,17
232690,14
232712,5
232726,287
232767,7
232800,105
232825,15
232857,35
232880,12
232913,11
232944,5
232977,6
233006,14
233035,6
233054,10
233081,5
233107,5
233126,23
233151,8
233172,8
233201,7
233231,25
233256,9
233279,11
233299,5
233328,6
233357,5
233391,22
233413,5
233438,5
233458,20
233489,5
233508,7
233535,112
233558,6
233580,18
233606,9
233633,6
233664,14
233693,21
233718,8
233749,8
233778,6
233805,5
233832,23
233854,5
233878,9
233909,6
233942,5
233961,6
233976,6
234002,32
234029,7
234058,75
234089,5
234124,5
234142,5
234163,11
234187,9
234208,6
234238,6
234260,18
234293,5
234325,37
234353,52
234378,7
234404,9
234436,9
234467,8
234503,6
234526,5
234546,25
234572,240
234604,15
234629,5
234651,43
234678,14
234705,20
234734,7
234753,9
234775,5
234797,242
234821,30
234844,8
234865,5
234890,10
234905,5
234932,15
234959,18
234990,7
235028,5
235049,13
235070,5
235096,5
235120,15
235146,5
235175,5
235217,11
235237,12
235256,8
235292,25
235314,56
235343,8
235382,10
235410,5
235440,7
235465,31
235489,17
235518,12
235553,5
235570,11
235591,7
235611,99
235646,5
235677,20
235710,5
235733,22
235766,5
235802,8
235834,12
235865,5
235884,15
235911,31
235939,49
235958,5
235985,5
236003,17
236030,10
236056,5
236078,5
236101,13
236119,8
236146,20
236172,22
236200,5
236217,19
236256,35
236281,5
236303,12
236337,58
236361,5
236383,5
236405,8
236426,17
236452,21
236473,20
236501,8
236527,13
236549,7
236571,6
236592,8
236613,6
236637,8
236664,6
236697,12
236717,6
236739,5
236763,22
236787,8
236815,6
236845,5
236866,7
236901,23
236924,6
236962,6
236991,34
237018,6
237041,6
237059,12
237070,20
237096,18
237118,20
237142,836
237165,28
237197,5
237224,13
237247,5
237284,8
237314,19
237339,5
237372,5
237399,7
237425,6
237449,9
237481,5
237506,6
237530,6
237555,15
237578,19
237605,7
237632,41
237659,9
237691,13
237722,5
237745,12
237776,5
237803,19
237832,5
237861,47
237888,9
237917,22
237940,9
237968,21
237997,47
238022,7
238045,7
238068,209
238109,10
238133,36
238154,8
238184,12
238218,22
238246,93
238260,5
238282,7
238308,7
238328,7
238349,5
238372,14
238398,5
238426,37
238459,7
238482,26
238508,8
238531,7
238557,104
238590,7
238616,5
238638,5
238656,5
238678,6
238716,5
238747,6
238779,6
238802,5
238827,7
238851,220
238880,11
238905,7
238938,146
238961,7
238983,10
239010,7
239040,8
239071,5
239099,12
239125,6
239160,7
239186,15
239213,5
239238,6
239258,7
239269,6
239302,6
239332,5
239357,11
239382,22
239400,7
239427,6
239459,8
239493,5
239519,9
239543,19
239564,6
239586,9
239620,11
239647,446
239669,8
239691,5
239721,21
239746,54
239771,7
239797,6
239823,14
239849,13
239870,5
239888,7
239914,5
239932,20
239957,182
239984,6
240013,5
240026,8
240042,14
240068,12
240097,5
240124,9
240150,6
240172,5
240198,7
240223,17
240258,6
240282,19
240305,9
240333,8
240358,6
240382,6
240406,5
240433,6
240457,15
240485,8
240508,9
240534,11
240554,9
240574,5
240600,5
240621,6
240652,14
240667,5
240695,10
240721,8
240740,5
240762,6
240786,42
240811,6
240828,6
240858,5
240880,6
240901,7
240925,67
240960,8
240992,9
241016,7
241043,18
241073,10
241101,10
241126,16
241151,10
241173,8
241212,9
241237,8
241272,6
241305,40
241326,11
241351,17
241374,165
241405,5
241430,5
241448,6
241480,6
241505,8
241531,6
241553,5
241570,5
241602,5
241627,8
241661,6
241685,6
241704,8
241735,7
241762,12
241783,8
241807,5
241832,7
241855,13
241880,5
241905,20
241933,7
241961,11
241998,5
242017,5
242032,5
242058,36
242085,10
242102,26
242131,5
242161,6
242187,9
242208,5
242236,10
242270,7
242286,39
242309,7
242331,54
242350,6
242376,11
242401,5
242426,16
242458,7
242487,6
242514,45
242541,5
242571,5
242602,15
242627,18
242646,10
242677,10
242699,12
242718,7
242746,12
242770,48
242794,20
242824,230
242854,30
242882,5
242908,7
242934,34
242961,13
242980,5
243011,19
243035,12
243058,5
243082,5
243115,12
243142,5
243163,157
243188,5
243214,6
243235,12
243259,12
243290,5
243315,12
243343,36
243360,9
243395,5
243417,6
243440,18
243473,6
243498,7
243528,14
243548,6
243582,9
243609,15
243647,100
243675,14
243698,6
243723,8
243744,9
243770,24
243810,6
243834,21
243857,10
243881,7
243905,15
243936,10
243960,6
243993,5
244021,9
244045,19
244063,8
244092,14
244120,5
244148,205
244173,6
244197,5
244225,44
244250,11
244274,5
244299,43
244326,22
244355,20
244372,11
244403,8
244430,9
244458,11
244490,11
244511,6
244537,6
244572,22
244595,17
244626,5
244661,7
244689,9
244717,5
244751,8
244777,10
244807,6
244828,6
244847,35
244867,7
244890,5
244919,33
244952,48
244976,9
244995,5
245026,6
245048,9
245077,6
245099,17
245119,5
245149,5
245179,5
245210,6
245241,7
245266,5
245292,6
245320,5
245349,9
245374,9
245395,49
245420,7
245451,5
245479,12
245506,6
245529,6
245556,11
245572,7
245613,6
245636,6
245660,6
245679,66
245699,22
245733,15
245768,5
245787,12
245809,6
245831,10
245854,5
245880,6
245910,8
245935,5
245960,5
245987,7
246014,6
246042,102
246068,13
246090,5
246121,25
246152,5
246174,11
246193,9
246216,12
246235,9
246255,26
246285,18
246311,7
246343,140
246371,17
246401,21
246436,14
246457,11
246476,6
246499,29
246530,18
246550,5
246572,11
246603,43
246639,5
246657,5
246683,6
246709,5
246733,6
246757,17
246789,10
246820,26
246854,14
246889,6
246914,9
246938,12
246966,9
246987,5
247012,5
247033,28
247061,10
247092,13
247123,8
247140,5
247165,17
247187,5
247206,17
247234,5
247252,5
247280,9
247313,6
247334,15
247361,8
247385,5
247416,7
247441,5
247464,11
247485,9
247510,16
247541,5
247568,65
247588,5
247616,28
247644,7
247670,9
247698,5
247722,23
247752,8
247778,6
247808,43
247834,56
247856,25
247876,7
247910,7
247937,7
247964,5
247989,32
248015,6
248045,7
248070,35
248101,7
248125,7
248149,6
248172,33
248196,7
248225,5
248254,19
248284,54
248325,6
248345,13
248369,16
248397,8
248424,58
248452,6
248482,40
248507,82
248530,6
248558,600
248580,63
248602,5
248631,5
248659,31
248678,29
248710,6
248742,11
248763,5
248785,15
248805,61
248826,10
248850,9
248878,12
248898,5
248925,233
248948,53
248976,9
248994,43
249022,5
249047,72
249069,8
249101,10
249130,13
249154,5
249177,10
249209,6
249241,5
249270,7
249293,84
249322,9
249350,18
249375,8
249420,6
249447,6
249480,12
249512,6
249543,8
249580,35
249609,8
249628,7
249653,5
249684,6
249711,101
249741,5
249764,5
249794,5
249816,5
249836,5
249859,5
249886,11
249914,10
249937,7
249970,43
250010,6
250040,8
250066,30
250089,24
250128,10
250155,36
250183,6
250209,8
250240,28
250263,10
250304,23
250327,60
250353,9
250380,5
250407,7
250443,10
250470,55
250495,5
250519,9
250553,19
250587,7
250615,6
250649,8
250675,10
250699,8
250729,7
250761,16
250783,5
250822,8
250840,6
250871,6
250898,35
250935,10
250969,6
250998,20
251022,94
251049,16
251068,5
251091,75
251112,11
251144,11
251161,5
251186,8
251212,5
251246,6
251273,5
251300,6
251322,18
251348,19
251380,6
251417,15
251437,6
251463,22
251486,8
251512,5
251535,5
251560,81
251587,112
251615,5
251635,11
251662,6
251689,17
251711,5
251733,16
251767,11
251792,5
251828,22
251852,10
251880,15
251911,18
251942,15
251970,5
252002,80
252040,7
252069,6
252091,6
252113,25
252143,13
252177,8
252200,8
252231,13
252255,5
252281,21
252308,11
252328,5
252355,21
252388,7
252415,10
252444,5
252466,11
252496,6
252521,5
252550,21
252581,6
252616,36
252649,16
252674,69
252709,5
252734,6
252761,8
252786,8
252810,9
252842,8
252865,6
252894,7
252924,5
252940,26
252965,83
252990,6
253018,8
253039,5
253070,30
253091,5
253116,10
253136,12
253164,5
253189,6
253206,5
253233,16
253257,22
253282,5
253311,6
253338,9
253363,5
253390,10
253419,18
253442,9
253463,6
253485,5
253511,5
253544,7
253580,7
253610,5
253633,7
253660,6
253683,5
253716,13
253736,249
253761,6
253795,5
253819,21
253846,8
253867,23
253898,5
253921,11
253946,5
253969,18
253993,5
254017,85
254039,5
254064,8
254083,6
254111,10
254136,8
254170,11
254207,12
254238,38
254267,5
254301,11
254331,22
254352,5
254381,6
254405,5
254445,5
254474,8
254505,6
254529,19
254554,5
254587,9
254624,5
254647,6
254676,15
254714,23
254737,10
254771,6
254789,31
254816,5
254841,25
254865,16
254887,6
254922,32
254956,6
254984,63
255011,24
255028,7
255057,12
255079,5
255102,7
255120,11
255152,6
255183,9
255222,7
255243,6
255266,27
255293,6
255316,10
255350,8
255374,5
255399,6
255423,5
255441,5
255462,20
255489,8
255519,11
255547,8
255579,95
255606,5
255630,34
255653,96
255674,11
255694,8
255716,9
255747,23
255769,5
255791,5
255823,16
255862,5
255887,15
255919,16
255944,6
255965,7
255990,12
256018,10
256047,9
256080,7
256101,33
256130,5
256145,33
256173,23
256198,5
256225,9
256247,5
256280,12
256320,6
256342,8
256367,6
256394,16
256423,11
256446,8
256471,41
256491,20
256513,21
256535,13
256557,18
256574,5
256600,5
256625,9
256658,17
256685,5
256719,6
256740,5
256765,5
256786,15
256820,9
256850,5
256870,9
256898,11
256919,5
256942,6
256964,90
256989,13
257019,39
257046,12
257081,11
257108,9
257142,10
257169,5
257194,7
257216,5
257243,13
257268,7
257300,8
257328,6
257349,5
257380,5
257410,28
257428,27
257448,10
257480,10
257507,8
257527,93
257555,17
257589,21
257617,11
257645,41
257671,83
257708,5
257725,17
257750,5
257777,9
257800,10
257822,15
257847,36
257865,87
257892,7
257924,7
257951,5
257978,6
258004,5
258035,6
258067,21
258097,7
258127,6
258158,9
258188,6
258213,5
258239,5
258262,12
258286,22
258307,9
258345,6
258369,8
258398,6
258418,7
258439,6
258463,8
258483,6
258507,6
258527,5
258549,8
258581,7
258599,6
258618,20
258644,5
258665,25
258686,10
258706,44
258724,10
258746,11
258770,5
258799,11
258831,6
258855,10
258873,8
258901,5
258924,5
258945,5
258967,169
258995,15
259020,5
259052,5
259082,11
259105,5
259130,10
259163,7
259188,6
259213,7
259239,5
259249,9
259269,5
259294,6
259327,9
259362,8
259385,9
259408,5
259420,5
259446,6
259476,26
259502,5
259533,5
259559,6
259580,5
259601,9
259630,40
259660,5
259687,6
259711,37
259729,5
259757,25
259782,8
259808,13
259841,5
259876,29
259898,7
259923,16
259947,38
259966,10
259991,8
260024,11
260053,11
260086,20
260107,5
260132,9
260153,5
260184,6
260209,8
260234,6
260256,16
260275,6
260302,116
260334,5
260362,221
260388,12
260417,100
260445,14
260467,8
260482,5
260505,90
260524,7
260551,6
260583,5
260615,5
260643,141
260660,7
260690,32
260719,13
260745,5
260767,11
260790,10
260809,21
260844,11
260869,15
260915,30
260940,5
260971,16
261001,34
261023,7
261046,10
261067,26
261090,17
261116,6
261143,6
261167,6
261194,6
261213,14
261244,8
261265,15
261298,21
261323,19
261346,27
261371,16
261394,6
261417,7
261439,6
261466,5
261493,13
261510,7
261545,9
261577,16
261599,8
261625,6
261658,52
261693,5
261717,5
261743,35
261769,7
261803,16
261831,35
261858,5
261877,8
261905,13
261928,11
261951,7
261976,10
262021,7
262048,12
262077,7
262103,12
262122,5
262148,5
262165,7
262198,18
262221,5
262248,5
262270,6
262290,31
262316,9
262340,7
262369,13
262390,21
262416,13
262450,18
262478,6
262500,10
262522,18
262556,9
262584,6
262607,11
262641,7
262663,6
262692,7
262718,5
262739,23
262762,6
262793,7
262820,6
262845,5
262869,8
262888,6
262908,6
262931,6
262957,17
262989,8
263016,6
263041,6
263058,9
263084,19
263113,15
263141,25
263159,6
263184,7
263199,22
263232,24
263255,5
263281,5
263310,26
263331,6
263354,5
263380,6
263401,9
263424,5
263449,9
263475,20
263501,28
263529,8
263550,24
263574,7
263601,7
263621,5
263637,5
263671,6
263698,5
263729,5
263751,9
263781,19
263796,8
263822,12
263855,5
263880,9
263895,5
263915,6
263949,12
263985,7
264004,6
264018,7
264052,6
264070,6
264096,10
264123,5
264151,20
264181,5
264206,5
264238,20
264276,8
264314,5
264335,7
264360,6
264386,7
264408,7
264439,6
264469,8
264491,6
264529,35
264557,7
264568,7
264591,7
264615,13
264645,5
264671,8
264692,63
264710,11
264733,6
264753,17
264786,23
264813,5
264844,11
264872,11
264896,5
264926,47
264954,6
264989,5
265011,6
265037,12
265071,7
265102,19
265129,8
265150,9
265170,5
265198,5
265226,5
265249,12
265279,5
265303,32
265330,20
265351,6
265375,6
265401,6
265422,10
265440,7
265466,5
265490,6
265518,5
265548,11
265578,8
265610,13
265631,12
265661,7
265681,47
265704,10
265735,5
265760,6
265791,6
265822,9
265844,9
265868,5
265884,82
265910,7
265937,26
265962,12
265986,62
266009,5
266030,7
266053,10
266084,8
266103,6
266125,7
266156,23
266182,5
266214,7
266240,10
266269,6
266294,6
266318,45
266344,9
266372,16
266395,22
266426,6
266451,7
266478,328
266503,5
266530,7
266554,10
266580,8
266603,11
266624,9
266648,7
266682,7
266705,7
266737,8
266757,28
266779,5
266806,82
266816,27
266848,17
266878,14
266908,47
266933,5
266960,44
266985,5
267016,7
267041,16
267067,7
267090,123
267115,5
267138,13
267161,5
267182,8
267209,5
267238,7
267260,6
267291,8
267320,45
267345,6
267371,11
267394,20
267425,23
267457,57
267489,24
267524,157
267551,9
267568,12
267601,6
267626,15
267659,8
267688,6
267717,22
267743,6
267762,15
267786,7
267804,25
267829,6
267859,7
267885,28
267916,5
267945,7
267976,10
267997,7
268019,10
268058,11
268080,9
268102,332
268131,5
268155,5
268182,5
268211,5
268240,5
268271,5
268300,14
268325,5
268359,7
268383,5
268417,19
268434,12
268461,15
268490,7
268521,12
268545,7
268572,14
268598,9
268624,5
268645,17
268674,7
268694,6
268719,15
268758,5
268789,9
268810,32
268840,7
268868,14
268892,6721
268916,6
268937,5
268970,12
268996,5
269024,7
269054,12
269085,10
269113,8
269152,5
269175,71
269197,5
269221,21
269251,15
269280,5
269314,7
269343,7
269370,7
269395,8
269421,5
269450,5
269479,96
269502,5
269520,5
269555,6
269582,5
269608,8
269629,48
269658,8
269689,28
269712,10
269748,46
269773,7
269806,6
269836,7
269852,9
269877,15
269896,94
269922,6
269941,11
269977,8
270006,6
270024,11
270050,10
270078,21
270104,20
270129,14
270150,5
270175,22
270201,5
270230,6
270257,6
270272,5
270298,5
270326,16
270352,13
270374,14
270392,10
270420,6
270449,79
270473,11
270497,67
270525,6
270556,6
270585,5
270615,16
270641,14
270673,16
270703,9
270734,5
270762,12
270792,5
270815,11
270841,8
270861,7
270878,13
270906,5
270938,1328
270955,8
270981,24
271007,12
271026,12
271056,9
271085,6
271111,7
271135,6
271157,6
271189,8
271219,6
271243,32
271270,6
271296,26
271323,8
271352,8
271380,12
271399,5
271429,5
271445,23
271470,5
271496,7
271519,44
271544,5
271570,6
271587,7
271605,6
271647,13
271667,8
271701,23
271729,16
271758,7
271785,10
271815,6
271834,6
271857,5
271891,6
271923,8
271946,16
271969,13
271994,7
272020,10
272046,13
272086,44
272115,26
272141,38
272157,6
272180,9
272202,8
272232,12
272258,5
272275,6
272307,38
272331,7
272365,6
272381,12
272406,5
272440,17
272460,5
272487,6
272505,20
272538,13
272569,7
272598,27
272618,18
272637,8
272665,15
272688,5
272711,17
272732,5
272758,9
272781,17
272813,9
272835,8
272872,13
272905,5
272931,8
272956,5
272977,34
273007,9
273025,12
273048,15
273072,7
273102,24
273122,5
273144,5
273171,7
273200,5
273225,8
273255,24
273277,5
273295,9
273321,10
273347,9
273379,13
273407,5
273434,9
273451,6
273481,42
273503,10
273534,8
273558,17
273586,13
273605,41
273633,5
273653,5
273674,9
273702,5
273727,5
273747,5
273773,17
273796,5
273823,7
273856,5
273884,7
273904,8
273935,5
273961,11
273985,5
274012,5
274039,5
274060,19
274075,61
274104,6
274138,11
274168,6
274178,5
274196,16
274222,5
274254,5
274281,6
274308,10
274330,5
274356,7
274376,5
274407,5
274429,7
274455,5
274494,7
274522,11
274549,5
274585,6
274610,5
274636,24
274666,25
274697,6
274721,7
274745,5
274773,5
274799,28
274826,11
274850,5
274878,10
274902,6
274932,17
274954,7
274986,6
275008,6
275036,6
275062,35
275086,12
275115,8
275144,7
275176,6
275203,7
275230,7
275248,22
275272,16
275301,5
275320,5
275346,10
275374,10
275399,14
275426,5
275455,39
275484,7
275509,8
275532,8
275557,13
275592,20
275613,8
275648,11
275665,7
275687,5
275709,7
275737,7
275760,10
275788,13
275820,27
275842,9
275872,21
275901,5
275921,10
275948,11
275974,5
276005,29
276029,6
276058,9
276086,5
276116,6
276149,13
276180,5
276206,5
276227,20
276250,16
276276,5
276299,6
276325,6
276351,7
276376,9
276399,22
276423,35
276444,7
276471,7
276496,21
276522,5
276554,6
276583,8
276611,15
276636,44
276668,5
276691,5
276713,6
276738,8
276762,47
276790,6
276814,7
276842,5
276859,5
276877,6
276895,16
276919,152
276946,7
276963,5
276989,6
277020,18
277050,7
277077,8
277108,170
277132,11
277157,6
277178,14
277201,6
277229,7
277252,5
277274,15
277302,8
277320,7
277347,44
277364,6
277383,6
277407,5
277430,5
277453,7
277479,8
277504,8
277529,24
277554,212
277585,5
277621,10
277648,6
277679,199
277709,5
277737,7
277766,19
277794,5
277821,26
277845,7
277867,25
277886,6
277914,5
277933,7
277962,5
277992,6
278026,6
278054,6
278076,11
278104,5
278131,5
278155,7
278178,5
278197,7
278224,8
278252,29
278269,5
278298,10
278323,8
278345,9
278380,10
278405,5
278428,5
278457,8
278484,7
278516,15
278533,33
278565,5
278583,9
278608,11
278642,21
278670,7
278693,6
278711,9
278736,5
278762,6
278787,6
278820,21
278836,9
278876,10
278897,5
278922,5
278955,11
278980,94
279012,17
279041,6
279064,10
279086,7
279110,17
279133,5
279157,13
279189,10
279213,6
279238,6
279265,17
279289,6
279317,17
279349,5
279378,14
279405,8
279427,6
279452,35
279475,9
279500,6
279526,6
279552,44
279578,34
279602,5
279635,7
279657,12
279689,7
279710,6
279732,9
279757,6
279795,138
279822,7
279852,7
279877,20
279904,12
279923,5
279951,6
279986,14
280014,13
280039,5
280064,12
280092,7
280113,7
280148,9
280182,39
280197,9
280224,8
280257,19
280279,6
280298,5
280331,6
280359,8
280387,7
280408,974
280435,38
280465,6
280487,21
280518,5
280550,11
280570,18
280596,5
280619,15
280645,28
280675,5
280697,8
280724,51
280747,58
280769,6
280809,45
280831,7
280858,5
280888,6
280909,24
280939,72
280964,25
280988,8
281010,7
281041,10
281077,5
281097,27
281126,11
281148,9
281175,7
281202,6
281228,76
281253,9
281275,6
281303,6
281326,8
281343,10
281375,37
281402,11
281431,10
281460,6
281484,5
281510,8
281536,16
281568,7
281611,66
281631,10
281654,7
281677,5
281700,7
281732,17
281759,74
281782,6
281803,7
281827,7
281860,5
281886,58
281910,7
281945,14
281971,6
281999,5
282027,11
282055,5
282078,7
282104,14
282135,6
282158,8
282182,6
282205,5
282228,5
282260,13
282287,7
282319,6
282343,19
282363,11
282385,21
282418,6
282443,7
282469,11
282490,5
282521,11
282538,9
282564,5
282585,43
282605,7
282627,5
282648,6
282677,5
282703,17
282727,14
282749,5
282781,5
282805,9
282823,5
282858,5
282876,7
282907,13
282934,6
282957,5
282985,6
283011,5
283048,15
283076,491
283115,8
283144,11
283169,5
283189,5
283218,5
283241,8
283269,5
283290,6
283313,37
283336,34
283361,5
283389,11
283413,32
283439,10
283467,5
283500,10
283525,5
283562,6
283595,10
283616,25
283644,7
283668,33
283694,5
283721,7
283745,10
283763,32
283798,5
283830,12
283857,8
283877,6
283901,10
283936,41
283959,17
283983,5
284005,5
284031,11
284063,15
284096,5
284121,5
284135,6
284163,5
284185,6
284216,8
284245,9
284268,10
284297,9
284326,12
284350,6
284377,6
284400,12
284427,7
284445,12
284471,8
284498,403
284523,7
284551,7
284582,16
284614,5
284643,6
284681,5
284705,7
284740,6
284766,57
284796,12
284823,10
284852,6
284869,8
284891,38
284909,7
284934,5
284964,6
284993,5
285016,5
285039,8
285069,6
285103,5
285126,44
285148,21
285159,15
285187,9
285206,8
285226,6
285256,5
285284,10
285309,15
285333,5
285357,6
285392,7
285422,6
285442,7
285455,47
285480,9
285507,11
285527,5
285559,6
285584,6
285610,6
285635,10
285656,5
285686,7
285721,10
285746,12
285771,8
285797,11
285822,14
285843,5
285876,13
285909,15
285935,9
285954,18
285981,6
286011,6
286032,6
286051,12
286068,66
286097,7
286118,21
286144,33
286174,10
286201,7
286232,17
286258,26
286283,5
286308,19
286339,5
286367,9
286387,8
286418,23
286452,8
286474,12
286502,5
286527,5
286559,9
286588,11
286609,16
286629,14
286664,10
286691,12
286714,9
286741,5
286772,9
286789,9
286820,16
286843,17
286874,784
286896,7
286920,13
286947,5
286973,137
286994,6
287029,7
287050,5
287073,27
287101,5
287127,6
287146,270
287169,15
287193,6
287217,6
287249,9
287270,10
287294,6
287313,5
287337,5
287366,9
287399,9
287428,5
287458,27
287480,13
287509,25
287531,5
287562,7
287578,24
287609,33
287632,8
287652,6
287682,8
287704,6
287730,6
287763,5
287786,5
287806,6
287837,12
287860,7
287894,11
287918,6
287948,11
287977,7
288002,7
288028,21
288057,52
288081,42
288108,6
288133,5
288167,5
288195,5
288221,35
288247,17
288277,9
288292,6
288310,71
288342,6
288370,5
288399,6
288415,8
288447,5
288474,8
288501,18
288521,6
288542,26
288555,5
288585,9
288611,36
288642,5
288674,18
288690,6
288712,20
288746,7
288764,81
288794,7
288829,325
288853,16
288887,8
288912,12
288934,132
288971,7
288990,6
289028,7
289056,5
289086,30
289110,8
289138,5
289160,32
289195,6
289215,175
289240,152
289260,21
289285,5
289317,7
289345,5
289365,8
289392,22
289414,5
289439,28
289461,8
289480,18
289504,19
289526,17
289557,18
289581,21
289605,23
289630,7
289658,15
289689,22
289714,10
289737,5
289757,11
289782,6
289811,5
289834,7
289852,10
289873,5
289898,5
289922,7
289948,5
289978,5
290013,5
290036,9
290068,6
290099,8
290128,11
290160,6
290185,10
290206,17
290227,8
290263,9
290284,5
290315,5
290345,13
290373,6
290388,7
290418,7
290450,90
290480,125
290506,17
290537,9
290567,8
290594,6
290611,8
290636,10
290656,7
290681,7
290707,29
290733,6
290757,5
290784,5
290800,5
290819,5
290838,75
290862,7
290886,7
290910,8
290934,5
290958,5
290982,11
291014,8
291040,6
291057,7
291077,27
291104,5
291129,5
291152,6
291177,16
291200,6
291223,51
291250,5
291271,9
291301,10
291323,5
291350,8
291374,92
291394,13
291421,7
291448,7
291469,7
291499,7
291519,5
291539,94
291554,217
291584,15
291609,8
291639,143
291669,6
291694,10
291731,35
291761,5
291787,6
291806,7
291839,6
291864,5
291891,9
291915,9
291939,7
291964,6
291989,20
292024,7
292052,9
292085,5
292118,6
292144,5
292167,5
292202,5
292232,14
292252,14
292279,7
292307,467
292335,5
292368,8
292400,5
292432,7
292454,6
292476,46
292493,9
292516,6
292552,5
292576,28
292602,6
292625,14
292652,9
292673,5
292697,5
292727,5
292750,7
292771,6
292801,291
292822,19
292844,26
292874,7
292901,8
292928,5
292949,8
292970,19
293000,9
293023,6
293055,38
293081,6
293098,35
293113,22
293131,5
293146,6
293174,8
293199,5
293233,16
293253,8
293268,8
293302,10
293329,6
293357,5
293397,8
293422,7
293443,5
293469,9
293487,28
293509,17
293537,11
293564,5
293599,7
293614,12
293643,26
293664,15
293696,6
293727,994
293758,8
293777,11
293804,16
293827,5
293856,5
293886,5
293908,16
293933,66
293950,21
293969,5
293995,5
294019,39
294043,7
294062,14
294093,19
294115,8
294131,5
294167,13
294187,10
294212,11
294238,5
294269,72
294306,16
294330,8
294357,5
294387,14
294418,6
294444,10
294473,7
294508,7
294534,11
294557,7
294576,24
294599,5
294612,9
294641,10
294667,40
294692,6
294719,6
294742,10
294759,7
294792,9
294820,44
294846,9
294865,18
294889,6
294914,7
294940,7
294971,5
294999,5
295021,12
295051,349
295077,8
295102,19
295118,5
295139,6
295158,8
295178,9
295207,12
295231,9
295267,5
295303,6
295329,8
295354,8
295375,5
295395,11
295415,5
295436,8
295456,17
295478,5
295499,8
295527,12
295558,5
295580,8
295613,14
295638,5
295673,23
295693,7
295730,17
295760,5
295775,5
295800,5
295817,7
295838,11
295862,5
295883,6
295913,6
295933,34
295954,6
295986,6
296005,5
296029,18
296058,28
296081,5
296104,8
296117,19
296135,5
296155,6
296179,6
296201,5
296223,11
296248,7
296273,17
296294,9
296310,32
296333,37
296349,57
296376,28
296400,5
296424,24
296443,10
296475,9
296493,13
296512,6
296535,6
296557,9
296581,23
296606,6
296624,8
296642,5
296668,12
296697,76
296722,49
296742,5
296766,52
296802,6
296830,8
296862,5
296893,5
296923,5
296945,87
296964,5
296990,111
297011,6
297038,6
297060,5
297079,5
297108,11
297143,5
297181,6
297204,9
297233,11
297269,8
297293,21
297314,6
297339,5
297376,5
297400,6
297431,8
297453,8
297476,5
297503,6
297525,67
297557,6
297576,12
297598,95
297622,8
297654,10
297684,5
297708,5
297736,11
297762,8
297802,18
297825,5
297847,7
297873,149
297895,20
297921,6
297956,6
297982,87
298014,5
298031,8
298059,7
298083,11
298109,5
298128,9
298155,8
298180,7
298206,10
298226,7
298247,6
298278,5
298300,8
298329,19
298355,364
298378,6
298412,10
298439,13
298470,5
298494,11
298513,14
298533,8
298557,7
298584,9
298605,6
298630,17
298657,20
298682,32
298713,9
298738,5
298770,5
298798,20
298823,9
298847,35
298879,6
298909,5
298928,13
298956,153
298982,5
299012,6
299032,6
299051,5
299076,11
299104,6
299118,38
299138,454
299172,13
299198,6
299208,5
299237,9
299263,5
299282,38
299305,11
299327,6
299351,5
299377,5
299406,6
299442,12
299477,6
299495,7
299523,143
299547,5
299568,5
299588,8
299615,5
299640,54
299665,5
299686,5
299706,5
299734,8
299764,5
299796,6
299823,5
299855,5
299871,9
299892,5
299913,5
299940,6
299968,6
299989,14
300011,6
300029,7
300054,5
300082,11
300105,7
300134,6
300165,95
300186,5
300219,17
300252,5
300283,5
300304,7
300327,12
300354,65
300385,30
300412,23
300442,8
300468,13
300494,8
300517,30
300552,7
300574,5
300595,7
300620,9
300645,5
300668,6
300704,5
300724,22
300748,9
300783,9
300815,7
300841,5
300871,19
300900,9
300922,8
300948,8
300974,63
301019,9
301042,12
301065,5
301090,5
301110,58
301138,7
301162,5
301185,10
301210,21
301234,7
301253,13
301276,5
301296,9
301322,9
301341,5
301368,6
301395,11
301418,5
301441,5
301479,352
301508,40
301535,16
301561,24
301584,9
301613,43
301649,22
301681,8
301706,10
301733,44
301756,6
301795,31
301812,21
301841,74
301866,15
301890,5
301920,50
301942,8
301967,5
301996,6
302021,15
302043,5
302069,13
302092,8
302123,32
302150,65
302175,8
302203,13
302218,38
302246,8
302273,7
302296,50
302329,6
302355,5
302380,12
302406,23
302437,5
302466,6
302489,16
302515,5
302539,6
302563,35
302589,5
302616,14
302638,12
302658,24
302684,26
302720,8
302739,6
302763,6
302791,9
302819,6
302831,26
302857,12
302887,9
302914,13
302941,8
302965,7
302994,10
303015,29
303049,15
303081,5
303115,19
303129,6
303149,10
303171,5
303202,10
303220,15
303251,14
303274,5
303297,5
303325,16
303356,12
303386,5
303419,5
303445,5
303473,27
303500,8
303525,5
303545,7
303567,8
303595,6
303622,30
303640,13
303663,19
303691,5
303713,7
303746,6
303778,14
303810,8
303831,5
303861,7
303888,8
303923,9
303951,6
303983,11
304007,8
304032,15
304062,10
304088,5
304114,6
304140,7
304170,5
304193,19
304212,5
304233,5
304263,7
304290,27
304325,23
304345,5
304371,7
304391,6
304423,16
304445,8
304465,92
304497,16
304530,13
304554,41
304577,5
304590,39
304619,6
304650,7
304667,29
304699,12
304720,5
304747,5
304765,7
304780,28
304813,11
304845,5
304866,5
304894,5
304924,6
304957,9
304983,14
305015,13
305037,8
305058,12
305087,37
305115,11
305140,5
305166,9
305194,14
305229,5
305261,6
305278,26
305301,14
305327,45
305356,12
305383,22
305406,6
305430,5
305461,5
305493,6
305528,5
305553,15
305585,5
305611,19
305641,22
305667,16
305689,18
305707,6
305733,9
305761,12
305780,5
305819,55
305839,5
305867,7
305887,12
305920,18
305942,5
305970,8
305997,13
306026,5
306058,7
306076,10
306102,13
306130,6
306156,11
306196,6
306222,15
306246,6
306274,132
306294,6
306320,5
306342,5
306364,20
306387,114
306403,74
306430,6
306451,6
306471,8
306501,47
306529,9
306556,5
306588,6
306607,7
306634,5
306654,6
306691,6
306720,5
306734,5
306758,7
306789,100
306814,5
306840,14
306865,5
306889,7
306915,8
306939,14
306962,12
306990,6
307013,15
307033,6
307064,10
307092,16
307114,7
307145,10
307169,11
307198,30
307229,5
307252,6
307295,6
307319,5
307356,18
307388,7
307412,18
307435,6
307458,5
307482,5
307502,5
307533,12
307542,9
307573,5
307590,14
307623,5
307649,5
307670,13
307692,5
307705,7
307724,5
307752,8
307777,12
307798,17
307817,5
307846,10
307874,5
307897,5
307922,7
307948,182
307975,6
308000,5
308030,8
308051,15
308084,10
308121,157
308151,5
308182,31
308204,7
308230,6
308263,5
308291,5
308310,9
308336,5
308360,5
308379,6
308405,7
308426,8
308452,11
308474,5
308505,10
308532,5
308565,5
308596,36
308621,6
308651,23
308677,10
308704,5
308731,6
308760,8
308794,5
308814,5
308839,1135
308867,7
308899,6
308930,6
308961,22
308990,16
309024,7
309053,28
309083,7
309106,21
309123,5
309149,26
309170,23
309197,26
309227,7
309253,12
309268,8
309292,5
309315,5
309338,5
309363,6
309392,7
309421,5
309453,10
309478,7
309504,18
309526,9
309551,5
309580,10
309608,5
309635,5
309670,5
309692,5
309718,10
309741,5
309760,9
309787,5
309812,7
309839,6
309878,7
309898,215
309923,8
309947,6
309977,34
310006,6
310037,5
310059,6
310078,74
310104,9
310122,48
310148,5
310181,12
310211,41
310242,5
310284,54
310308,6
310340,55
310368,5
310393,22
310420,26
310443,11
310469,7
310484,21
310511,10
310538,11
310564,6
310593,6
310619,9
310639,6
310659,6
310688,5
310722,273
310747,7
310780,7
310805,8
310829,64
310856,6
310872,7
310900,13
310936,5
310964,5
310992,13
311026,6
311058,8
311080,9
311113,20
311144,6
311164,7
311202,6
311229,6
311258,16
311283,7
311314,23
311343,5
311373,5
311395,5
311424,9
311451,6
311477,6
311501,5
311523,7
311548,6
311572,10
311601,5
311633,5
311655,10
311695,15
311716,6
311743,6
311772,7
311791,7
311816,5
311838,8
311864,7
311894,6
311918,5
311935,9
311954,6
311984,10
312012,5
312038,85
312061,22
312083,7
312103,9
312133,7
312152,37
312175,6
312205,6
312226,5
312251,9
312275,8
312297,9
312327,13
312352,5
312380,6
312405,7
312427,7
312454,5
312483,5
312509,37
312536,5
312563,9
312589,6
312612,10
312640,8
312662,22
312682,8
312710,11
312734,5
312762,23
312783,21
312813,5
312846,5
312869,6
312888,19
312917,16
312943,8
312982,9
313004,45
313029,20
313063,6
313086,5
313108,7
313127,5
313160,10
313184,7
313211,6
313243,6
313268,6
313289,5
313313,5
313334,5
313351,5
313384,15
313412,31
313446,6
313470,6
313493,6
313522,31
313544,9
313572,17
313602,43
313628,17
313652,27
313680,5
313708,5
313737,6
313768,5
313790,13
313816,12
313841,42
313882,14
313902,16
313927,10
313947,12
313966,5
313994,14
314025,33
314041,11
314062,6
314091,10
314113,8
314143,7
314167,16
314196,6
314224,3627
314249,22
314277,8
314300,7
314328,19
314348,5
314374,11
314395,6
314420,5
314447,10
314480,42
314503,5
314520,26
314541,5
314567,23
314594,22
314624,5
314647,32
314671,5
314700,7
314729,23
314756,25
314783,7
314800,6
314837,215
314866,8
314892,42
314917,6
314936,7
314961,5
314987,8
315009,7
315038,27
315063,6
315081,5
315109,10
315130,6
315176,8
315201,5
315220,6
315244,5
315269,5
315295,18
315317,14
315335,5
315369,9
315394,7
315421,8
315444,8
315468,7
315487,5
315513,7
315540,6
315574,8
315598,8
315639,21
315662,7
315684,8
315728,14
315754,6
315772,8
315794,5
315815,181
315846,17
315875,7
315901,8
315921,10
315943,7
315971,5
315996,8
316022,16
316048,22
316080,5
316104,10
316134,26
316163,9
316187,8
316224,6
316247,10
316274,17
316303,27
316322,11
316344,9
316374,31
316388,5
316412,23
316439,5
316462,37
316490,19
316506,23
316530,11
316567,11
316587,5
316616,5
316646,6
316677,32
316707,18
316733,5
316751,13
316770,10
316798,7
316820,6
316842,8
316870,20
316894,37
316914,10
316941,35
316965,5
316985,6
317004,17
317030,9
317054,7
317075,19
317100,7
317130,15
317156,5
317186,22
317219,8
317244,17
317263,6
317290,13
317316,6
317347,8
317375,7
317402,16
317428,17
317458,32
317492,9
317523,7
317550,5
317575,6
317601,9
317630,74
317655,7
317678,23
317700,24
317725,5
317754,7
317781,44
317803,21
317831,6
317853,6
317869,6
317904,7
317929,7
317952,5
317973,27
317992,40
318027,6
318053,19
318086,9
318111,11
318138,6
318170,8
318200,6
318233,156
318261,200
318291,14
318313,9
318348,11
318378,6
318399,7
318417,6
318449,5
318477,43
318506,7
318534,5
318559,29
318580,5
318607,5
318631,19
318657,11
318684,60
318711,5
318732,5
318766,7
318788,5
318815,15
318846,5
318868,26
318903,7
318920,5
318956,30
318976,5
318995,10
319024,11
319047,6
319067,6
319087,10
319114,7
319144,12
319164,8
319197,5
319222,5
319247,7
319271,15
319294,13
319318,6
319350,7
319382,19
319398,18
319426,31
319459,5
319484,6
319511,6
319541,20
319565,8
319592,38
319613,8
319630,11
319657,12
319684,56
319703,7
319737,6
319757,5
319792,14
319814,10
319840,8
319872,5
319897,22
319925,20
319951,13
319978,16
320005,34
320025,7
320047,6
320071,7
320097,11
320121,119
320144,5
320168,6
320193,10
320221,7
320254,5
320280,11
320299,7
320327,8
320351,5
320378,5
320407,15
320423,14
320451,332
320477,7
320516,16
320551,9
320576,5
320605,11
320628,5
320647,5
320671,9
320701,6
320728,5
320747,6
320768,13
320788,18
320806,6
320830,103
320854,13
320883,24
320908,56
320933,204
320956,9
320980,8
321011,5
321030,17
321049,10
321086,16
321106,11
321130,7
321156,6
321179,34
321202,5
321223,21
321255,35
321273,11
321296,7
321316,89
321338,5
321374,26
321398,6
321414,9
321446,15
321470,51
321491,11
321520,5
321547,9
321569,75
321595,5
321614,6
321633,26
321667,43
321695,9
321715,9
321751,6
321777,5
321804,7
321833,6
321862,23
321883,14
321900,9
321920,27
321947,8
321974,11
322010,7
322041,5
322065,5
322084,32
322109,18
322127,16
322151,6
322179,14
322201,37
322224,15
322245,6
322284,19
322309,6
322341,14
322376,19
322403,7
322419,86
322444,33
322469,12
322490,23
322527,9
322555,8
322577,12
322595,13
322633,6
322657,87
322685,5
322700,6
322722,5
322744,29
322769,6
322788,6
322813,14
322836,45
322868,5
322886,6
322916,40
322935,6
322959,10
322996,8
323028,6
323056,11
323085,6
323117,10
323137,5
323161,12691
323188,5
323206,1037
323232,5
323259,141
323278,5
323304,38
323332,6
323354,11
323386,9
323409,5
323424,14
323451,5
323471,9
323492,8
323510,10
323531,5
323553,98
323579,57
323603,20
323631,5
323654,18
323682,5
323712,11
323742,6
323768,358
323788,8
323813,7
323826,9
323839,20
323864,10
323895,24
323921,5
323949,5
323980,6
324003,12
324019,12
324039,6
324073,14
324097,12
324128,37
324150,16
324179,5
324210,9
324236,11
324262,7
324289,5
324316,44
324336,5
324366,69
324391,6
324425,9
324450,6
324484,11
324509,2175
324533,5
324560,40
324588,24
324617,5381
324644,8
324672,17
324694,75
324716,6
324745,5
324763,6
324786,6
324810,7
324835,16
324872,5
324896,9
324927,5
324972,11
325003,11
325027,5
325058,46
325079,10
325101,7
325124,5
325150,11
325175,27
325197,9
325227,16
325253,8
325281,5
325306,6
325337,13
325370,11
325394,36
325413,13
325443,6
325466,18
325489,30
325515,8
325541,17
325563,9
325589,14
325630,7
325652,345
325676,34
325701,29
325726,11
325751,181
325778,8
325804,6
325834,17
325857,5
325882,7
325914,6
325936,11
325969,6
325996,8
326025,6
326057,6
326090,5
326117,13
326146,15
326176,16
326196,5
326213,35
326245,33
326268,25
326301,40
326324,6
326348,11
326378,5
326405,7
326432,5
326454,48
326480,5
326506,6
326530,46
326568,58
326597,10
326620,7
326649,10
326673,10
326700,6
326724,50
326752,10
326774,347
326805,41
326833,6
326856,15
326878,6
326903,5
326935,9
326956,7
326976,11
327004,30
327042,5
327067,8
327096,5
327125,6
327155,10
327180,18
327204,16
327224,12
327251,5
327272,5
327302,9
327327,5
327351,5
327373,20
327395,9
327420,107
327445,7
327481,6
327496,5
327528,16
327550,26
327581,31
327612,5
327638,7
327667,6
327692,11
327709,10
327730,15
327759,16
327777,7
327803,7
327824,7
327846,17
327875,7
327898,57
327909,5
327940,6
327971,6
327989,9
328020,15
328037,7
328068,13
328097,41
328122,11
328140,10
328176,9
328204,45
328232,5
328262,7
328280,5
328307,6
328334,14
328366,7
328389,5
328412,21
328445,225
328465,5
328487,5
328514,11
328544,6
328566,54
328593,135
328618,9
328645,29
328670,5
328693,5
328720,7
328742,6
328768,6
328794,17
328821,14
328845,12
328870,9
328897,24
328920,7
328940,5
328972,16
329003,6
329038,621
329070,5
329098,5
329123,5
329147,281
329163,53
329189,11
329211,20
329231,14
329264,5
329299,9
329324,7
329350,5
329373,23
329404,16
329439,5
329476,9
329517,5
329547,5
329566,5
329601,17
329628,6
329655,5
329684,5
329710,17
329737,6
329762,5
329792,14
329820,99
329854,8
329877,12
329900,8
329933,16
329951,8
329979,12
330003,34
330032,5
330051,11
330077,5
330106,7
330132,15
330170,16
330193,36
330214,6
330244,5
330273,14
330296,7
330321,5
330345,7
330367,6
330394,11
330424,5
330455,12
330482,5
330510,13
330534,8
330558,5
330581,9
330599,9
330621,6
330637,15
330664,6
330686,6
330713,7
330740,26
330775,9
330804,5
330830,59
330858,7
330882,13
330906,6
330938,11
330965,15
330988,11
331011,11
331036,7
331061,5
331095,5
331117,10
331150,175
331175,6
331190,19
331204,6
331229,9
331251,6
331268,63
331295,5
331326,6
331351,11
331379,6
331404,23
331439,5
331461,9
331500,6
331522,19
331548,6
331572,5
331596,8
331621,16
331647,5
331676,6
331692,5
331720,14
331748,5
331766,6
331784,16
331811,9
331837,5
331859,10
331886,12
331912,31
331933,7
331959,8
331982,42
332014,5
332035,5
332052,5
332077,14
332104,5
332134,7
332164,6
332181,30
332206,5
332235,5
332267,7
332287,50
332310,7
332340,78
332368,48
332401,5
332421,34
332438,5
332467,32
332494,7
332513,5
332538,6
332568,8
332588,8
332621,10
332661,5
332686,12
332708,22
332728,8
332751,5
332788,89
332816,5
332841,5
332870,7
332900,5
332922,14
332944,34
332968,5
332989,5
333012,12
333034,7
333064,71
333090,17
333119,14
333153,13
333177,13
333204,5
333233,15
333256,5
333285,5
333310,9
333339,5
333377,6
333409,6
333431,7
333456,13
333485,6
333510,13
333538,9
333572,19
333593,10
333621,9
333648,5
333666,31
333694,7
333730,7
333757,5
333783,424
333807,11
333829,12
333861,9
333889,5
333908,6
333933,7
333955,5
333982,5
334006,128
334031,5
334046,11
334075,8
334109,5
334134,7
334172,9
334192,9
334216,9
334241,6
334265,65
334294,11
334315,7
334341,7
334366,5
334387,6
334410,6
334436,7
334461,6
334482,6
334508,5
334531,8
334559,6
334580,12
334613,73
334636,7
334669,11
334688,6
334727,12
334761,15
334784,8
334807,7
334832,7
334863,8
334887,5
334923,5
334949,12
334979,6
334999,8
335021,5
335046,235
335072,9
335087,5
335107,6
335142,7
335167,8
335188,5
335211,8
335235,54
335254,7
335279,7
335301,6
335329,5
335353,17
335378,7
335401,12
335425,16
335459,16
335488,35
335511,6
335539,12
335574,7
335595,7
335628,9
335651,6
335678,7
335696,12
335717,7
335735,5
335757,11
335782,29
335810,28
335830,9
335858,5
335881,6
335912,7
335944,16
335964,8
335994,258
336018,28
336041,8
336064,5
336099,10
336124,10
336153,31
336185,8
336209,6
336239,12
336256,5
336275,6
336297,13
336331,5
336359,14
336390,5
336425,19
336453,6
336480,6
336511,49
336542,16
336562,19
336589,9
336621,7
336645,30
336684,5
336715,10
336739,6
336766,25
336801,8
336828,19
336847,10
336881,5
336905,24
336926,7
336949,6
336968,6
336991,5
337020,7
337045,5
337067,9
337099,17
337128,17
337154,6
337179,38
337205,11
337229,5
337256,21
337281,23
337314,6
337336,67
337360,16
337381,7
337409,6
337433,6
337463,45
337491,7
337514,11
337535,13
337563,11
337590,8
337619,23
337658,19
337687,5
337712,8
337746,41
337770,25
337803,6
337825,9
337852,5
337879,7
337903,5
337931,32
337962,5
337986,6
338017,6
338045,11
338075,6
338101,8
338121,16
338152,5
338169,6
338191,7
338217,8
338249,6
338267,14
338285,5
338308,18
338338,7
338367,7
338385,7
338418,8
338455,18
338494,5
338520,6
338545,16
338573,5
338596,23
338629,5
338657,6
338678,6
338718,6
338751,7
338775,9
338807,7
338837,6
338864,69
338892,9
338920,22
338950,6
338972,5
338995,17
339024,22
339049,21
339073,47
339097,37
339127,76
339147,7
339171,240
339196,7
339226,7
339252,25
339277,5
339296,16
339316,20
339342,9
339369,7
339393,26
339414,5
339452,11
339479,5
339503,6
339534,9
339568,8
339589,8
339611,6
339634,7
339655,7
339683,8
339708,5
339737,22
339754,6
339780,8
339808,8
339840,6
339864,7
339899,8
339919,5
339943,11
339966,10
339996,10
340029,5
340061,37
340089,5
340127,5
340152,7
340188,18
340212,8
340231,22
340266,68
340294,7
340318,5
340349,5
340359,5
340391,59
340419,11
340439,5
340470,10
340497,5
340522,10
340555,6
340584,9
340610,7
340631,8
340655,115
340677,5
340708,75
340735,326
340765,7
340796,10
340816,15
340845,19
340873,14
340902,9
340926,5
340946,5
340969,8
340997,12
341022,5
341052,13
341079,16
341108,8
341121,8
341147,6
341173,26
341196,5
341222,7
341248,14
341277,9
341303,8
341326,6
341350,36
341379,7
341395,6
341416,5
341445,8
341467,5
341496,5
341520,9
341552,13
341583,31
341604,7
341634,6
341650,6
341678,76
341705,10
341727,6
341749,11
341767,7
341793,5
341828,5
341846,22
341869,21
341902,29
341927,9
341955,9
341981,6
342004,6
342029,6
342056,29
342081,39
342108,15
342136,17
342156,5
342187,7
342202,6
342230,11
342257,10
342287,17
342321,90
342350,10
342382,7
342413,5
342438,7
342469,122
342485,24
342510,20
342538,30
342570,15
342596,32
342621,7
342642,6
342678,22
342701,6
342722,9
342757,6
342783,5
342800,6
342827,21
342849,35
342878,111
342907,5
342939,5
342964,6
342993,9
343013,34
343048,5
343080,15
343102,6
343127,33
343156,7
343179,10
343208,5
343240,8
343262,5
343288,6
343318,11
343350,10
343374,15
343401,5
343431,9
343457,7
343488,5
343512,6
343536,6
343557,51
343581,5
343598,10
343621,14
343654,7
343682,50
343702,39
343725,7
343749,34
343778,13
343797,6
343822,6
343845,15
343874,9
343891,25
343915,8
343934,11
343966,5
343987,6
344008,21
344031,32
344071,10
344097,7
344127,7
344152,25
344179,10
344211,5
344234,9
344259,16
344288,6
344307,51
344323,32
344352,8
344373,22
344397,5
344422,7
344444,14
344474,8
344511,6
344540,11
344563,1856
344590,23
344611,5
344641,9
344660,5
344676,7
344698,24
344720,816
344758,12
344784,8
344815,13
344840,9
344869,11
344893,7
344916,6
344937,23
344970,15
344993,18
345024,46
345052,33
345069,29
345098,6
345116,35
345148,6
345177,11
345202,11
345227,7
345258,18
345282,8
345301,7
345330,21
345364,5
345396,46
345418,6
345446,5
345480,104
345510,15
345529,10
345557,6
345580,5
345609,5
345643,5
345668,246
345696,36
345716,5
345753,18
345778,6
345805,11
345826,63
345853,12
345880,5
345913,7
345940,25
345970,5
345995,63
346016,8
346041,6
346068,22
346096,7
346123,5
346147,13
346169,20
346194,7
346220,30
346244,9
346262,5
346290,25
346314,5
346338,16
346366,33
346393,5
346416,19
346449,7
346480,5
346511,9
346534,9
346562,5
346588,6
346615,7
346637,33
346657,5
346685,9
346713,6
346732,7
346758,6
346783,6
346808,8
346828,8
346863,15
346886,8
346916,48
346948,43
346976,5
346997,15
347019,13
347035,5
347057,34
347071,12
347099,6
347128,9
347150,5
347176,61
347202,7
347234,10
347258,7
347281,5
347305,15
347338,7
347365,8
347381,28
347397,8
347413,9
347440,18
347458,6
347488,7
347514,6
347539,19
347573,7
347592,8
347619,7
347648,5
347676,7
347704,26
347729,6
347755,5
347775,22
347796,9
347813,7
347837,9
347876,5
347906,25
347932,6
347956,9
347979,9
348001,5
348024,10
348046,6
348071,7
348095,11
348118,9
348144,18
348171,9
348205,20
348235,47
348260,88
348286,12
348317,5
348339,43
348360,7
348391,15
348421,12
348447,8
348475,19
348502,5
348533,5
348559,49
348581,11
348615,8
348643,13
348672,6
348695,8
348728,31
348745,5
348771,9
348798,9
348820,8
348846,12
348875,6
348909,5
348933,5
348960,5
348995,5
349017,16
349049,8
349069,5
349091,13
349116,10
349148,8
349178,5
349204,7
349234,32
349263,15
349281,25
349299,6
349328,73
349352,32
349381,42
349409,6
349427,21
349453,18
349482,9
349508,15
349532,6
349556,11
349577,46
349594,10
349616,18
349640,44
349662,5
349695,11
349722,13
349752,34
349785,5
349806,5
349835,5
349861,30
349890,7
349908,6
349921,7
349948,12
349984,6
350013,9
350045,5
350062,5
350087,27
350111,5
350147,21
350176,5
350194,21
350222,8
350255,13
350283,13
350311,10
350343,19
350365,9
350390,30
350408,11
350435,8
350463,5
350485,7
350509,8
350523,11
350550,5
350577,5
350600,12
350636,7
350669,16
350700,8
350726,21
350745,48
350770,6
350802,6
350833,5
350857,16
350889,5
350913,10
350943,8
350963,15
350987,8
351011,33
351032,8
351054,6
351073,6
351093,12
351121,17
351150,8
351169,7
351201,5
351222,5
351246,6
351267,21
351295,43
351317,5
351337,9
351361,270
351387,7
351413,38
351433,10
351461,18
351483,66
351506,38
351539,6
351560,7
351588,9
351608,11
351633,5
351660,5
351678,5
351701,5
351728,5
351752,8
351788,14
351814,5
351844,9
351870,11
351894,6
351928,6
351955,8
351974,32
351999,5
352023,11
352054,6
352088,5
352109,91
352134,8
352158,5
352185,37
352211,7
352239,5
352264,20
352285,10
352311,128
352334,5
352355,6
352375,7
352400,7
352433,9
352465,5
352489,12
352524,5
352558,6
352585,5
352615,6
352639,12
352658,6
352687,15
352711,11
352739,8
352760,6
352784,14
352811,7
352840,6
352865,7
352898,5
352930,22
352959,12
352988,5
353019,7
353053,6
353082,7
353108,6
353134,7
353163,11
353187,5
353209,14
353239,44
353267,16
353303,6
353336,5
353358,22
353373,14
353401,7
353425,13
353452,6
353483,6
353505,8
353529,6
353551,28
353582,19
353607,20
353633,10
353660,8
353682,8
353705,7
353736,7
353769,5
353795,6
353827,5
353846,5
353874,20
353909,5
353944,88
353961,40
353984,8
354008,5
354034,8
354062,5
354091,9
354110,5
354136,8
354156,9
354182,7
354214,6
354235,6
354253,5
354280,6
354305,7
354335,7
354363,7
354392,5
354411,11
354432,16
354457,27
354482,7
354508,6
354526,5
354549,5
354578,5
354595,17
354621,5
354635,20
354665,19
354682,6
354706,15
354725,8
354750,6
354777,8
354802,5
354831,10
354852,5
354873,45
354903,5
354932,5
354947,7
354974,215
354998,17
355026,10
355045,8
355072,5
355094,37
355115,45
355145,14
355180,11
355205,6
355235,26
355251,17
355276,5
355307,7
355339,8
355362,8
355384,7
355412,42
355436,7
355463,27
355488,10
355530,5
355558,148
355581,6
355608,12
355635,6
355658,6
355673,14
355699,8
355733,16
355754,8
355786,30
355808,7
355829,6
355855,6
355887,5
355913,7
355946,10
355971,8
355990,5
356022,11
356048,44
356065,8
356089,7
356123,11
356147,7
356166,25
356197,5
356219,7
356248,7
356281,10
356306,5
356322,5
356345,30
356372,5
356405,5
356428,11
356462,11
356486,7
356518,10
356542,777
356580,5
356608,308
356638,5
356667,103
356701,7
356732,23
356749,7
356776,11
356799,5
356817,7
356843,34
356873,8
356903,5
356934,6
356955,8
356970,86
357000,6
357025,8
357054,5
357088,7
357118,5
357152,7
357177,14
357200,47
357233,6
357260,13
357291,5
357320,5
357342,5
357365,5
357390,7
357420,15
357460,5
357483,6
357510,400
357536,5
357562,6
357586,12
357616,10
357640,9
357660,76
357684,18
357710,5
357737,26
357770,6
357791,7
357819,11
357847,41
357869,11
357894,9
357916,12
357935,5
357959,12
357986,9
358012,5
358039,6
358074,13
358097,6
358129,15
358147,6
358170,9
358195,8
358224,20
358240,17
358266,7
358283,9
358310,11
358335,6
358359,16
358393,14
358417,34
358439,13
358466,14
358492,8
358514,17
358546,5
358578,6
358607,18
358634,8
358653,16
358685,17
358710,6
358733,5
358750,6
358781,7
358806,8
358827,8
358855,6
358882,7
358912,5
358940,8
358962,8
358987,9
359023,15
359050,11
359071,5
359099,5
359130,13
359152,12
359180,6
359210,6
359243,21
359265,7
359286,7
359306,328
359330,18
359351,13
359378,6
359402,9
359421,28
359461,12
359490,29
359522,6
359547,631
359566,6
359589,15
359613,11
359633,15
359656,10
359696,5
359725,5
359755,5
359781,5
359802,39
359818,22
359847,5
359871,5
359903,8
359928,10
359952,22
359972,22
359996,8
360022,12
360043,37
360076,124
360097,7
360121,5
360143,8
360178,14
360201,5
360236,7
360264,6
360286,20
360317,11
360339,9
360367,7
360387,9
360415,7
360447,184
360466,10
360484,12
360512,11
360542,23
360565,5
360588,13
360617,5
360647,6
360673,5
360700,867
360723,30
360747,16
360767,6
360801,8
360824,5
360858,14
360877,11
360909,711
360932,8
360961,9
360989,9
361016,7
361043,5
361076,13
361110,12
361135,5
361161,5
361188,5
361218,5
361246,6
361266,6
361295,155
361321,5
361347,800
361371,19
361394,15
361412,7
361440,13
361467,146
361495,11
361519,9
361551,9
361573,6
361598,6
361619,7
361643,6
361671,5
361702,34
361722,5
361748,5
361783,7
361810,13
361830,5
361851,24
361877,13
361897,6
361923,5
361948,25
361982,10
362011,8
362036,10
362062,7
362086,8
362108,5
362133,11
362157,5
362191,5
362217,9
362244,24
362266,7
362291,12
362315,43
362342,5
362368,10
362391,14
362426,20
362462,5
362490,1038
362517,9
362535,34
362557,10
362584,6
362607,7
362637,5
362660,11
362687,5
362718,7
362751,11
362786,13
362812,222
362833,7
362862,5
362890,17
362918,8
362955,5
362982,10
363003,13
363031,94
363053,6
363077,5
363102,5
363131,18
363155,7
363178,15
363203,49277
363230,5
363252,79
363273,15
363293,5
363311,7
363333,10
363352,6
363383,29
363411,6
363434,14
363481,5
363499,58
363520,16
363553,22
363581,21
363618,9
363647,6
363670,11
363702,8
363726,10
363751,5
363784,12
363815,6
363846,18
363867,17
363888,7
363919,66
363935,7
363961,5
363978,5
364007,8
364032,5
364059,7
364082,9
364105,6
364137,9
364162,5
364183,5
364208,8
364226,5
364247,17
364271,10
364295,5
364320,60
364352,7
364384,5
364407,20
364427,9
364457,10
364476,7
364505,8
364535,13
364563,5
364591,25
364621,5
364652,9
364668,6
364686,5
364716,16
364736,5
364761,5
364783,8
364813,136
364836,5
364859,5
364888,46
364916,43
364935,6
364962,7
364983,5
365006,10
365027,10
365052,11
365075,131
365101,6
365131,16
365158,11
365180,39
365208,12
365228,6
365254,6
365275,5
365310,19
365331,16
365361,15
365386,12
365419,5
365439,5
365463,187
365486,8
365513,7
365531,89
365563,5
365587,66
365613,5
365638,198
365667,16
365691,6
365721,8
365750,16
365777,5
365808,5
365824,8
365843,8
365878,5
365897,64
365917,19
365938,8
365969,38
365997,8
366017,11
366050,39
366067,9
366095,13
366113,5
366134,10
366162,9
366185,6
366217,34
366242,7
366264,11
366295,276
366319,9
366343,13
366373,11
366385,8
366410,105
366445,3468
366470,15
366494,11
366529,6
366558,6
366581,8
366619,5
366642,5
366659,13
366680,8
366703,11
366739,25
366766,14
366794,23
366810,15
366833,19
366864,9
366889,17
366918,13
366937,13
366959,5
366986,30
367015,15
367042,9
367072,12
367095,23
367119,10
367142,5
367159,7
367196,5
367216,6
367235,5
367260,9
367286,13
367315,8
367343,71
367370,6
367385,5
367426,6
367451,23
367475,5
367498,18
367524,16
367544,33
367560,15
367583,3816
367612,10
367640,9
367668,35
367686,5
367710,26
367737,16
367772,5
367803,6
367819,20
367845,9
367871,6
367893,8
367919,13
367945,9
367979,19
368009,23
368035,42
368061,5
368081,33
368102,8
368128,10
368147,6
368180,5
368208,8
368237,6
368259,10
368278,12
368304,7
368327,5
368355,5
368375,8
368397,6
368428,7
368452,6
368476,52
368503,5
368527,13
368548,11
368575,33
368601,7
368620,9
368651,10
368686,8
368705,9
368732,8
368756,10
368775,14
368802,13
368824,5
368855,13
368872,9
368901,5
368934,175
368954,9
368982,14
369015,8
369033,9
369069,18
369100,5
369126,8
369153,11
369173,7
369199,63
369217,6
369246,15
369278,34
369303,26
369323,7
369343,10
369364,8
369390,6
369410,6
369446,6
369468,19
369496,5
369526,5
369554,10
369586,33
369607,11
369630,5
369666,6
369692,6
369717,5
369730,16
369759,7
369790,6
369816,6
369842,7
369859,444
369892,6
369917,5
369944,14
369967,16
369993,47
370026,18
370054,12
370081,7
370112,8
370145,22
370171,8
370192,5
370224,5
370256,5
370284,5
370320,98
370351,12
370374,5
370398,5
370416,126
370438,15
370460,10
370489,14
370527,9
370545,6
370574,37
370605,5
370630,17
370647,9
370674,5
370697,5
370714,6
370746,12
370777,6
370806,8
370835,7
370860,29
370886,110
370906,6
370934,51
370962,10
370988,19
371019,7
371051,10
371072,6
371091,7
371129,8
371161,9
371187,77
371216,32
371239,5
371261,7
371282,5
371306,5
371329,6
371350,11
371378,16
371402,7
371424,11
371448,6
371472,7
371506,5
371534,8
371565,6
371592,7
371622,7
371641,14
371668,6
371705,15
371729,5
371755,6
371778,8
371808,10
371825,8
371845,345
371876,7
371895,110
371916,5
371941,12
371968,5
371993,14
372029,6
372058,6
372087,8
372114,8
372150,5
372178,6
372206,30
372236,12
372258,9
372270,7
372302,12
372317,10
372341,17
372367,5
372384,6
372408,5
372430,5
372457,12
372479,6
372507,6
372535,20
372569,7
372605,5
372631,28
372664,6
372698,6
372724,22
372746,9
372771,11
372800,5
372831,11
372852,5
372869,5
372894,5
372914,13
372938,7
372973,6
372999,21
373017,19
373034,9
373061,8
373093,16
373122,6
373151,6
373170,5
373200,7
373219,6
373240,89
373262,5
373285,6
373314,6
373339,21
373359,17
373373,13
373406,5
373440,6
373474,19
373491,23
373523,5
373548,26
373586,5
373617,12
373644,5
373675,8
373703,5
373730,9
373757,10
373782,40
373803,7
373834,6
373853,5
373880,10
373906,6
373938,8
373973,5
373993,43
374014,6
374036,20
374059,11
374079,5
374115,6
374134,11
374159,6
374183,19
374212,27
374239,6
374268,12
374293,11
374325,9
374354,6
374389,16
374418,5
374437,6
374460,15
374494,9
374514,5
374543,7
374575,5
374595,8
374629,8
374655,6
374679,8
374711,6
374742,6
374766,5
374783,36
374809,5
374828,6
374856,7
374881,10
374911,7
374932,6
374954,8
374985,7
375008,8
375035,5
375058,10
375080,23
375102,8
375126,22
375150,7
375176,5
375199,5
375224,22
375244,7
375275,5
375291,8
375318,486
375348,5
375373,7
375402,6
375428,8
375444,10
375472,10
375507,6
375534,5
375561,24
375590,6
375616,13
375641,7
375676,7
375707,14
375731,7
375752,5
375774,8
375810,6
375841,7
375872,35
375894,5
375921,6
375951,7
375983,12
376015,5
376033,17
376063,5
376089,12
376119,5
376136,5
376160,58
376180,9
376208,8
376235,7
376261,5
376282,8
376302,6
376330,5
376360,6
376380,7
376401,5
376418,20
376440,9
376468,55
376496,5
376515,5
376534,8
376565,10
376585,6
376609,69
376624,5
376643,5
376660,35
376695,10
376714,5
376738,25
376762,5
376791,19
376821,6
376855,5
376885,5
376899,8
376934,54
376964,19
376989,5
377019,5
377040,5
377062,5
377092,6
377116,10
377146,6
377176,9
377209,12
377225,13
377253,7
377275,5
377300,45
377326,38
377359,6
377384,6
377415,5
377435,6
377456,20
377478,11
377500,76
377532,7
377561,7
377578,9
377601,7
377616,6
377646,7
377674,5
377698,18
377730,5
377756,13
377778,5
377806,10
377826,33
377841,6
377857,7
377882,5
377919,14
377945,6
377982,11
378011,7
378045,11
378072,5
378088,7
378122,9
378160,5
378183,5
378216,9
378230,5
378252,5
378285,86
378312,7
378344,5
378366,12
378396,7
378428,17
378461,8
378486,41
378511,11
378535,5
378564,17
378586,8
378610,7
378637,17
378661,8
378692,12
378722,6
378746,7
378770,11
378803,7
378822,20
378848,18
378873,208
378908,18
378936,5
378970,9
379003,6
379029,21
379061,23
379081,6
379101,467
379138,10
379168,6
379192,5
379225,7
379254,7
379280,6
379304,6
379327,6
379353,10
379384,519
379405,10
379428,6
379460,25
379483,40
379512,6
379534,22
379562,5
379587,22
379609,18
379638,11
379664,16
379696,20
379714,10
379746,9
379763,6
379780,6
379803,20
379829,13
379859,15
379888,5
379915,6
379939,12
379956,43
379980,7
379999,18
380019,8
380046,15
380072,14
380088,14
380125,5
380152,5
380175,6
380196,19
380223,6
380250,5
380280,11
380302,20
380331,5
380358,80
380376,6
380400,11
380426,6
380453,21
380474,121
380510,8
380537,35
380561,5
380596,5
380626,5
380655,8
380689,13
380708,7
380736,114
380759,12
380784,14
380817,6
380841,7
380875,17
380901,5
380926,7
380953,25
380974,23
380999,5
381021,5
381048,13
381076,17
381100,7
381119,6
381142,7
381168,9
381196,710
381223,7
381239,7
381270,5
381294,26
381316,7
381336,6
381355,12
381378,9
381400,7
381423,10
381449,11
381474,8
381494,5
381515,6
381538,5
381564,88
381590,22
381613,5
381636,41
381661,8
381682,11
381707,9
381723,14
381744,6
381774,5
381795,5
381819,7
381842,6
381862,5
381894,11
381921,5
381942,7
381968,7
382004,5
382030,14
382057,53
382078,23
382108,6
382135,10
382160,6
382183,57
382209,867
382234,9
382262,8
382286,6
382302,22
382319,375
382342,9
382367,6
382394,5
382425,5
382448,10
382463,10
382492,6
382526,6
382548,15
382577,5
382612,5
382639,7
382670,5
382699,6
382732,5
382761,7
382780,9
382808,11
382836,82
382860,6
382887,29
382911,13
382940,9
382974,8
383001,33
383029,5
383057,6
383071,91
383092,5
383120,5
383143,8
383165,5
383182,22
383208,26
383234,5
383258,353
383284,13
383302,21
383332,6
383353,7
383380,10
383405,5
383421,5
383447,6
383472,5
383491,7
383520,11
383545,12
383572,13
383601,5
383628,5
383646,6
383670,6
383696,6
383720,40
383745,6
383780,16
383803,42
383825,7
383848,6
383882,24
383916,6
383940,5
383967,6
384002,79
384022,15
384045,10
384070,8
384102,8
384123,9
384151,6
384182,6
384212,16
384239,9
384278,7
384311,7
384337,11
384361,12
384387,26
384408,6
384437,15
384461,6
384491,16
384513,15
384534,5
384561,6
384589,11
384617,13
384644,9
384658,5
384687,30
384714,8
384754,6
384777,54
384802,8
384828,8
384861,27
384891,5
384920,9
384946,11
384972,9
384995,264
385018,70
385037,9
385060,7
385088,11
385113,22
385139,12
385161,5
385191,6
385208,10
385241,7
385269,5
385291,15
385322,8
385339,13
385361,6
385386,7
385409,207
385443,16
385471,7
385495,9
385511,6
385533,6
385564,29
385598,7
385629,15
385655,6
385682,6
385712,13
385745,5
385771,29
385800,6
385822,13
385861,10
385886,12
385905,8
385933,18
385959,14
385986,12
386019,5
386036,5
386050,5
386076,6
386100,7
386130,94
386159,6
386187,6
386208,5
386237,1112
386269,11
386292,78
386319,5
386339,25
386362,10
386382,48
386417,14
386441,10
386459,15
386494,52
386520,6
386545,5
386570,5
386597,5
386626,10
386652,6
386678,8
386706,7
386726,6
386750,7
386770,7
386797,6
386826,23
386857,5
386880,5
386908,6
386929,5
386961,13
386997,18
387026,51
387056,26
387082,30
387104,7
387135,39
387163,15
387186,5
387205,5
387228,20
387258,56
387286,7
387322,8
387354,35
387385,5
387421,9
387455,5
387479,9
387502,17
387532,5
387563,8
387583,8
387613,5
387638,19
387669,5
387690,13
387712,12
387740,6
387761,66
387790,5
387821,15
387845,6
387870,86
387895,7
387926,24
387957,5
387985,12
388009,6
388041,6
388073,6
388109,8
388139,5
388163,7
388194,7
388222,29
388243,9
388268,7
388291,9
388327,16
388354,6
388385,5
388418,26
388439,16
388465,5
388486,376
388515,24
388535,7
388562,5
388587,7
388622,8
388654,8
388682,5
388713,8
388735,6
388757,9
388782,9
388805,20
388837,5
388868,9
388892,5
388922,7
388944,15
388975,18
388991,5
389018,10
389050,19
389073,186
389095,121
389118,11
389142,6
389159,8
389190,6
389210,11
389241,37
389262,11
389286,5
389311,7
389333,7
389347,5
389364,29
389390,5
389412,5
389433,9
389459,27
389492,5
389510,13
389535,12
389551,8
389575,5
389595,11
389615,15
389638,6
389663,5
389697,7
389720,6
389743,9
389772,5
389799,9
389828,5
389860,16
389881,5
389902,10
389924,5
389946,5
389972,5
389998,9
390022,11
390054,6
390078,42
390103,17
390128,6
390151,5
390184,8
390207,7
390236,5
390263,11
390296,13
390321,5
390343,8
390366,5
390397,6
390429,17
390459,7
390487,7
390520,7
390544,5
390572,34
390592,6
390615,39
390636,8
390666,5
390699,36
390736,45
390769,42
390793,5
390821,6
390843,10
390869,5
390887,7
390920,8
390942,5
390972,6
390993,18
391022,6
391048,7
391069,6
391090,7
391120,5
391148,5
391173,5
391202,9
391228,6
391258,48
391281,20
391303,14
391335,5
391380,6
391400,20
391427,7
391451,7
391478,8
391513,15
391546,7
391571,8
391595,10
391626,11
391656,7
391680,86
391708,16
391729,6
391753,12
391781,5
391799,5
391819,5
391847,5
391876,5
391900,11
391930,7
391959,12
391984,17
392004,10
392031,19
392060,28
392083,7
392110,5
392136,7
392167,13
392188,5
392224,6
392249,17
392273,30
392300,13
392329,5
392357,5
392379,6
392405,13
392429,15
392452,17
392480,45
392502,44
392523,13
392555,9
392578,8
392613,5
392638,7
392668,10
392693,5
392721,5
392750,11
392781,6
392807,20
392841,6
392869,5
392902,5
392924,13
392944,9
392973,8
392996,5
393025,6
393044,11
393073,20
393098,5
393126,8
393148,154
393168,5
393196,11
393236,56
393260,33
393279,5
393306,11
393334,5
393360,11
393398,6
393426,19
393464,59
393487,26
393517,5
393542,11
393564,7
393580,23
393610,10
393646,5
393669,7
393700,22
393739,11
393773,15
393799,6
393819,14
393843,7
393875,44
393902,5
393928,6
393962,5
393986,30
394007,12
394038,18
394061,5
394085,5
394103,5
394138,18
394162,17
394183,5
394204,10
394227,17
394252,5
394287,23
394308,13
394330,7
394359,25
394385,5
394405,7
394427,8
394456,10
394478,5
394505,11
394534,7
394563,7
394590,8
394619,7
394643,5
394670,14
394706,6
394734,8
394760,123
394779,5
394813,5
394839,8
394868,8
394893,36
394923,110
394947,12
394979,5
395000,195
395022,6
395051,6
395073,5
395093,10
395124,20
395148,5
395175,5
395204,15
395234,28
395258,10
395288,8
395321,11
395351,11
395374,14
395395,6
395422,56
395441,31
395462,7
395490,7
395508,42
395529,6
395557,13
395579,8
395603,25
395621,11
395655,20
395676,12
395701,11
395731,29
395755,5
395780,7
395809,5
395833,10
395862,6
395888,5
395915,9
395945,55
395978,10
396015,91
396048,15
396073,6
396101,16
396124,11
396148,14
396177,12
396199,6
396222,17
396250,6
396264,13
396297,41
396328,6
396345,25
396366,6
396391,9
396424,5
396458,6
396494,16
396525,72
396543,12
396558,10
396583,7
396608,5
396643,5
396661,5
396684,6
396714,6
396740,7
396770,9
396796,24
396828,5
396853,5
396874,17
396905,10
396924,5
396944,5
396971,33
396994,7
397019,6
397048,6
397074,9
397104,5
397128,9
397159,5
397189,8
397205,18
397226,10
397250,7
397280,6
397311,5
397334,5
397363,5
397400,6
397433,5
397464,13
397483,18
397510,13
397530,7
397560,11
397579,9
397607,5
397637,13
397669,21
397703,20
397732,14
397761,14
397790,5
397816,21
397834,12
397858,8
397885,5
397918,12
397952,5
397976,6
398004,14
398026,55
398054,8
398076,7
398105,5
398128,7
398150,12
398167,9
398190,7
398209,49
398236,23
398261,5
398290,9
398324,10
398356,5
398388,18
398412,7
398433,12
398465,17
398494,9
398512,5
398541,7
398578,6
398604,10
398633,5
398650,169
398668,5
398689,6
398719,7
398748,5
398771,9
398798,5
398816,6
398844,7
398867,6
398887,6
398910,7
398939,22
398964,12
398988,9
399021,5
399053,10
399084,6
399105,5
399127,6
399155,8
399177,5
399196,9
399224,6
399253,11
399271,5
399308,66
399332,7
399362,7
399389,6
399420,11
399452,20
399490,6
399514,6
399538,23
399559,5
399578,36
399612,35
399637,45
399670,7
399695,9
399726,6
399756,7
399776,7
399798,7
399833,6
399852,6
399882,7
399907,5
399937,8
399954,10
399985,7
400001,25
400027,6
400060,16
400081,5
400105,13
400137,73
400166,9
400192,12
400213,6
400244,7
400274,7
400298,14
400324,14
400352,8
400381,11
400407,42
400434,9
400455,7
400476,5
400501,6
400530,19
400558,20
400582,10
400606,5
400628,45
400653,31
400689,10
400720,5
400748,18
400771,7
400798,7
400818,13
400845,6
400870,9
400905,14
400930,6
400952,5
400980,11
401007,13
401028,5
401054,6
401078,8
401098,6
401120,8
401146,12
401173,8
401199,10
401218,8
401250,20
401270,5
401294,5
401320,5
401346,5
401377,59
401404,24
401439,9
401462,14
401488,9
401522,7
401558,6
401598,7
401627,8
401653,5
401673,7
401697,8
401730,63
401761,7
401785,14
401808,9
401837,15
401868,25
401897,8
401939,5
401951,5
401982,12
402012,11
402037,8
402064,12
402084,5
402107,9
402126,19
402156,7
402184,6
402205,6
402238,7
402263,5
402297,6
402313,9
402339,7
402368,5
402389,17
402417,61
402446,5
402472,8
402503,7
402524,15
402550,5
402572,7
402593,7
402615,7
402642,5
402671,7
402687,5
402712,5
402731,11
402756,13
402775,5
402800,5
402828,6
402859,18
402877,18
402906,8
402933,6
402968,6
402982,51
403005,10
403036,17
403059,5
403089,49
403119,8
403142,12
403174,5
403205,12
403229,5
403249,6
403286,7
403317,8
403351,8
403379,7
403410,6
403439,8
403457,7
403485,5
403517,5
403545,8
403577,6
403604,64
403636,5
403655,19
403674,6
403700,5
403726,5
403758,5
403776,5
403799,7
403824,19
403844,9
403868,6
403893,15
403913,10
403939,911
403962,7
403989,8
404011,17
404032,10
404046,22
404067,8
404092,5
404124,10
404154,49
404184,6
404203,8
404223,15
404255,9
404278,7
404308,1017
404322,11
404346,14
404381,6
404405,11
404429,26
404453,20
404488,8
404509,5
404540,10
404574,14
404607,8
404627,5
404652,431
404672,5
404704,14
404736,5
404768,5
404794,5
404818,18
404847,8
404871,22
404905,10
404922,13
404945,26
404969,73
404992,5
405016,27
405044,6
405071,30
405101,7
405128,26
405151,15
405183,10
405210,36
405240,8
405274,6
405308,5
405334,10
405351,8
405383,6
405410,14
405437,8
405463,14
405488,11
405512,5
405541,5
405574,10
405594,9
405621,11
405649,6
405676,10
405701,12
405723,22
405752,10
405779,6
405798,7
405822,5
405848,6
405885,15
405906,10
405926,8
405957,6
405981,29
406015,17
406040,12
406065,14
406092,6
406117,16
406147,14
406174,5
406185,15
406219,8
406239,6
406268,11
406297,6
406327,6
406363,89
406389,7
406421,10
406439,7
406473,5
406499,13
406526,8
406548,7
406565,126
406608,67
406630,9
406656,5
406679,6
406697,9
406722,7
406753,12
406795,8
406821,5
406849,5
406874,46
406895,5
406919,5
406945,5
406965,21
406994,24
407024,9
407042,6
407061,5
407087,9
407116,5
407141,11
407160,6
407188,5
407213,5
407237,5
407268,21
407284,8
407316,267
407339,9
407362,9
407392,191
407411,7
407438,6
407465,5
407486,18
407506,23
407533,6
407558,8
407571,6
407595,6
407621,13
407650,6
407683,9
407716,7
407736,5
407757,5
407779,6
407810,14
407829,24
407852,223
407890,7
407924,7
407941,5
407974,6
408002,47
408037,7
408062,5
408087,5
408119,5
408141,14
408166,5
408188,8
408213,8
408240,6
408265,6
408294,61
408317,20
408341,86
408375,23
408399,5
408423,5
408452,83
408482,84
408508,13
408546,1939
408570,5
408587,97
408615,114
408651,7
408680,9
408711,5
408736,6
408754,20
408788,5
408817,8
408850,61
408877,8
408902,5
408929,8
408955,6
408983,7
409003,7
409033,10
409063,6
409082,5
409107,10
409134,16
409162,42
409177,6
409199,74
409224,29
409245,8
409276,35
409308,6
409335,26
409352,6
409373,11
409400,8
409429,6
409451,6
409476,7
409497,11
409525,25
409549,9
409570,10
409590,22
409609,146
409629,6
409656,6
409683,9
409700,5
409724,23
409754,40
409781,6
409808,5
409829,5
409855,6
409866,19
409890,17
409904,44
409936,5
409966,243
409981,5
410010,12
410031,11
410051,157
410079,6
410106,13
410131,19
410162,7
410189,6
410224,15
410248,5
410271,6
410299,20
410328,5
410355,10
410378,7
410406,10
410435,5
410463,5
410486,7
410508,16
410534,68
410559,18
410593,11
410614,15
410634,6
410658,14
410681,5
410709,7
410742,7
410776,7
410802,5
410830,8
410856,5
410884,20
410913,13
410943,7
410968,31
410999,5
411030,8
411052,7
411072,13
411097,14
411116,5
411143,6
411166,5
411195,56
411224,8
411249,6
411274,6
411310,5
411330,5
411354,12
411379,6
411401,20
411417,5
411438,8
411464,7
411490,7
411513,12
411532,6
411553,15
411582,5
411608,8
411636,11
411659,44
411681,6
411710,26
411739,5
411764,22
411794,6
411819,5
411843,6
411871,6
411888,6
411916,6
411944,25
411986,59
412011,12
412035,6
412056,5
412073,7
412103,6
412126,16
412150,28
412171,114
412192,5
412215,28
412240,6
412265,12
412295,10
412321,6
412342,5
412365,8
412392,5
412424,14
412440,9
412463,7
412493,10
412517,5
412543,5
412572,6
412595,20
412628,5
412657,8
412690,5
412712,10
412739,5
412766,59
412781,231
412813,89
412834,32
412866,7
412887,6
412909,7
412930,7
412963,7
412983,5
413010,7
413033,10
413058,6
413083,6
413109,5
413134,6
413156,21
413191,18
413218,5
413246,29
413275,5
413306,18
413333,7
413351,42
413382,13
413403,7
413440,8
413470,9
413497,5
413530,5
413552,10
413583,236
413608,11
413639,7
413659,5
413679,33
413701,7
413730,7
413761,5
413787,221
413815,7
413848,5
413873,5
413890,87
413908,5
413942,8
413969,11
414002,9
414016,14
414045,6
414072,8
414100,5
414129,5
414163,10
414180,19
414201,10
414226,6
414256,5
414278,5
414300,5
414320,32
414339,6
414370,8
414381,14
414400,6
414425,6
414442,6
414468,5
414494,20
414521,7
414545,200
414571,5
414598,12
414627,26
414649,6
414678,6
414707,14
414734,9
414758,5
414784,23
414805,11
414837,6
414851,6
414878,71
414904,11
414936,16
414956,5
414986,15
415005,42
415035,5
415064,6
415087,7
415105,8
415129,9
415147,15
415174,8
415192,7
415218,14
415235,5
415261,68
415286,8
415310,81
415337,6
415360,6
415386,7
415408,7
415428,114
415461,5
415485,259
415508,8
415528,7
415557,5
415581,81
415603,24
415628,11
415655,5
415675,5
415701,25
415738,9
415763,7
415797,15
415831,23
415854,12
415873,10
415893,42
415921,8
415952,5
415978,8
416005,14
416028,7
416057,36
416085,120
416099,5
416133,5
416155,7
416184,5
416207,6
416234,8
416270,41
416298,7
416318,12
416347,6
416367,9
416393,7
416422,6
416444,73
416468,5
416486,5
416509,5
416538,6
416564,5
416593,5
416622,10
416652,6
416689,16
416719,7
416748,5
416779,9
416796,30
416827,12
416853,5
416878,59
416908,13
416929,7
416961,8
416988,5
417011,6
417038,15
417070,12
417090,7
417102,5
417127,7
417157,6
417180,11
417207,14
417230,8
417254,6
417279,29
417307,50
417330,12
417354,9
417372,7
417398,5
417420,24
417454,14
417489,34
417513,5
417541,72
417564,5
417584,5
417612,15
417645,6
417679,23
417712,8
417747,142
417775,5
417794,9
417825,5
417856,5
417887,67
417902,5
417934,9
417967,10
417997,7
418024,6
418038,25
418052,5
418070,12
418094,5
418124,7
418149,9
418175,5
418206,5
418238,35
418265,7
418289,6
418323,11
418352,6
418377,8
418403,5
418436,12
418463,5
418491,25
418525,7
418561,5
418586,7
418616,7
418636,17
418661,10
418676,5
418703,7
418730,18
418749,11
418770,5
418802,7
418828,15
418849,28
418872,8
418905,5
418924,11
418950,53
418976,7
419000,8
419020,21
419043,5
419066,6
419089,5
419117,6
419140,29
419163,7
419190,10
419210,6
419239,58
419264,308
419291,91
419311,5
419336,8
419368,30
419391,5
419420,11
419450,23
419476,6
419498,23
419532,9
419554,11
419571,5
419597,11
419627,5
419646,8
419677,26
419705,6
419726,6
419753,6
419781,6
419800,10
419828,6
419852,12
419875,7
419899,5
419939,6
419965,8
419994,15
420019,9
420047,6
420070,7
420091,6
420120,24
420154,6
420177,23
420202,5
420225,12
420252,80
420283,63
420315,10
420333,12
420363,10
420383,6
420409,5
420427,5
420459,6
420490,13
420520,5
420545,6
420573,13
420601,5
420629,17
420661,6
420685,26
420707,5
420729,6
420756,11
420791,6
420818,7
420841,5
420864,6
420880,5
420910,13
420935,19
420966,42
420992,17
421023,8
421047,15
421071,129
421098,11
421121,17
421148,25
421174,9
421198,16
421229,116
421255,12
421275,7
421306,6
421335,7
421357,7
421381,21
421414,23
421433,5
421459,8
421486,24
421515,6
421552,11
421575,41
421601,6
421621,7
421644,5
421680,7
421706,10
421737,5
421760,5
421786,23
421817,6
421837,7
421862,26
421893,5
421922,18
421956,8
421978,5
422007,5
422036,17
422061,5
422091,31
422121,7
422143,33
422164,5
422194,12
422225,6
422253,38
422273,6
422297,5
422323,32
422337,95
422365,10
422399,12
422421,8
422441,5
422472,5
422502,40
422520,6
422542,5
422576,19
422596,7
422625,34
422655,76
422680,1917
422703,5
422733,6
422759,7
422781,15
422800,6
422834,16
422858,13
422886,5
422901,6
422922,6
422955,7
422978,10
423003,16
423019,6
423039,9
423072,13
423098,8
423112,8
423138,6
423162,7
423182,22
423206,12
423238,5
423265,6
423290,6
423324,5
423356,14
423382,15
423407,8
423438,7
423463,12
423486,6
423506,5
423520,5
423537,8
423557,5
423582,32
423598,26
423619,158
423642,7
423665,5
423690,5
423717,7
423741,14
423770,41
423784,15
423809,13
423842,5
423864,8
423895,16
423927,5
423955,7
423981,19
424001,14
424027,9
424053,5
424074,7
424092,12
424118,8
424138,7
424171,6
424195,5
424225,16
424258,5
424289,30
424317,7
424346,14
424374,6
424397,14
424415,10
424445,8
424470,8
424498,9
424524,5
424551,5
424582,16
424615,8
424636,5
424655,12
424681,5
424705,10
424726,224
424755,5
424777,14
424804,38
424836,6
424857,5
424887,8
424907,6
424934,5
424949,9
424989,9
425022,6
425048,105
425078,7
425102,11
425126,17
425161,11
425183,36
425210,8
425239,8
425262,5
425284,9
425304,14
425335,6
425359,7
425382,7
425404,7
425427,6
425444,26
425467,15
425491,8
425522,11
425561,7
425591,32
425610,23
425636,33
425667,6
425687,8
425721,5
425754,6
425782,7
425813,8
425835,7
425858,10
425887,22
425919,5
425948,78
425971,18
425996,5
426029,49
426061,10
426080,10
426109,9
426134,6
426152,15
426179,28
426205,9
426237,5
426256,101
426282,9
426312,5
426342,6
426358,13
426387,5
426418,11
426436,11
426466,40
426502,5
426525,7
426556,8
426583,9
426613,5
426644,6
426673,6
426707,22
426737,9
426758,5
426782,187
426800,8
426816,6
426846,6
426873,5
426892,10
426922,5
426944,8
426970,11
427003,9
427034,6
427072,6
427093,11
427119,7
427150,7
427169,14
427199,7
427219,8
427237,6
427263,25
427287,21
427319,8
427348,7
427368,5
427393,13
427414,12
427443,160
427466,6
427493,5
427529,8
427549,10
427575,7
427608,5
427635,8
427664,6
427700,6
427723,6
427754,7
427781,14
427816,8
427850,5
427873,14
427897,6
427917,15
427945,12
427965,17
427997,5
428020,8
428040,14
428073,6
428099,7
428124,11
428150,7
428180,6
428205,7
428231,6
428256,12
428275,6
428304,6
428341,7
428361,9
428385,5
428406,7
428423,5
428452,5
428479,7
428510,6
428532,6
428554,29
428582,5
428603,11
428620,16
428647,151
428669,5
428692,132
428722,5
428747,9
428773,26
428796,5
428828,38
428855,5
428886,5
428914,12
428932,12
428956,6
428985,10
429013,5
429045,14
429076,5
429103,14
429128,16
429157,12
429185,5
429214,9
429236,10
429266,5
429294,6
429324,5
429349,9
429372,23
429398,39
429419,7
429451,5
429478,5
429501,15
429525,5
429549,5
429582,8
429608,6
429636,7
429673,6
429700,8
429722,65
429751,92
429772,7
429803,5
429821,44
429844,9
429862,13
429891,43
429920,7
429950,17
429977,9
430008,5
430039,44
430068,10
430088,13
430121,31
430152,16
430181,9
430215,14
430236,40
430269,5
430300,5
430336,5
430361,10
430385,7
430410,8
430435,5
430461,23
430488,6
430520,8
430552,6
430574,5
430608,14
430628,8
430661,8
430684,547
430712,17
430730,9
430760,72
430791,7
430819,6
430841,18
430874,9
430899,41
430920,5
430946,5
430973,76
431000,8
431033,18
431055,5
431072,7
431092,7
431120,6
431149,13
431177,9
431201,9
431237,8
431256,17
431286,6
431312,9
431343,5
431364,7
431391,16
431424,13
431449,5
431478,11
431506,8
431531,13
431552,5
431582,66
431614,15
431635,22
431665,5
431699,5
431733,5
431753,7
431783,77
431814,16
431839,6
431870,11
431895,5
431919,10
431947,23
431979,5
432023,7
432042,6
432064,33
432096,58
432120,7
432150,6
432182,11
432207,33
432231,6
432259,5
432284,6
432309,8
432335,5
432357,103
432382,9
432407,6
432427,10
432441,8
432468,18
432489,6
432503,5
432532,5
432553,11
432579,275
432603,18
432631,7
432652,36
432675,5
432702,24
432720,7
432745,11
432783,15
432805,127
432833,6
432867,5
432888,21
432911,5
432939,31
432978,5
433002,5
433033,74
433062,145
433097,17
433125,5
433157,6
433200,11
433227,1198
433251,12
433277,5
433297,6
433322,5
433352,5
433380,5
433402,6
433427,5
433451,20
433478,14
433510,7
433544,83
433565,5
433593,21
433614,5
433643,10
433671,12
433695,7
433721,19
433749,7
433780,7
433816,8
433847,12
433871,6
433900,8
433930,8
433957,7
433975,5
433997,8
434021,6
434043,9
434067,54
434102,6
434125,10
434151,33
434178,14
434208,10
434238,10
434267,5
434293,13
434319,5
434339,10
434363,20
434387,16
434412,9
434433,5
434461,32
434487,12
434515,7
434547,5
434572,6
434598,9
434623,8
434653,8
434678,12
434708,23
434730,9
434764,5
434787,172
434824,6
434848,7
434874,6
434907,9
434933,87
434963,19
434984,5
435009,5
435038,14
435068,6
435091,11
435116,8
435147,11
435177,5
435208,18
435228,7
435249,5
435275,65
435292,5
435322,6
435351,8
435383,10
435410,10
435436,8
435468,18
435487,10
435512,19
435540,6
435569,19
435588,5
435617,6
435642,6
435663,25
435690,5
435716,9
435746,6
435762,520
435791,6
435815,6
435839,13
435862,20
435885,13043
435908,8
435933,20
435955,6
435983,16
436001,13
436029,5
436050,7
436081,7
436103,5
436135,9
436169,28
436193,5
436218,13
436252,15
436276,5
436299,7
436327,8
436349,5
436370,23
436397,5
436431,6
436461,8
436490,7
436523,6
436553,6
436579,5
436610,10
436639,8
436664,13
436681,12
436706,6
436727,5
436761,5
436786,7
436817,7
436845,16
436877,7
436904,14
436937,219
436974,10
437002,5
437027,5
437051,7
437075,8
437107,13
437133,7
437156,5
437182,9
437213,9
437237,9
437253,29
437277,8
437303,5
437325,171
437348,5
437372,27
437398,213
437418,6
437451,11
437480,7
437513,8
437536,6
437561,5
437593,5
437621,96
437653,5
437682,7
437715,8
437745,5
437765,245
437791,14
437821,10
437840,36
437866,20
437889,12
437913,6
437940,9
437972,7
437994,8
438026,11
438061,13
438095,14
438116,7
438147,5
438178,14
438210,11
438243,5
438272,12
438291,9
438310,183
438339,6
438369,5
438390,9
438406,6
438437,87
438457,5
438493,39
438516,429
438549,6
438578,5
438608,22
438634,22
438655,5
438681,19
438708,6
438737,7
438761,5
438792,6
438820,6
438842,7
438869,6
438900,6
438930,17
438950,45
438982,6
439009,53
439039,73
439056,50
439091,7
439115,16
439144,7
439170,12
439199,8
439222,10
439247,6
439273,33
439298,10
439318,13
439347,5
439366,9
439395,7
439427,11
439452,11
439480,10
439515,10
439551,5
439582,7
439600,5
439641,9
439665,38
439690,7
439720,18
439742,7
439764,7
439790,6
439819,16
439839,5
439871,6
439898,5
439930,8
439967,9
439989,52
440008,6
440031,105
440056,14
440077,32
440097,14
440121,7
440147,5
440171,8
440199,6
440246,5
440269,5
440292,8
440321,21
440356,14
440380,10
440402,5
440421,12
440444,33
440474,8
440502,5
440534,29
440552,7
440573,5
440594,53
440620,5
440638,5
440659,8
440683,5
440711,10
440741,6
440770,5
440798,5
440811,495
440831,5
440854,6
440876,7
440910,10
440934,8
440963,11
440982,5
441003,11
441026,6
441052,5
441079,6
441101,23
441126,5
441152,5
441171,38
441189,5
441215,10
441242,13
441278,6
441301,42
441326,7
441346,5
441365,5
441385,5
441403,36
441428,5
441450,8
441465,208
441491,10
441517,9
441540,7
441570,9
441596,5
441618,75
441648,7
441674,9
441694,22
441724,14
441742,5
441763,10
441790,7
441810,6
441835,8
441856,5
441884,23
441910,7
441935,12
441957,5
441978,5
442003,5
442031,6
442060,12
442086,10
442106,37
442144,15
442167,9
442189,14
442206,7
442232,8
442256,5
442288,15
442322,91
442351,5
442370,16
442403,6
442426,6
442452,5
442473,13
442501,27
442525,7
442556,5
442581,6
442609,44
442644,8
442677,6
442705,5
442727,11
442756,11
442777,6
442806,12
442829,9
442851,5
442879,46
442899,7
442925,85
442955,101
442986,21
443011,5
443040,13
443066,76
443089,6
443120,233
443140,6
443159,21
443198,5
443222,13
443247,9
443271,6
443294,5
443328,5
443350,25
443386,5
443414,17
443440,24
443462,6
443479,12
443496,14
443520,17
443551,10
443576,9
443599,7
443615,6
443636,81
443666,40
443690,7
443720,30
443740,5
443762,5
443777,15
443805,5
443830,232
443853,6
443881,6
443924,9
443950,5
443985,798
444005,14
444032,6
444067,6
444104,6
444127,5
444157,8
444183,7
444203,10
444237,5
444265,6
444297,5
444325,5
444349,7
444372,19
444394,8
444422,6
444448,18
444474,14
444496,8
444522,15
444541,5
444569,6
444590,139
444615,10
444635,5
444659,7
444691,6
444706,7
444735,12
444756,5
444784,7
444810,9
444838,232
444868,5
444896,12
444923,9
444943,8
444970,5
445000,6
445029,10
445059,9
445092,14
445119,6
445148,6
445176,10
445202,6
445224,8
445250,5
445274,28
445300,13
445319,7
445344,6
445371,7
445397,98
445428,9
445450,8
445468,10
445499,9
445534,8
445569,9
445598,5
445619,8
445644,10
445668,51
445699,28
445720,7
445746,21
445765,5
445788,11
445816,11
445835,7
445863,12
445890,5
445912,8
445946,11
445971,5
445995,37
446017,11
446047,8
446073,129
446107,17
446134,18
446163,11
446195,64
446220,8
446253,13
446280,82
446309,13
446337,77
446352,13
446379,35
446404,11
446425,5
446444,769
446479,8
446504,7
446541,46
446574,7
446595,8
446621,7
446650,10
446678,5
446703,5
446722,10
446755,10
446777,7
446797,10
446824,5
446847,7
446875,22
446897,5
446921,6
446940,9
446965,5
446990,8
447024,9
447046,29
447064,7
447086,5
447113,12
447139,5
447167,6
447198,49
447226,11
447250,46
447266,5
447298,5
447322,13
447354,564
447388,7
447419,5
447443,31
447476,5
447491,7
447515,7
447551,19
447582,6
447607,9
447635,23
447662,6
447687,5
447706,10
447727,10
447753,23
447777,15
447806,9
447832,6
447855,33
447878,16
447905,8
447940,5
447974,8
448001,5
448024,21
448050,8
448087,7
448111,5
448132,6
448153,7
448186,16
448228,20
448255,5
448293,7
448325,6
448352,17
448380,155
448415,23
448446,140
448463,15
448486,7
448509,9
448535,13
448564,11
448590,5
448611,11
448637,5
448664,15
448689,68
448720,6
448742,7
448769,6
448797,9
448826,6
448857,5
448891,6
448913,8
448934,13
448958,16
448986,5
449003,5
449025,19
449052,5
449074,5
449098,7
449121,30
449146,93
449175,31
449201,6
449222,5
449247,6
449268,6
449292,5
449313,20
449336,6
449366,19
449395,14
449411,7
449443,9
449467,6
449505,10
449538,17
449565,6
449606,38
449625,5
449652,6
449685,12
449714,7
449744,7
449764,6
449788,6
449818,5
449838,7
449865,7
449888,6
449909,11
449932,7
449958,6
449979,12
450014,8
450035,9
450056,215
450076,9
450102,7
450122,15
450146,8
450177,5
450203,5
450230,6
450253,14
450280,7
450312,7
450336,47
450357,6
450381,5
450408,5
450428,5
450463,5
450487,6
450512,5
450540,9
450561,8
450584,6
450607,24
450638,9
450662,102
450694,5
450722,8
450752,248
450781,5
450803,6
450824,72
450850,109
450883,5
450900,20
450926,15
450949,7
450974,25
450997,19
451026,8
451052,16
451082,21
451111,85
451126,48
451152,18
451180,6
451207,12
451235,8
451275,7
451296,30
451317,9
451346,10
451367,6
451391,6
451426,16
451466,15
451493,7
451524,7
451552,66
451577,37
451599,5
451614,14
451641,13
451664,7
451695,6
451719,7
451745,160
451777,7
451796,70
451813,6
451837,7
451866,5
451897,5
451923,11
451946,7
451967,7
451992,6
452016,15
452041,87
452068,5
452093,6
452123,8
452150,5
452184,11
452209,5
452239,6
452257,19
452283,5
452311,20
452336,25
452360,7
452389,6
452415,10
452433,13
452460,6
452491,5
452509,6
452534,6
452559,8
452587,7
452609,6
452643,8
452667,13
452702,29
452723,16
452746,19
452773,6
452793,7
452818,21
452847,6
452869,24
452898,87
452925,25
452951,13
452978,11
453005,26
453034,6
453062,10
453080,5
453106,12
453138,27
453163,8
453185,45
453221,8
453239,9
453268,6
453289,6
453319,9
453343,23
453365,6
453386,10
453416,7
453449,9
453482,27
453506,5
453531,5
453547,20
453575,9
453601,5
453634,5
453660,5
453683,16
453705,6
453741,7
453760,6
453773,10
453802,5
453835,5
453864,33
453898,70
453920,7
453949,10
453981,8
454005,29
454034,13
454063,6
454091,15
454123,8
454149,51
454169,12
454205,65
454236,8
454272,21
454301,5
454321,8
454343,44
454364,6
454389,8
454412,5
454437,15
454464,6
454492,8
454516,5
454548,5
454566,21
454592,6
454613,7
454651,16
454680,7
454717,146
454748,5
454771,10
454796,7
454826,8
454844,9
454874,7
454901,10
454923,19
454954,5
454982,5
454999,6
455022,5
455040,15
455068,9
455098,13
455125,5
455149,5
455177,7
455206,15
455234,12
455265,6
455296,7
455312,6
455337,26
455360,99
455386,6
455416,5
455439,5
455464,7
455490,6
455528,5
455561,104
455578,16
455605,5
455629,5
455650,6
455685,6
455707,9
455733,11
455752,7
455785,20
455815,7
455845,11
455873,6
455898,34
455919,7
455942,5
455965,13
455990,5
456015,14
456050,6
456081,10
456102,10
456130,12
456148,18
456167,11
456195,33
456222,7
456236,20
456259,7
456276,9
456303,6
456319,27
456344,6
456377,6
456404,11
456429,28
456454,11
456468,7
456495,11
456519,5
456547,5
456564,8
456590,6
456613,16
456637,9
456661,5
456680,6
456712,5
456740,20
456764,6
456790,5
456814,5
456838,7
456870,9
456902,5
456928,11
456951,6
456975,9
456995,8
457029,252
457060,5
457088,236
457111,5
457142,47
457166,6
457192,17
457222,7
457246,7
457274,8
457297,5
457322,5
457351,11
457373,8
457401,5
457423,5
457448,9
457471,8
457498,5
457521,12
457550,9
457568,10
457599,12
457622,9
457645,722
457669,9
457692,10
457727,10
457757,6
457775,56
457805,5
457841,5
457867,7
457893,12
457915,28
457941,6
457964,30
457985,9
458008,7
458036,7
458055,135
458079,5
458104,5
458134,6
458173,6
458192,8
458215,5
458240,8
458264,16
458288,144
458312,6
458339,9
458368,22
458394,11
458425,6
458452,11
458478,8
458507,6
458527,5
458550,15
458576,5
458604,5
458629,9
458662,15
458694,8
458716,11
458736,9
458754,6
458780,30
458803,7
458821,13
458857,9
458881,7
458899,6
458927,10
458964,7
458994,5
459015,20
459042,6
459074,6
459102,8
459131,9
459162,11
459179,7
459201,7
459233,10
459258,42
459293,11
459319,5
459343,5
459372,7
459394,9
459416,8
459438,5
459481,6
459497,37
459525,7
459550,42
459572,15
459590,6
459611,7
459633,10
459660,5
459672,5
459698,5
459727,51
459752,25
459778,12
459813,16
459840,15
459867,25
459893,5
459914,8
459947,37
459971,11
460007,9
460041,5
460065,7
460094,7
460122,8
460149,26
460176,6
460200,20
460226,5
460257,6
460291,5
460317,6
460345,6
460364,104
460387,9
460407,8
460428,8
460454,7
460483,7
460517,12
460546,8
460565,6
460593,5
460615,6
460644,35
460668,5
460696,14
460720,59
460749,5
460773,13
460798,7
460820,5
460849,13
460869,6
460894,7
460925,6
460947,7
460978,7
461000,5
461030,12
461054,6
461080,15
461105,11
461131,9
461158,6
461178,7
461205,8
461224,5
461249,5
461264,8
461292,11
461307,10
461332,99
461359,15
461377,10
461412,5
461433,5
461464,49
461493,9
461517,7
461536,8
461559,5
461587,5
461615,5
461639,5
461660,5
461690,5
461717,14
461737,6
461764,13
461796,5
461829,5
461866,5
461884,26
461900,68
461935,7
461963,5
461993,167
462013,10
462036,7
462065,5
462088,11
462108,6
462135,13
462166,8
462195,6
462217,9
462244,5
462266,8
462294,10
462331,5
462354,9
462380,12
462407,12
462436,22
462454,35
462479,24
462502,5
462526,14
462549,20
462578,19
462600,5
462619,9
462643,20
462669,7
462697,5
462723,8
462741,7
462767,14
462794,5
462817,5
462841,36
462867,7
462895,24
462917,19
462941,9
462970,40
462992,49
463010,11
463030,6
463060,5
463089,5
463112,5
463126,5
463155,6
463182,7
463209,6
463228,5
463254,5
463284,6
463309,13
463332,52
463360,10
463390,22
463408,32
463438,13
463464,6
463495,7
463521,5
463535,11
463559,7
463587,5
463606,8
463625,13
463649,5
463681,29
463712,18
463733,7
463764,436
463795,25
463829,5
463851,5
463877,7
463901,9
463920,7
463951,9
463982,46
464007,5
464030,7
464052,5
464083,35
464108,5
464134,5
464162,7
464200,9
464222,29
464253,6
464280,10
464305,20
464333,13
464361,37
464390,8
464405,8
464434,6
464460,5
464492,7
464513,35
464556,5
464590,14
464618,11
464642,5
464668,7
464694,26
464714,6
464733,7
464753,6
464783,6
464813,7
464835,9
464859,8
464890,13
464920,10
464945,5
464981,6
465006,5
465038,7
465060,9
465083,22
465105,13
465127,11
465144,13
465167,5
465186,5
465210,15
465235,5
465262,6
465285,8
465306,27
465334,25
465368,14
465392,11
465408,5
465430,5
465460,13
465485,6
465513,7
465535,15
465566,8
465602,6
465627,9
465645,35
465664,6
465683,15
465705,7
465724,6
465751,5
465769,7
465796,8
465817,19
465844,40
465870,15
465902,27
465915,11
465940,5
465969,5
465999,11
466028,6
466057,41
466077,6
466116,18
466143,5
466165,7
466186,5
466208,17
466229,23
466258,31
466279,6
466311,11
466331,7
466363,8
466383,5
466418,9
466443,5
466462,6
466490,7
466521,18
466546,9
466577,10
466599,5
466621,7
466654,10
466686,58
466705,5
466741,7
466781,5
466808,10
466825,33
466860,33
466886,24
466918,35
466943,7
466978,5
467009,6
467037,8
467058,17
467078,5
467097,6
467117,9
467146,12
467166,6
467194,5
467220,5
467236,5
467263,6
467290,6
467309,44
467337,6
467370,18
467399,8
467425,10
467449,9
467480,8
467512,18
467541,6
467560,24
467593,5
467620,22
467641,6
467673,5
467701,6
467732,6
467755,98
467781,5
467800,5
467827,9
467857,8
467882,6
467904,13
467944,9
467965,21
467994,26
468024,5
468046,5
468069,6
468093,5
468118,8
468144,7
468175,15
468202,199
468225,7
468250,6
468277,5
468300,59
468326,16
468359,11
468385,8
468410,39
468440,5
468469,42
468497,5
468526,6
468550,6
468578,6
468601,77
468626,18
468652,271
468679,6
468703,17
468728,12
468756,104
468776,6
468810,8
468840,11
468864,6
468887,6
468911,6
468937,24
468964,9
468993,8
469021,9
469053,5
469074,9
469101,5
469131,7
469152,9
469186,10
469210,5
469231,26
469254,44
469289,30
469319,10
469343,6
469361,14
469395,27
469421,15
469441,73
469464,5
469490,23
469522,5
469544,5
469576,28
469595,5
469616,15
469644,5
469665,7
469696,36
469714,5
469744,370
469771,6
469794,5
469814,9
469838,5
469861,7
469895,7
469922,7
469943,14
469970,6
469995,7
470027,6
470053,5
470080,25
470111,9
470134,7
470160,7
470184,10
470214,41
470237,7
470269,5
470291,5
470327,16
470353,25
470379,6
470405,6
470429,6
470447,5
470483,23
470521,9
470541,7
470566,6
470602,15
470623,8
470643,73
470668,7
470696,7
470707,14
470737,5
470771,34
470795,57
470819,42
470843,9
470867,15
470891,11
470917,6
470943,7
470967,9
471002,11
471020,609
471047,5
471065,60
471086,5
471120,5
471146,5
471161,5
471174,27
471208,19
471235,5
471251,5
471281,7
471306,16
471341,5
471373,9
471393,7
471427,5
471451,14
471473,8
471495,7
471518,34
471537,5
471559,6
471582,22
471624,16
471656,6
471681,5
471709,12
471726,33
471758,5
471793,7
471826,5
471852,15
471886,7
471915,12
471933,5
471967,5
471987,5
472010,11
472034,14
472061,8
472091,5
472122,9
472142,6
472170,6
472204,20
472230,5
472245,31
472259,33
472274,5
472302,46
472320,7
472345,37
472373,8
472396,5
472423,15
472454,7
472480,6
472506,31
472539,57
472555,7
472584,11
472616,8
472637,5
472666,52
472686,6
472715,36
472742,23
472774,14
472808,6
472842,5
472868,36
472897,15
472921,5
472950,329
472976,6
472998,7
473020,5
473051,26
473077,21
473105,56
473127,6
473152,5
473170,19
473190,7
473216,10
473237,24
473264,119
473285,6
473320,5
473343,6
473369,6
473391,17
473418,31
473448,7
473477,6
473508,7
473528,5
473554,5
473577,8
473608,5
473634,26
473661,16
473693,5
473715,7
473739,8
473755,9
473779,5
473793,42
473825,6
473849,18
473873,8
473900,8
473919,550
473953,6
473983,5
474013,15
474035,5
474059,6
474088,5
474106,5
474131,11
474161,46
474188,98
474214,16
474240,5
474268,11
474296,5
474318,11
474342,7
474367,7
474395,14
474415,5
474449,6
474467,5
474484,23
474509,26
474538,26
474558,8
474582,312
474608,7
474630,6
474653,31
474667,14
474690,5
474720,5
474737,11
474760,22
474790,52
474820,5
474847,37
474868,11
474892,18
474925,8
474948,8
474982,93
475014,7
475052,6
475078,7
475110,10
475132,51
475158,11
475180,6
475201,6
475228,7
475257,11
475277,5
475303,765
475329,5
475354,7
475383,8
475409,5
475440,5
475472,15
475498,5
475521,9
475547,5
475571,7
475594,5
475618,6
475648,12
475677,5
475712,10
475742,13
475768,25
475801,8
475827,6
475849,5
475876,46
475909,31
475929,12
475951,16
475967,64
475981,7
476008,519
476036,7
476063,11
476085,26
476107,6
476131,8
476146,7
476183,30
476211,6
476239,5
476267,28
476291,8
476313,7
476337,5
476360,10
476384,5
476417,5
476436,29
476469,5
476502,5
476536,14
476561,6
476582,66
476604,6
476626,7
476648,5
476679,6
476702,5
476730,42
476748,9
476783,9
476814,5
476850,9
476884,14
476919,5
476951,5
476977,5
477008,5
477035,11
477051,9
477075,41
477100,6
477129,10
477156,6
477179,89
477210,8
477233,6
477260,25
477289,16
477309,28
477331,19
477366,12
477386,10
477419,16
477451,6
477481,6
477498,10
477520,17
477544,16
477568,234
477590,18
477624,7
477647,12
477680,6
477699,85
477715,13
477733,28
477762,16
477788,13
477820,17
477832,9
477858,15
477884,128
477911,11
477934,5
477957,5
477983,5
478010,7
478040,5
478057,8
478088,14
478109,6
478126,20
478161,11
478187,9
478209,7
478235,8
478260,14
478285,6
478305,32
478342,5
478371,9
478387,15
478415,7
478439,21
478463,5
478486,17
478507,5
478534,8
478563,18
478585,9
478610,6
478630,7
478656,27
478682,23
478715,11
478751,10
478780,6
478807,5
478825,16
478847,14
478880,13
478901,18
478921,5
478946,8
478979,5
479001,16
479018,5
479044,7
479068,5
479097,5
479116,9
479138,10
479152,7
479182,7
479211,8
479240,9
479266,6
479289,12
479321,12
479354,8
479381,76
479404,23
479431,24
479453,20
479482,8
479512,7
479540,42
479561,10
479586,8
479617,5
479648,6
479675,7
479695,76
479723,5
479755,11
479781,10
479813,244
479837,16
479865,14
479892,11
479921,5
479941,14
479966,59
479987,9
480009,5
480031,61
480055,5
480095,11
480123,44
480154,23
480183,5
480209,17
480249,6
480280,8
480308,7
480331,19
480365,17
480394,23
480417,5
480442,23
480463,6
480485,6
480512,12
480546,7
480574,6
480598,8
480617,34
480644,10
480666,11
480691,24
480714,5
480747,11
480773,6
480802,10
480829,5
480852,6
480876,51
480889,34
480916,8
480938,69
480966,13
480997,9
481018,7
481040,13
481062,37
481092,7
481116,27
481146,16
481165,7
481188,7
481211,9
481245,5
481272,6
481306,5
481326,7
481342,8
481364,5
481389,7
481418,5
481448,18
481469,18
481499,9
481526,5
481557,9
481580,5
481609,6
481630,5
481656,5
481676,5
481701,8
481723,7
481752,11
481767,1407
481802,6
481828,6
481856,9
481880,5
481899,11
481921,6
481949,17
481970,6
482001,5
482028,9
482057,8
482081,27
482108,5
482140,7
482163,6
482190,6
482211,7
482234,16
482257,27
482281,5
482309,5
482333,5
482362,5
482388,5
482404,53
482439,5
482450,5
482471,5
482487,28
482514,10
482532,5
482561,13
482585,32
482608,6
482629,6
482654,86
482678,6
482700,12
482726,5
482749,8
482774,11
482802,20
482825,108
482859,21
482886,10
482909,5
482932,7
482957,65
482987,11
483005,14
483031,5
483068,7
483103,5
483130,11
483162,8
483195,27
483212,11
483234,12
483272,5
483293,7
483321,19
483349,6
483374,5
483398,8
483430,7
483457,7
483479,16
483500,6
483521,8
483545,7
483578,15
483602,32
483630,92
483649,12
483674,7
483700,68
483727,20
483748,5
483776,6
483800,5
483827,6
483854,6
483875,38
483903,5
483938,8
483963,6
483989,19
484023,8
484049,9
484077,13
484101,1893
484126,12
484143,10
484162,248
484188,10
484216,6
484242,18
484263,104
484289,7
484308,17
484336,14
484362,46
484390,5
484410,11
484435,6
484460,5
484480,14
484505,13
484530,19
484547,8
484569,8
484599,6
484619,8
484638,9
484668,7
484697,10
484724,8
484750,6
484783,5
484815,8
484842,10
484872,6
484898,5
484921,39
484949,9
484978,10
485005,27
485022,7
485047,27
485073,5
485093,43
485119,9
485149,6
485172,7
485201,24
485228,8
485252,5
485271,5
485310,40
485332,9
485353,5
485377,5
485409,5
485434,6
485457,5
485485,14
485520,5
485542,44
485559,36
485582,22
485605,5
485634,5
485665,5
485692,11
485714,7
485748,14
485770,5
485800,10
485827,5
485856,16
485878,12
485899,6
485926,7
485954,6
485975,6
486008,12
486029,6
486053,5
486084,5
486110,5
486147,13
486169,7
486199,5
486222,9
486251,5
486282,12
486301,5
486322,17
486352,14
486384,22
486409,11
486434,7
486461,11
486485,34
486513,5
486543,6
486561,10
486590,6
486615,20
486630,6
486650,68
486680,5
486705,8
486725,6
486757,5
486778,15
486810,6
486846,6
486877,6
486899,11
486923,12
486950,14
486977,10
487009,6
487034,6
487054,13
487080,6
487108,5
487121,118
487140,6
487166,5
487198,8
487225,25
487248,39
487278,5
487302,9
487332,5
487355,6
487380,5
487409,7
487435,5
487464,15
487490,8
487521,7
487545,10
487571,5
487593,86
487621,7
487652,10
487677,5
487696,6
487726,5
487754,5
487772,19
487801,5
487828,13
487852,6
487873,8
487902,6
487931,5
487948,5
487983,7
488010,7
488037,5
488056,6
488084,5
488104,5
488132,8
488151,8
488178,15
488191,6
488222,38
488253,9
488271,5
488291,12
488313,41
488338,14
488367,5
488391,7
488411,6
488433,12
488455,14
488477,7
488504,8
488527,6
488548,6
488574,5
488593,29
488613,5
488634,5
488668,6
488697,6
488733,247
488752,7
488780,12
488808,6
488838,7
488863,133
488886,6
488921,10
488943,6
488964,6
488991,19
489013,7
489044,10
489067,21
489086,7
489118,5
489139,6
489162,61
489185,12
489221,7
489248,6
489279,5
489302,5
489318,6
489336,5
489364,7
489397,8
489425,7
489448,7
489471,6
489493,9
489519,7
489547,5
489568,10
489594,45
489627,74
489653,6
489680,15
489712,10
489741,6
489772,6
489808,8
489828,7
489855,20
489883,21
489906,6
489926,15
489953,13
489979,5
490001,6
490028,7
490050,48
490074,6
490101,10
490128,11
490153,6
490173,10
490195,10
490222,7
490242,99
490272,96
490301,6
490324,29
490348,5
490374,6
490399,8
490436,6
490468,5
490491,19
490514,6
490535,15
490559,5
490581,14
490618,6
490649,5
490678,5
490700,20
490723,7
490757,9
490787,5
490810,6
490840,5
490873,6
490900,18
490940,9
490963,13
490990,6
491009,24
491038,5
491060,5
491094,5
491130,10
491154,5
491184,13
491211,15
491231,19
491259,18
491292,34
491315,28
491343,6
491375,5
491400,5
491421,7
491456,7
491477,8
491506,21
491527,45
491563,6
491579,6
491605,30
491633,7
491657,18
491682,5
491708,5
491731,5
491762,91
491777,5
491805,5
491829,162
491869,12
491900,7
491922,27
491952,7
491979,20
492004,5
492032,6
492059,6
492087,6
492114,10
492148,9
492167,6
492186,7
492219,5
492251,12
492273,9
492308,15
492332,8
492358,8
492382,137
492405,5
492426,17
492455,32
492483,16
492503,57
492525,5
492555,8
492578,5
492600,7
492629,24
492649,5
492681,34
492710,5
492734,30
492765,5
492800,5
492821,7
492838,11
492856,32
492879,5
492913,6
492937,5
492955,147
492990,8
493010,5
493040,434
493061,8
493089,15
493117,6
493143,7
493161,8
493195,5
493214,10
493245,15
493273,37
493304,17
493326,23
493348,12
493374,15
493393,6
493425,6
493445,8
493469,7
493493,135
493522,13
493548,6
493570,23
493597,6
493631,8
493657,9
493680,5
493706,6
493728,9
493754,11
493777,14
493802,5
493817,37
493848,14
493876,7
493908,14
493928,5
493955,7
493984,11
493999,7
494028,5
494057,54
494076,7
494107,14
494133,5
494159,49
494195,218
494213,6
494237,48
494259,6
494279,22
494309,5
494333,11
494364,11
494389,5
494416,23
494443,6
494467,30
494494,25
494516,5
494540,5
494565,6
494598,8
494622,5
494651,5
494674,5
494704,5
494730,5
494750,20
494775,11
494810,8
494835,5
494867,9
494896,5
494923,9
494948,217
494979,13
495000,20
495020,16
495060,9
495080,5
495102,10
495125,67
495143,5
495167,9
495197,23
495220,19
495262,64
495284,7
495306,8
495324,123
495353,9
495379,6
495397,5
495427,5
495460,136
495487,6
495516,25
495545,10
495564,8
495585,38
495606,21
495629,16
495657,6
495686,5
495712,5
495736,69
495756,5
495785,12
495823,6
495853,9
495878,5
495901,10
495927,219
495956,6
495983,12
496010,6
496032,8
496049,5
496082,5
496117,6
496147,7
496176,60
496205,5
496229,10
496261,30
496288,7
496317,7
496343,17
496377,7
496404,32
496431,72
496458,12
496478,5
496507,11
496531,27
496559,6
496592,10
496615,1021
496644,13
496668,7
496701,8
496726,12
496757,60
496789,17
496819,8
496845,7
496866,17
496889,5
496907,8
496933,7
496955,5
496986,12
497001,17
497023,5
497048,281
497080,6
497106,5
497138,33
497160,6
497182,6
497207,9
497232,11
497259,11
497282,7
497317,39
497335,6
497359,17
497379,6
497403,5
497429,7
497455,33
497488,15
497513,6
497528,8
497551,404
497569,6
497592,11
497620,53
497647,9
497664,9
497689,6
497725,8
497755,34
497782,19
497802,7
497828,13
497846,6
497870,34
497895,7
497923,214
497951,16
497978,30
498013,5
498043,5
498070,27
498091,5
498115,6
498130,9
498149,8
498178,34
498207,75
498224,11
498256,18
498282,8
498306,5
498330,14
498364,7
498390,27
498409,7
498430,11
498454,6
498483,9
498505,5
498532,6
498554,5
498572,6
498589,8
498610,8
498634,13
498658,66
498696,5
498723,5
498748,9
498778,10
498806,7
498840,11
498872,11
498901,36
498932,13
498953,6
498979,6
498997,5
499027,27
499048,9
499072,5
499099,8
499135,5
499158,7
499187,5
499206,5
499224,6
499246,7
499271,5
499288,11
499313,17
499336,6
499368,11
499398,19
499430,6
499464,11
499493,5
499521,12
499547,13
499573,31
499600,5
499628,5
499653,5
499684,22
499722,6
499747,5
499769,6
499809,6
499829,22
499858,126
499891,7
499911,5
499929,6
499957,36
499981,9
500017,40
500045,10
500069,6
500095,34
500117,11
500142,12
500166,8
500189,18
500213,11
500241,9
500274,7
500304,11
500333,7
500351,19
500379,10
500412,7
500435,5
500458,9
500480,5
500499,17
500522,8
500557,10
500579,16
500605,5
500631,32
500662,26
500686,7
500707,12
500727,19
500753,6
500789,8
500820,17
500845,6
500866,14
500897,5
500920,10
500949,93
500971,16
501011,11
501032,7
501064,12
501081,7
501105,9
501128,5
501159,5
501184,6
501212,13
501237,63
501254,15
501279,92
501298,85
501324,40
501351,84
501373,12
501400,7
501426,12
501448,8
501487,8
501512,36
501536,15
501566,6
501586,5
501613,5
501634,5
501660,5
501688,15
501718,6
501739,6
501772,5
501799,8
501831,13
501863,39
501888,47
501912,5
501933,13
501961,5
501990,5
502018,7
502038,10
502062,75
502087,5
502114,6
502149,24
502175,37
502192,5
502216,18
502233,16
502260,24
502284,5
502308,239
502339,7
502370,5
502390,6
502421,10
502450,6
502476,8
502503,15
502526,96
502568,11
502595,12
502618,16
502635,14
502658,5
502675,11
502699,5
502720,5
502743,9
502772,9
502796,6
502820,6
502839,555
502876,20
502898,26
502927,8
502959,5
502995,19
503036,78
503053,13
503082,6
503103,10
503132,15
503163,7
503186,5
503215,8
503230,6
503249,7
503271,6
503293,5
503319,6
503339,1041
503370,13
503397,8
503421,5
503449,7
503474,6
503501,47
503527,14
503551,6
503578,5
503612,443
503636,18
503667,7
503690,20
503712,13
503734,6
503759,9
503784,14
503807,6
503829,6
503858,8
503874,6
503908,8
503937,10
503956,5
503984,6
504014,8
504045,15
504075,26
504112,6
504136,7
504162,11
504181,5
504212,12
504253,5
504283,19
504310,7
504341,18
504363,9
504392,5
504413,32
504438,5
504466,7
504493,133
504520,6
504535,14
504569,5
504603,19
504625,8
504648,5
504682,5
504715,5
504733,7
504755,36
504780,9
504808,14
504831,21
504857,6
504887,6
504913,14
504943,28
504966,17
505013,7
505034,33
505070,9
505097,6
505129,7
505150,12
505166,10
505189,5
505212,5
505237,15
505257,18
505283,7
505310,5
505341,7
505360,9
505380,6
505395,48
505420,25
505440,8
505475,6
505505,13
505525,8
505538,7
505565,6
505586,7
505618,10
505646,7
505677,9
505706,7
505740,5
505764,8
505790,24
505821,5
505847,18
505870,6
505894,5
505920,16
505947,116
505965,8
506005,11
506032,5
506068,36
506104,29
506124,55
506145,65
506163,7
506188,8
506207,8
506238,9
506268,71
506294,11
506324,5
506345,7
506372,28
506394,7
506411,25
506436,11
506465,5
506490,5
506514,6
506546,5
506573,6
506600,9
506619,12
506646,54
506671,33
506699,5
506730,11
506752,6
506780,5
506800,60
506820,5
506850,29
506875,7
506894,10
506931,5
506954,11
506990,11
507022,20
507053,5
507094,11
507123,6
507148,22
507175,22
507206,14
507228,5
507255,5
507283,67
507307,5
507333,5
507363,85
507389,13
507414,6
507439,5
507466,5
507503,5
507535,26
507562,5
507590,5
507613,7
507635,7
507656,16
507684,5
507710,7
507738,5
507767,6
507795,16
507822,8
507847,6
507884,6
507912,16
507942,8
507967,5
507990,9
508013,5
508034,8
508059,5
508078,5
508109,6
508130,5
508160,8
508182,5
508203,9
508224,5
508246,23
508263,34
508289,18
508311,7
508332,6
508354,6
508378,12
508404,5
508419,18
508449,15
508477,7
508497,25
508523,20
508537,8
508560,5
508584,6
508605,16
508633,14
508656,13
508689,7
508710,6
508728,11
508762,87
508785,5
508819,6
508847,5
508866,6
508881,5
508910,5
508929,13
508958,37
508996,7
509022,7
509054,7
509080,13
509109,7
509139,7
509164,22
509190,9
509217,5
509247,5
509270,12
509299,5
509324,6
509348,7
509374,14
509405,15
509434,95
509462,118
509485,5
509513,102
509538,9
509569,7
509596,15
509619,10
509641,7
509671,17
509692,7
509711,5
509745,5
509768,5
509798,5
509816,21
509842,6
509872,62
509895,15
509915,8
509936,45
509962,15
509999,5
510021,7
510056,5
510079,6
510104,13
510133,5
510146,23
510168,19
510194,5
510229,5
510256,13
510279,6
510309,21
510343,17
510369,98
510400,8
510425,9
510452,7
510470,11
510501,5
510520,15
510542,8
510563,6
510575,6
510610,10
510641,86
510667,94
510695,28
510720,11
510751,7
510787,5
510810,5
510826,9
510859,16
510880,14
510916,5
510950,5
510980,5
511017,16
511043,11
511074,9
511110,6
511140,12
511168,28
511194,7
511222,5
511245,16
511274,47
511292,9
511318,9
511337,10
511365,7
511396,10
511418,5
511446,10
511471,11
511499,36
511533,7
511557,8
511586,6
511612,1582
511640,39
511675,31
511706,10
511731,10
511759,121
511782,7
511811,6
511831,8
511862,7
511881,20
511912,19
511936,40
511958,5
511987,6
512015,9
512043,5
512065,9
512097,23
512129,7
512155,8
512183,17
512217,19
512250,13
512274,5
512300,104
512330,111
512360,7
512390,6
512411,7
512433,5
512454,5
512476,6
512504,6
512528,5
512552,5
512587,13
512610,8
512633,12
512667,18
512698,8
512719,18
512747,5
512767,10
512796,10
512818,75
512845,8
512880,9
512913,6
512939,133
512964,7
512991,5
513016,10
513042,5
513079,7
513100,57
513123,32
513148,8
513174,36
513198,10
513207,13
513235,5
513261,37
513300,8
513326,7
513354,5
513372,22
513397,6
513420,6
513440,12
513469,8
513493,9
513533,19
513556,9
513587,67
513607,9
513629,5
513647,15
513683,10
513710,36
513736,5
513751,42
513780,11
513800,12
513824,10
513851,6
513881,7
513911,7
513944,9
513967,17
513990,10
514012,12
514035,6
514061,23
514081,154
514110,8
514137,8
514164,19
514191,32
514226,35
514252,5
514277,17
514297,7
514324,6
514357,7
514386,5
514412,6
514440,36
514473,6
514509,12
514535,6
514560,5
514594,24
514618,33
514640,10
514662,25
514692,20
514721,6
514748,8
514771,10
514793,146
514811,12
514833,8
514865,17
514898,7
514920,41
514946,8
514967,12
514998,5
515019,8
515038,25
515066,7
515091,18
515111,16
515140,52
515169,8
515192,8
515215,5
515238,5
515257,5
515296,32
515331,8
515361,23
515379,21
515406,6
515443,11
515473,12
515495,9
515520,6
515544,6
515572,11
515594,8
515616,7
515640,44
515666,29
515695,5
515717,5
515745,19
515767,8
515795,17
515819,7
515851,13
515873,5
515889,15
515910,5
515932,17
515955,18
515970,5
515998,11
516026,9
516055,7
516075,5
516098,6
516138,6
516175,8
516205,10
516236,23
516267,87
516292,7
516318,27
516340,5
516365,15
516382,6
516404,6
516442,14
516468,6
516492,5
516515,6
516534,12
516562,26
516590,7
516617,8
516641,7
516668,5
516697,10
516721,6
516747,9
516774,6
516806,30
516826,6
516846,18
516871,7
516895,7
516917,13
516936,5
516962,11
516988,9
517007,22
517023,52
517048,9
517078,6
517102,15
517133,8
517155,6
517183,7
517211,9
517240,23
517261,8
517282,6
517310,8
517329,6
517356,15
517391,5
517415,8
517436,5
517457,5
517480,126
517502,8
517532,21
517559,21
517583,175
517615,6
517640,7
517666,16
517685,5
517709,7
517732,11
517761,6
517779,6
517810,23
517827,10
517854,54
517884,5
517913,8
517945,100
517969,307
517998,7
518020,6
518053,17
518077,8
518103,11
518138,11
518163,5
518187,21
518213,41
518228,14
518262,6
518290,5
518318,6
518347,5
518386,16
518411,27
518435,9
518462,7
518485,91
518511,6
518545,21
518579,16
518595,19
518622,20
518650,152
518676,5
518708,17
518730,5
518750,6
518786,6
518804,8
518840,9
518858,25
518878,5
518902,9
518937,6
518964,27
518995,29
519023,5
519052,14
519074,5
519104,8
519126,7
519146,7
519165,6
519191,15
519222,5
519246,8
519272,5
519293,50
519321,8
519345,5
519374,5
519396,7
519421,5
519450,6
519469,33
519491,16
519512,35
519534,23
519554,6
519574,9
519612,7
519641,11
519669,6
519702,11
519719,8
519749,5
519779,9
519800,161
519820,150
519846,6
519871,14
519897,5
519923,23
519950,6
519971,9
520004,9
520039,1832
520067,5
520091,9
520116,5
520139,23
520167,79
520195,5
520222,6
520249,17
520274,7
520294,12
520318,5
520343,9
520373,5
520395,5
520421,46
520441,5
520461,6
520494,8
520518,6
520539,7
520568,5
520589,20
520617,5
520639,11
520659,16
520689,40
520714,5
520744,6
520765,6
520787,21
520815,5
520838,10
520871,6
520902,6
520924,13
520953,5
520974,6
520998,9
521021,9
521057,5
521088,13
521117,13
521145,9
521177,5
521206,15
521230,18
521258,12
521290,11
521321,7
521340,9
521360,32
521391,9
521420,13
521448,8
521473,20
521496,7
521519,5
521545,19
521564,25
521589,16
521610,12
521639,8
521664,7
521692,12
521712,5
521738,90
521772,6
521795,11
521828,9
521852,6
521873,247
521900,6
521926,7
521957,19
521975,6
522002,6
522024,5
522047,8
522064,5
522084,8
522109,13
522133,27
522151,8
522178,8
522209,8
522229,7
522263,10
522291,27
522318,34
522348,9
522372,19
522391,9
522418,6
522442,81
522475,6
522500,12
522526,23
522550,5
522571,5
522593,5
522611,12
522646,13
522668,5
522691,7
522715,5
522744,11
522775,8
522809,6
522841,5
522865,34
522890,8
522915,8
522943,5
522967,5
522992,5
523013,5
523049,7
523068,11
523079,5
523099,7
523119,6
523147,10
523165,9
523188,5
523214,7
523242,29
523275,73
523299,7
523321,6
523339,5
523363,15
523389,8
523416,5
523453,6
523477,5
523511,6
523541,5
523562,6
523591,24
523617,5
523644,5
523669,5
523690,7
523719,23
523745,23
523771,5
523789,9
523814,6
523841,8
523869,5
523890,28
523926,16
523958,7
523984,6
524009,9
524032,7
524067,9
524092,55
524124,6
524151,5
524178,18
524201,47
524226,5
524259,16
524281,9
524309,5
524332,21
524355,12
524376,40
524409,5
524439,20
524461,8
524491,7
524519,11
524551,21
524585,5
524610,5
524637,7
524666,10
524696,8
524720,10
524754,36
524780,6
524802,6
524822,36
524844,14
524865,31
524893,7
524924,6
524957,31
524973,16
524987,5
525015,10
525036,6
525064,23
525089,7
525107,10
525135,511
525171,6
525192,33
525215,68
525236,5
525262,5
525301,25
525328,10
525362,133
525380,12
525411,5
525446,8
525470,8
525493,11
525520,7
525547,7
525572,39
525599,7
525613,5
525644,5
525677,8
525712,6
525734,15
525755,8
525785,31
525815,13
525839,8
525860,8
525881,9
525904,5
525928,20
525956,10
525975,7
526004,5
526026,22
526051,5
526076,35
526107,13
526126,109
526149,5
526174,7
526196,11
526219,14
526250,5
526278,9
526304,18
526331,8
526360,8
526386,7
526404,12
526432,42
526453,5
526484,6
526509,7
526530,7
526564,5
526586,16
526610,5
526642,10
526669,6
526703,11
526732,7
526756,7
526789,8
526824,52
526850,6
526872,5
526908,19
526933,15
526965,6
526994,27
527014,8
527043,8
527064,6
527091,11
527115,9
527133,22
527166,10
527191,16
527208,5
527231,6
527263,11
527290,5
527316,14
527344,5
527360,9
527377,6
527402,22
527428,6
527455,5
527483,5
527509,30
527536,15
527557,6
527589,9
527612,6
527635,11
527658,104
527691,11
527715,5
527740,7
527767,6
527794,10
527824,5
527853,5
527881,6
527903,9
527931,5
527954,14
527980,5
527998,18
528028,5
528049,7
528068,6
528094,8
528121,11
528152,6
528182,55
528215,6
528237,7
528264,14
528283,6
528316,12
528341,15
528370,8
528396,5
528423,38
528449,9
528490,14
528514,9
528543,6
528568,13
528593,8
528616,15
528647,7
528677,5
528708,6
528730,11
528763,16
528797,13
528818,5
528847,369
528867,24
528891,5
528915,6
528951,13
528980,22
529011,6
529032,5
529061,5
529086,29
529115,7
529142,12
529163,11
529181,6
529208,15
529232,6
529264,12
529286,9
529314,10
529331,5
529360,7
529389,39
529407,11
529430,7
529452,13
529480,14
529521,5
529547,6
529580,7
529614,17
529639,17
529668,16
529703,12
529729,5
529765,9
529780,82
529806,14
529831,5
529863,9
529887,5
529915,9
529941,19
529961,11
529983,9
530007,11
530031,12
530061,12
530089,5
530115,7
530149,5
530164,5
530196,17
530226,5
530247,5
530273,10
530297,5
530311,16
530342,9
530369,10
530392,6
530415,5
530438,34
530468,7
530505,34
530529,8
530564,5
530589,5
530615,6
530648,13
530664,5
530693,46
530722,7
530745,5
530767,7
530791,6
530823,6
530846,20
530872,13
530890,13
530913,15
530940,46
530970,5
530996,7
531037,12
531068,6
531097,5
531127,48
531161,13
531192,7
531217,9
531247,16
531270,22
531303,7
531318,10
531343,5
531383,6
531406,17
531438,58
531459,5
531476,19
531500,5
531521,6
531544,7
531571,5
531597,5
531624,6
531647,13
531673,17
531702,8
531728,5
531760,5
531791,11
531814,13
531842,6
531869,7
531883,5
531908,7
531938,6
531962,5
531999,10
532021,12
532050,18
532077,20
532100,7
532119,5
532139,34
532163,23
532189,7
532216,8
532249,6
532271,8
532289,6
532314,5
532330,8
532362,5
532394,15
532423,7
532447,12
532470,5
532500,14
532527,6
532553,9
532577,22
532609,7
532630,7
532651,9
532675,5
532700,7
532730,8
532755,5
532770,9
532789,35
532821,47
532846,5
532877,5
532907,5
532928,8
532956,5
532987,11
533013,6
533043,5
533067,6
533094,361
533117,7
533139,13
533167,5
533183,78
533203,7
533233,13
533259,8
533294,31
533316,14
533343,16
533357,7
533383,5
533404,10
533431,6
533464,5
533492,9
533521,14
533552,8
533568,8
533585,13
533608,6
533644,21
533664,7
533688,7
533735,15
533757,5
533782,5
533806,6
533831,9
533861,5
533886,23
533909,64
533938,6
533960,5
533990,5
534011,9
534044,6
534072,15
534107,5
534135,8
534160,6
534197,8
534227,8
534250,23
534276,12
534304,6
534327,9
534355,6
534383,7
534409,7
534431,15
534451,22
534473,5
534502,17
534527,6
534552,5
534584,8
534607,6
534641,19
534666,19
534693,28
534716,16
534742,5
534778,26
534806,155
534832,37
534859,6
534883,73
534908,5
534936,22
534957,11
534981,17
535006,8
535035,6
535057,7
535090,6
535116,8
535132,6
535164,11
535190,6
535216,18
535239,5
535263,6
535293,11
535314,7
535342,13
535364,11
535392,6
535425,6
535453,7
535479,8
535506,5
535532,66
535555,6
535584,9
535603,5
535631,6
535658,36
535682,30
535716,8
535745,5
535772,45
535800,8
535831,38
535854,5
535874,5
535899,11
535924,7
535942,7
535977,400
536007,136
536035,6
536057,5
536090,13
536125,172
536152,43
536179,5
536212,5
536243,5
536274,31
536299,7
536321,6
536344,5
536365,6
536388,12
536410,16
536442,6
536463,11
536488,12
536512,12
536534,15
536562,10
536587,5
536614,6
536639,6
536666,6
536689,7
536712,6
536744,5
536774,11
536802,8
536827,29
536855,10
536885,6
536912,14
536935,8
536967,8
536999,19
537018,91
537048,8
537074,8
537102,8
537133,6
537155,6
537190,5
537227,11
537250,6
537281,5
537306,7
537333,6
537356,5
537382,18
537401,31
537437,8
537467,64
537495,6
537520,15
537545,20
537567,10
537584,9
537604,7
537639,5
537661,19
537686,8
537707,8
537731,13
537759,332
537786,864
537811,9
537833,64
537860,5
537896,5
537919,19
537941,7
537964,12
537986,18
538010,6
538034,9
538067,6
538099,10
538134,12
538163,10
538194,10
538219,14
538250,15
538275,6
538302,7
538331,8
538353,67
538384,6
538415,6
538441,6
538464,34
538485,11
538523,8
538540,10
538574,5
538596,14
538627,8
538645,7
538668,5
538693,37
538716,11
538741,17
538764,11
538783,102
538814,7
538838,18
538848,6
538874,5
538896,223
538931,6
538951,12
538975,8
539005,14
539026,19
539047,8
539069,5
539097,9
539116,81
539144,14
539169,11
539191,5
539224,5
539247,6
539264,20
539288,6
539322,5
539350,6
539385,22
539399,8
539418,8
539451,13
539475,5
539500,10
539531,7
539548,6
539564,6
539591,18
539615,6
539644,5
539671,62
539698,5
539727,5
539756,32
539775,5
539808,11
539829,23
539863,6
539891,6
539924,16
539947,12
539974,16
540007,25
540028,32
540060,10
540085,51
540120,10
540146,69
540174,15
540211,214
540240,5
540265,17
540292,6
540318,6
540348,15
540376,12
540400,5
540435,64
540459,5
540487,12
540523,7
540558,15
540576,5
540603,7
540628,5
540653,11
540674,11
540690,6
540724,7
540762,8
540785,6
540810,7
540840,8
540862,7
540896,5
540931,19
540952,11
540984,6
541002,9
541019,18
541047,16
541071,7
541097,5
541126,5
541157,48
541173,6
541198,5
541213,8
541237,11
541262,6
541285,5
541312,8
541341,96
541362,19
541382,5
541408,5
541435,8
541457,8
541485,46
541507,8
541541,6
541569,8
541598,5
541628,5
541655,546
541681,31
541707,102
541738,89
541766,5
541789,6
541818,13
541842,12
541864,11
541890,70
541925,5
541955,6
541988,5
542014,5
542037,5
542053,5
542073,5
542097,16
542119,8
542148,81
542173,5
542193,8
542223,15
542241,9
542272,167
542302,5
542324,5
542348,8
542364,8
542392,66
542411,27
542432,8
542458,5
542482,8
542514,6
542541,10
542567,31
542594,13
542618,14
542640,74
542661,6
542699,7
542724,12
542751,5
542787,6
542808,5
542834,9
542852,6
542875,54
542895,10
542917,22
542938,6
542967,23
542999,9
543035,7
543061,5
543083,7
543110,7
543139,5
543169,19
543207,7
543232,5
543265,5
543291,6
543312,37
543337,8
543360,9
543385,8
543413,14
543437,7
543458,7
543486,11
543512,10
543532,8
543552,7
543586,5
543609,5
543635,10
543668,24
543697,12
543727,14
543743,10
543778,6
543805,9
543823,5
543853,5
543878,6
543903,5
543927,7
543959,5
543988,5
544019,6
544042,14
544072,6
544098,14
544124,11
544149,10
544169,9
544201,6
544221,9
544253,21
544288,36
544310,19
544330,11
544364,19
544393,5
544413,5
544429,19
544457,5
544484,17
544509,6
544536,6
544554,14
544577,7
544615,8
544634,5
544657,5
544678,5
544699,5
544726,6
544747,10
544773,49
544795,5
544824,6
544849,222
544881,6
544912,9
544927,18
544950,30
544978,5
545004,6
545030,5
545054,9
545083,7
545111,9
545140,5
545157,5
545191,23
545215,5
545233,11
545256,6
545274,16
545293,7
545317,12
545346,5
545373,5
545396,7
545430,24
545454,39
545482,24
545500,5
545522,13
545546,22
545574,18
545599,17
545625,5
545660,5
545693,5
545712,5
545736,37
545764,11
545794,11
545820,22
545841,16
545866,8
545892,27
545918,5
545947,6
545975,9
545993,6
546020,6
546044,6
546070,6
546090,8
546122,5
546147,7
546174,5
546196,6
546227,17
546246,9
546272,21
546302,17
546325,6
546357,7
546390,10
546410,8
546429,5
546456,8
546476,92
546499,34
546531,5
546554,117
546582,13
546611,8
546649,38
546674,24
546697,9
546723,26
546759,20
546783,6
546814,26
546842,6
546868,11
546884,6
546911,5
546944,63
546979,9
547013,313
547028,22
547049,26
547080,8
547098,13
547117,24
547142,11
547171,8
547203,7
547238,7
547269,8
547292,8
547317,21
547336,6
547363,10
547382,61
547407,11
547436,123
547456,5
547485,8
547501,20
547521,5
547557,5
547578,6
547614,56
547637,771
547659,5
547686,5
547709,37
547729,6
547755,7
547777,19
547800,6
547828,5
547854,5
547881,7
547911,8
547938,5
547971,5
548000,5
548032,5
548049,9
548073,14
548100,10
548122,5
548141,5
548164,6
548190,19
548212,27
548237,12
548265,32
548295,6
548313,7
548352,7
548377,11
548405,10
548425,15
548450,6
548477,23
548514,47
548536,9
548562,10
548594,29
548616,6
548646,5
548663,7
548684,46
548704,5
548740,5
548765,5
548791,73
548832,6
548849,40
548883,8
548915,5
548945,7
548972,15
548999,7
549026,6
549050,6
549078,6
549105,6
549136,10
549158,8
549177,6
549208,229
549232,7
549257,5
549298,5
549316,7
549339,10
549370,7
549396,7
549419,6
549461,16
549482,17
549511,301
549530,5
549564,31
549589,5
549607,7
549635,5
549658,5
549680,106
549711,5
549740,19
549764,10
549786,432
549811,6
549830,5
549846,5
549870,15
549889,5
549915,23
549952,13
549976,5
550007,5
550031,6
550055,7
550082,5
550117,7
550141,12
550169,8
550191,7
550215,10
550237,10
550259,10
550287,22
550307,8
550337,6
550374,22
550409,16
550435,19
550458,10
550483,5
550506,43
550532,6
550553,12
550581,95
550606,15
550632,25
550652,6
550686,11
550710,13
550738,15
550771,41
550800,53
550827,5
550845,11
550871,135
550891,5
550918,5
550940,22
550963,9
550996,8
551020,8
551038,5
551063,7
551087,6
551110,6
551141,35
551162,6
551186,7
551202,5
551233,6
551260,14
551295,5
551321,8
551349,5
551367,7
551396,5
551412,8
551432,7
551459,7
551491,19
551521,6
551546,9
551565,28
551585,6
551602,18
551620,5
551646,5
551674,22
551704,8
551726,7
551750,8
551776,8
551795,8
551821,17
551847,31
551881,5
551899,10
551918,9
551948,7
551976,6
552006,24
552035,41
552060,6
552076,9
552096,7
552126,5
552157,13
552185,7
552217,6
552238,5
552263,7
552289,17
552316,7
552343,10
552374,8
552392,12
552417,10
552442,5
552459,6
552481,5
552505,5
552526,16
552558,6
552581,11
552601,6
552628,10
552643,6
552672,44
552698,5
552718,23
552735,8
552758,6
552786,9
552806,9
552841,6
552866,8
552888,9
552912,53
552934,5
552964,6
552990,10
553014,36
553038,7
553072,5
553098,5
553133,10
553162,5
553187,6
553210,8
553232,6
553258,7
553291,6
553309,7
553334,5
553368,7
553394,6
553425,34
553453,10
553478,12
553508,68
553531,5
553558,7
553581,27
553598,5
553628,7
553658,9
553686,7
553710,11
553738,6
553762,6
553786,5
553811,9
553836,7
553866,16
553892,11
553918,25
553952,9
553970,5
553993,7
554008,7
554037,6
554063,26
554089,15
554111,8
554141,5
554172,5
554202,12
554226,5
554255,5
554284,13
554309,11
554339,6
554366,14
554389,14
554410,5
554429,9
554445,8
554473,27
554498,20
554516,8
554549,6
554573,13
554604,17
554633,9
554664,5
554690,11
554714,5
554734,13
554756,6
554782,23
554807,59
554832,9
554857,8
554893,9
554923,6
554945,18
554968,61
554999,9
555017,8
555038,5
555062,9
555086,17
555113,98
555138,5
555164,7
555181,5
555213,5
555232,11
555256,5
555276,5
555300,6
555322,5
555342,47
555375,52
555408,5
555436,73
555466,6
555493,5
555512,11
555539,11
555558,6
555585,5
555602,9
555634,10
555651,5
555680,12
555704,8
555739,6
555770,9
555798,13
555823,14
555854,5
555880,5
555903,5
555931,17
555956,7
555980,9
556005,20
556032,6
556057,6
556084,7
556119,9
556139,5
556162,5
556181,11
556213,25
556241,7
556269,5
556293,29
556321,6
556346,5
556374,48
556402,7
556434,13
556463,5
556493,34
556510,8
556534,8
556555,8
556580,9
556613,6
556630,8
556658,11
556690,13
556724,6
556746,5
556766,12
556795,50
556828,9
556855,8
556882,5
556925,5
556952,28
556979,12
557002,5
557020,6
557053,6
557077,9
557110,5
557131,8
557152,18
557187,15
557214,29
557238,7
557269,5
557297,30
557328,5
557358,5
557381,7
557412,5
557434,7
557455,17
557482,5
557500,1496
557533,17
557552,8
557582,5
557606,19
557620,5
557651,8
557676,20
557708,272
557726,5
557757,25
557789,10
557812,8
557835,7
557844,8
557873,8
557907,5
557936,54
557964,7
557994,10
558019,5
558056,8
558079,7
558105,6
558132,6
558161,213
558187,6
558209,7
558237,8
558265,18
558286,13
558304,5
558328,6
558357,13
558388,12
558411,5
558436,5
558462,8
558487,6
558518,8
558547,9
558574,68
558603,7
558641,7
558668,8
558700,39
558729,12
558761,157
558794,8
558818,9
558836,5
558866,13
558886,5
558915,5
558945,7
558975,9
558994,6
559020,6
559046,7
559069,5
559094,9
559120,49
559147,8
559168,9
559195,8
559219,5
559247,5
559277,7
559313,10
559344,5
559378,25
559404,19
559425,7
559450,6
559478,6
559505,5
559534,9
559562,6
559600,12
559623,12
559650,5
559678,10
559700,6
559723,9
559753,17
559782,18
559812,6
559835,5
559872,10
559897,5
559929,8
559962,7
559985,22
560014,5
560049,6
560070,25
560097,8
560112,8
560145,16
560172,17
560210,36
560239,10
560272,5
560301,5
560327,5
560347,16
560362,42
560392,126
560422,7
560448,6
560475,15
560505,26
560525,22
560562,7
560609,5
560624,36
560642,25
560663,5
560687,10
560702,6
560722,6
560745,7
560770,5
560792,72
560815,5
560838,5
560867,16
560888,261
560910,7
560933,5
560956,8
560976,6
561002,12
561034,5
561054,17
561083,7
561100,76
561127,8
561155,5
561174,5
561197,14
561215,6
561236,11
561262,32
561283,12
561302,5
561323,26
561348,7
561374,8
561402,14
561431,6
561467,23
561493,43
561522,18
561543,6
561569,5
561593,11
561617,5
561652,13
561674,5
561703,7
561730,11
561754,18
561781,5
561811,10
561844,6
561879,7
561911,36
561937,13
561964,7
561996,9
562019,8
562045,6
562074,16
562101,55
562125,5
562145,17
562172,7
562207,6
562229,10
562259,5
562277,5
562295,52
562320,6
562348,20
562369,11
562386,8
562410,6
562444,12
562472,27
562491,13
562512,312
562548,6
562577,5
562605,18
562629,8
562658,5
562678,21
562706,47
562737,5
562765,152
562791,10
562827,12
562860,6
562884,5
562912,9
562932,32
562958,8
562976,7
563008,5
563031,5
563052,540
563080,6
563103,102
563128,15
563149,46
563180,8
563197,6
563223,12
563245,11
563261,8
563290,5
563321,11
563349,46
563369,6
563399,35
563409,6
563429,50
563452,6
563487,107
563512,5
563540,11
563568,25
563598,13
563625,8
563652,7
563677,9
563707,5
563740,5
563773,9
563801,12
563830,62
563854,21
563882,5
563912,15
563936,10
563960,24
563998,6
564023,30
564050,45
564077,27
564098,6
564125,19
564156,108
564181,20
564213,12
564234,11
564264,6
564290,28
564315,18
564345,5
564377,5
564400,7
564424,19
564453,19
564485,5
564516,6
564543,5
564571,76
564600,5
564633,5
564656,7
564682,8
564715,5
564748,6
564778,9
564808,8
564832,52
564853,5
564883,6
564916,17
564936,13
564963,10
564997,9
565024,8
565048,16
565070,34
565099,13
565126,11
565147,20
565169,6
565194,6
565220,6
565241,18
565274,69
565303,30
565331,8
565361,5
565388,8
565415,17
565442,5
565465,5
565488,15
565514,5
565530,14
565564,14
565598,31
565617,7
565641,8
565664,6
565688,7
565725,7
565755,24
565790,6
565812,10
565839,149
565863,14
565881,6
565909,9
565936,5
565962,13
565994,49
566027,9
566050,5
566079,13
566101,5
566130,8
566153,10
566181,10
566212,5
566232,9
566257,9
566293,7
566325,6
566345,42
566370,18
566396,9
566422,6
566445,11
566480,5
566514,11
566537,5
566565,18
566605,7
566629,5
566648,5
566673,6
566704,47
566727,23
566762,5
566789,14
566818,618
566838,33
566867,5
566902,19
566938,11
566962,11
566982,13
567001,55
567021,10
567044,25
567069,3044
567088,5
567122,6
567150,9
567174,14
567204,8
567223,5
567249,78
567277,14
567303,5
567326,12
567353,7
567380,20
567407,17
567433,5
567454,8
567483,6
567521,49
567551,5
567565,6
567586,8
567603,14
567624,70
567653,5
567676,9
567695,7
567721,7
567742,7
567765,208
567792,68
567823,11
567848,7
567871,16
567897,7
567923,10
567952,20
567980,6
568010,5
568038,199
568060,6
568084,5
568114,6
568145,5
568168,19
568205,9
568225,25
568257,5
568282,9
568314,7
568349,6
568375,10
568405,5
568426,6
568446,9
568472,29
568503,6
568532,6
568556,9
568581,7
568612,5
568639,8
568671,6
568711,23
568739,5
568772,11
568795,6
568825,15
568853,24
568878,11
568905,5
568928,10
568959,6
568989,7
569005,6
569034,14
569059,16
569079,5
569108,6
569135,11
569157,25
569186,6
569201,8
569234,5
569262,9
569294,27
569313,13
569346,10
569366,8
569390,5
569419,6
569448,5
569468,5
569498,72
569526,95
569552,12
569580,7
569599,14
569623,5
569653,5
569669,17
569689,9
569719,6
569747,6
569775,31
569793,138
569818,5
569838,8
569862,42
569887,6
569908,11
569938,5
569957,12
569980,5
570017,10
570043,5
570068,7
570097,5
570118,18
570141,169
570172,5
570199,5
570232,12
570264,6
570285,13
570310,9
570331,24
570356,7
570388,5
570416,9
570435,11
570461,29
570489,5
570513,5
570543,12
570562,6
570586,8
570615,11
570645,87
570676,28
570712,8
570734,6
570757,11
570779,13
570804,12
570829,5
570860,5
570885,5
570912,5
570943,57
570968,29
570997,124
571022,18
571048,8
571082,11
571110,7
571148,5
571169,5
571193,9
571220,7
571240,5
571268,8
571292,129
571327,5
571357,28
571389,18
571416,22
571445,14
571474,10
571494,16
571520,25
571544,5
571566,6
571595,8
571617,10
571651,5
571674,5
571700,16
571723,7
571747,10
571781,5
571800,22
571825,12
571847,7
571866,7
571890,13
571907,20
571946,11
571968,6
571993,13
572035,261
572069,20
572093,5
572112,6
572140,10
572163,9
572190,21
572219,6
572242,19
572277,7
572308,5
572341,7
572369,57
572391,5
572410,7
572446,8
572473,36
572503,9
572536,11
572563,8
572588,10
572614,5
572636,29
572665,14
572687,9
572709,6
572734,18
572767,18
572790,5
572808,11
572834,9
572855,8
572878,23
572913,9
572942,16
572966,7
572996,24
573024,5
573059,6
573082,76
573101,5
573126,8
573151,64
573175,5
573197,5
573224,27
573243,16
573270,8
573289,8
573322,61
573352,9
573377,16
573408,5
573436,5
573462,22
573490,5
573515,5
573543,10
573562,10
573583,11
573612,12
573637,7
573658,7
573678,10
573715,110
573733,6
573755,5
573781,8
573805,23
573834,10
573855,17
573886,23
573916,7
573951,6
573978,10
574015,6
574040,13
574056,6
574087,14
574106,5
574132,7
574154,11
574176,19
574208,18
574238,22
574260,22
574284,5
574314,11
574335,11
574366,9
574388,11
574412,8
574442,8
574462,7
574484,11
574510,11
574540,8
574564,10
574595,7
574620,12
574642,9
574672,14
574694,30
574729,14
574759,5
574791,6
574811,6
574829,5
574860,6
574883,6
574907,1682
574934,7
574970,7
574998,10
575026,5
575057,21
575074,5
575094,8
575124,19
575147,19
575172,6
575192,5
575224,5
575254,8
575282,10
575310,18
575334,6
575372,10
575400,5
575427,16
575451,8
575476,9
575502,6
575530,14
575563,7
575582,10
575617,170
575645,5
575671,173
575703,20
575722,6
575748,43
575769,56
575792,34
575819,94
575842,5
575873,33
575897,5
575923,7
575948,35
575976,11
575996,5
576024,6
576051,8
576081,15
576099,27
576123,6
576143,12
576166,5
576198,5
576221,7
576243,8
576269,14
576305,9
576331,27
576348,5
576377,5
576395,9
576411,43
576427,5
576453,5
576475,11
576494,5
576515,10
576537,6
576556,13
576583,25
576604,37
576628,5
576668,51
576698,6
576721,9
576743,6
576766,6
576781,7
576801,22
576829,12
576854,6
576887,65
576905,5
576932,10
576957,8
576983,6
577006,11
577031,5
577057,6
577075,8
577098,6
577112,15
577143,1048
577177,5
577206,30
577225,6
577255,6
577294,10
577324,7
577354,15
577389,8
577413,17
577440,8
577462,7
577486,27
577514,22
577544,5
577572,8
577606,5
577632,140
577657,8
577683,24
577707,8
577728,5
577763,6
577795,14
577823,6
577842,9
577865,5
577892,13
577920,33
577933,13
577954,7
577981,22
578007,7
578041,5
578072,13
578103,5
578125,5
578151,5
578176,9
578207,13
578239,21
578271,8
578300,6
578333,6
578365,5
578385,5
578413,6
578437,7
578462,9
578495,20
578526,16
578554,7
578581,5
578598,20
578634,23
578660,12
578679,202
578696,46
578721,5
578744,6
578771,13
578800,5
578819,14
578842,7
578863,12
578887,8
578911,110
578938,5
578967,7
578992,10
579007,53
579034,6
579061,13
579086,11
579115,5
579143,8
579160,16
579192,7
579217,5
579248,25
579274,5
579296,60
579326,8
579350,11
579377,20
579403,7
579431,6
579459,5
579478,9
579506,29
579531,5
579557,7
579591,113
579614,12
579634,7
579661,9
579690,5
579704,5
579731,5
579771,12
579799,5
579823,13
579845,5
579871,6
579892,14
579919,5
579955,6
579979,6
580002,5
580029,6
580051,7
580064,7
580084,13
580105,8
580122,5
580143,13
580174,8
580198,14
580229,7
580251,15
580285,5
580309,7
580332,7
580364,6
580392,7
580406,6
580429,8
580466,7
580486,8
580512,5
580536,7
580565,5
580597,14
580633,23
580660,11
580689,6
580712,7
580729,6
580754,92
580787,6
580812,14
580841,14
580865,6
580894,6
580925,6
580949,12
580986,11
581014,45
581047,83
581059,5
581079,36
581103,7
581126,12
581141,36
581172,6
581189,5
581214,19
581241,24
581262,7
581288,6
581324,11
581345,16
581365,6
581401,7
581432,6
581456,8
581487,24
581519,10
581547,7
581572,6
581605,10
581629,6
581654,13
581684,9
581709,9
581729,6
581752,6
581781,5
581809,5
581835,15
581861,5
581888,6
581915,6
581941,6
581965,5
581987,11
582005,6
582030,12
582058,286
582076,5
582103,6
582136,6
582167,7
582198,6
582229,6
582257,5
582282,9
582309,6
582341,76
582366,34
582403,14
582432,9
582458,18
582483,11
582510,18
582533,5
582564,8
582581,10
582608,10
582631,27
582649,7
582674,5
582694,8
582718,5
582738,12
582767,11
582790,27
582817,45
582841,120
582867,5
582892,6
582925,15
582944,8
582982,13
583002,17
583027,16
583052,17
583078,6
583105,6
583127,25
583151,6
583175,11
583191,9
583224,22
583245,7
583270,55
583300,5
583324,5
583357,9
583380,13
583406,7
583428,12
583454,5
583485,6
583513,41
583542,24
583563,6
583584,6
583605,9
583625,8
583647,52
583675,37
583700,6
583722,6
583747,8
583772,10
583795,5
583817,30
583845,7
583874,33
583902,55
583934,5
583965,6
583999,7
584035,13
584053,5
584080,7
584108,6
584137,6
584163,5
584183,11
584216,11
584247,8
584270,6
584293,7
584319,5
584343,5
584368,5
584397,9
584431,7
584456,12
584479,30
584496,11
584521,9
584547,6
584578,6
584610,11
584626,46
584652,5
584672,5
584707,5
584727,6
584754,18
584772,11
584796,32
584813,5
584841,10
584862,11
584889,5
584917,12
584936,7
584962,18
584976,7
585003,6
585036,8
585061,8
585088,6
585117,14
585147,6
585176,5
585216,14
585243,6
585270,5
585292,40
585322,5
585347,5
585371,32
585390,9
585422,7
585457,7
585479,77
585496,10
585518,5
585553,5
585587,5
585611,7
585636,31
585665,30
585688,5
585717,5
585742,28
585765,57
585796,6
585823,5
585858,10
585895,6
585925,6
585950,9
585971,13
585995,7
586013,10
586035,7
586053,7
586076,5
586108,5
586134,6
586165,8
586189,10
586214,7
586244,5
586273,5
586297,5
586322,5
586355,5
586385,7
586415,9
586437,7
586455,6
586483,5
586504,21
586527,7
586561,6
586583,33
586609,17
586629,6
586655,5
586680,5
586710,128
586740,5
586773,7
586787,8
586808,6
586831,6
586847,10
586869,7
586900,23
586921,8
586951,22
586980,5
587005,60
587034,5
587053,7
587087,81
587111,5
587145,6
587173,9
587197,8
587223,8
587247,5
587276,17
587305,17
587321,7
587350,5
587372,6
587398,5
587420,6
587448,26
587469,5
587488,13
587520,10
587546,6
587572,12
587596,8
587620,10
587654,17
587675,5
587704,5
587722,6
587749,5
587782,6
587812,8
587839,16
587876,5
587907,61
587943,5
587968,5
587993,5
588016,8
588047,181
588072,10
588099,40
588125,5
588151,6
588172,32
588203,5
588231,9
588258,9
588273,6
588302,7
588326,63
588353,20
588381,9
588410,5
588424,13
588455,12
588479,25
588508,5
588538,9
588562,6
588590,8
588624,5
588644,20
588669,6
588689,7
588713,8
588746,12
588773,6
588800,9
588813,6
588842,5
588861,6
588889,6
588916,5
588942,39
588966,12
588996,5
589021,5
589046,5
589071,5
589093,7
589127,9
589154,5
589172,6
589197,10
589221,21
589248,19
589275,31
589295,5
589323,5
589353,6
589379,6
589397,53
589422,5
589452,5
589478,197
589503,35
589519,10
589548,8
589572,27
589588,6
589614,5
589638,7
589667,6
589684,655
589713,7
589748,5
589773,23
589795,9
589822,7
589842,6
589869,6
589895,6
589922,6
589948,24
589979,6
590011,11
590029,9
590063,21
590085,11
590112,9
590133,9
590166,29
590198,45
590219,7
590250,19
590278,19
590298,119
590324,6
590346,5
590375,7
590397,6
590425,5
590453,63
590487,5
590516,5
590554,12
590582,9
590603,7
590628,6
590653,7
590677,16
590705,29
590731,12
590751,6
590774,34
590801,5
590824,5
590849,11
590876,7
590903,6
590931,10
590954,883
590978,8
591005,6
591020,6
591049,5
591078,7
591106,26
591126,7
591160,50
591183,36
591205,7
591232,5
591260,5
591292,335
591320,19
591348,39
591374,5
591405,10
591431,26
591450,10
591470,6
591495,6
591532,6
591562,5
591589,6
591614,9
591635,5
591662,7
591696,11
591714,5
591744,25
591767,7
591788,8
591811,247
591835,7
591855,23
591886,6
591910,5
591942,5
591969,7
591999,5
592026,6
592056,59
592085,19
592108,17
592132,9
592164,5
592193,46
592226,6
592247,5
592266,5
592285,5
592303,12
592330,11
592353,10
592382,6
592406,10
592427,9
592455,18
592476,5
592508,19
592539,10
592567,32
592593,6
592617,6
592647,21
592680,10
592715,15
592745,5
592771,7
592799,25
592826,7
592855,15
592878,19
592906,5
592937,12
592968,7
592994,33
593028,8
593058,13
593085,238
593115,142
593147,9
593180,10
593196,8
593224,11
593252,6
593276,66
593302,12
593327,11
593358,12
593373,8
593403,21
593437,7
593462,79
593481,96
593506,6
593536,6
593562,12
593592,5
593623,10
593646,9
593669,7
593703,6
593727,6
593754,5
593773,10
593807,7
593837,13
593863,7
593901,13
593923,6
593954,18
593987,18
594012,6
594039,5
594067,13
594094,5
594112,5
594134,16
594160,143
594188,12
594210,20
594233,9
594253,9
594269,42
594300,13
594330,2364
594361,6
594381,5
594411,5
594434,6
594460,7
594500,13
594525,8
594548,5
594567,11
594591,5
594617,65
594646,7
594669,13
594697,6
594721,13
594763,6
594793,41
594823,6
594846,5
594884,6
594920,11
594946,8
594971,10
595006,5
595032,6
595062,465
595094,6
595121,20
595153,18
595178,9
595204,10
595223,5
595248,7
595271,5
595292,12
595320,15
595347,10
595366,10
595395,8
595421,5
595436,40
595464,20
595494,13
595516,5
595549,5
595579,8
595599,9
595628,5
595655,113
595678,10
595697,5
595727,5
595758,5
595781,8
595811,5
595837,7
595862,9
595888,17
595910,7
595938,6
595966,7
595992,8
596020,6
596037,7
596053,196
596085,7
596109,6
596132,7
596156,8
596180,8
596200,5
596220,7
596245,20
596285,7
596311,11
596332,5
596362,11
596383,5
596397,12
596422,9
596441,8
596464,10
596486,5
596511,5
596536,21
596560,5
596585,38
596606,159
596634,5
596661,21
596693,7
596718,6
596750,5
596779,5
596809,6
596836,8
596860,6
596887,9
596912,5
596932,6
596955,7
596985,6
597008,5
597033,12
597061,12
597085,19
597108,6
597133,6
597158,10
597189,6
597221,7
597250,6
597272,7
597304,5
597329,6
597356,34
597384,27
597409,6
597438,16
597463,11
597494,5
597518,7
597542,5
597572,21
597605,7
597637,24
597666,7
597696,20
597721,35
597744,36
597767,9
597802,9
597838,8
597861,21
597882,7
597897,7
597915,7
597931,8
597953,6
597972,31
598002,124
598027,11
598052,5
598077,6
598108,7
598140,7
598167,9
598192,9
598214,25
598240,6
598259,14
598287,18
598313,22
598334,18
598354,5
598375,5
598397,15
598424,5
598454,5
598479,6
598514,11
598545,15
598578,12
598611,14
598645,36
598662,8
598692,5
598720,6
598738,30
598759,13
598779,6
598806,6
598832,46363
598857,10
598881,5
598902,6
598915,84
598934,15
598956,11
598985,5
599012,6
599031,6
599053,9
599082,6
599108,6
599128,10
599150,5
599176,5
599199,14
599227,33
599246,39
599280,18
599307,6
599338,9
599361,5
599389,6
599411,9
599437,6
599462,13
599490,5
599512,5
599541,7
599575,10
599602,118
599637,7
599665,8
599694,7
599723,5
599744,9
599764,25
599788,6
599830,5
599859,11
599880,6
599906,8
599937,28
599965,10
599989,148
600017,7
600039,6
600074,32
600098,5
600126,12
600157,7
600179,7
600198,5
600220,8
600249,5
600265,6
600294,9
600323,22
600358,8
600385,5
600409,5
600434,25
600464,8
600485,5
600509,39
600530,37
600556,15
600589,7
600613,9
600650,14
600675,8
600698,10
600725,5
600753,13
600783,5
600808,25
600839,37
600865,6
600888,6
600916,31
600943,17
600968,9
600998,8
601019,14
601047,228
601066,5
601085,5
601105,6
601130,34
601158,15
601190,499
601213,12
601240,6
601269,7
601296,17
601307,8
601335,7
601361,12
601394,47
601417,8
601441,5
601472,7
601502,21
601523,5
601549,7
601574,201
601599,6
601627,5
601650,7
601674,13
601693,7
601722,5
601740,19
601768,43
601798,5
601813,7
601837,6
601867,5
601888,5
601916,37
601935,6
601952,12
601987,6
602020,8
602041,25
602070,5
602101,7
602131,7
602165,7
602190,6
602219,16
602244,12
602265,9
602284,8
602306,9
602326,5
602349,5
602380,5
602401,6
602425,16
602449,14
602471,6
602492,10
602522,6
602544,37
602569,6
602591,5
602617,7
602640,5
602664,5
602699,6
602722,5
602755,17
602781,15
602817,26
602838,49
602882,5
602905,17
602938,5
602968,12
603002,22
603026,12
603050,18
603083,13
603107,8
603138,33
603162,7
603185,122
603205,83
603232,15
603255,9
603268,5
603298,9
603318,6
603344,5
603375,17
603396,6
603414,5
603435,16
603458,14
603482,18
603506,5
603527,7
603556,5
603585,45
603608,7
603638,8
603664,6
603696,6
603724,9
603759,6
603775,28
603798,8
603819,19
603851,7
603875,39
603899,11
603924,32
603958,5
603979,19
604013,7
604037,11
604066,15
604091,5
604120,11
604146,14
604172,12
604199,6
604226,9
604252,10
604280,11
604306,6
604335,6
604362,6
604390,34
604416,5
604461,5
604486,5
604515,9
604540,6
604571,33
604593,5
604620,6
604650,14
604674,6
604694,10
604714,11
604738,6
604757,5
604775,8
604801,6
604833,5
604860,6
604883,15
604909,5
604942,7
604971,8
604997,11
605016,5
605039,37
605064,6
605097,8
605120,10
605142,5
605160,9
605178,18
605208,5
605247,114
605275,9
605301,49
605331,22
605358,5
605381,15
605410,6
605433,5
605445,290
605474,6
605502,22
605524,8
605550,5
605568,6
605590,19
605620,13
605647,10
605675,8
605705,8
605723,7
605752,16
605784,5
605813,8
605846,7
605874,42
605903,6
605931,18
605971,12
605997,16
606030,7
606052,5
606080,12
606105,6
606133,8
606163,15
606185,8
606212,5
606240,31
606264,36
606280,5
606303,294
606334,15
606357,5
606376,7
606398,5
606416,11
606445,22
606478,5
606500,5
606527,6
606558,32
606577,10
606602,24
606625,5
606642,50
606673,7
606705,8
606736,5
606759,27
606798,6
606818,13
606841,5
606855,16
606878,362
606900,5
606919,7
606943,21
606963,6
606984,10
607022,6
607049,9
607066,5
607093,7
607120,5
607150,7
607180,12
607203,23
607235,5
607262,83
607292,5
607329,8
607355,7
607379,83
607406,10
607433,21
607461,32
607489,47
607523,5
607552,9
607581,7
607615,6
607637,7
607674,18
607703,35
607733,11
607763,37
607780,656
607814,5
607844,7
607877,129
607900,5
607926,5
607951,5
607977,9
608002,8
608028,9
608056,5
608086,60
608113,5
608132,27
608153,6
608180,8
608219,7
608251,11
608284,28
608318,29
608339,5
608366,5
608384,29
608409,8
608434,93
608458,255
608479,6
608500,5
608528,10
608549,9
608573,7
608596,9
608620,11
608642,16
608671,7
608697,6
608718,6
608740,7
608770,5
608807,5
608835,6
608860,5
608885,8
608905,5
608931,8
608952,6
608982,6
609004,11
609027,6
609058,6
609078,11
609105,6
609134,19
609170,6
609194,39
609221,10
609245,61
609268,6
609302,6
609325,8
609350,24
609376,7
609407,7
609440,5
609466,55
609492,69
609502,5
609521,11
609551,7
609577,13
609601,9
609622,5
609650,7
609682,25
609709,5
609735,6
609764,6
609793,5
609822,9
609846,5
609873,2487
609903,25
609931,20
609957,22
609987,5
610025,7
610045,43
610074,6
610096,8
610123,5
610153,15
610176,7
610208,25
610232,7
610257,15
610275,17
610300,18
610315,5
610337,6
610365,6
610389,5
610412,7
610437,6
610453,7
610478,10
610492,27
610527,7
610549,9
610568,79
610593,8
610620,28
610642,9
610680,7
610710,5
610735,7
610757,9
610779,5
610801,8
610831,11
610859,7
610881,8
610908,7
610925,11
610958,5
610987,7
611011,11
611041,11
611074,5
611098,7
611120,8
611138,58
611165,23
611193,42
611225,28
611250,5
611290,23
611315,28
611342,5
611371,7
611395,25
611426,8
611445,10
611478,9
611507,24
611520,9
611541,6
611576,50
611591,6
611616,17
611638,7
611665,38
611694,6
611716,45
611739,6
611763,6
611792,9
611818,21
611841,6
611872,15
611893,17
611919,14
611942,14
611963,13
611998,12
612026,7
612044,16
612070,6
612095,19
612116,5
612138,6
612169,5
612200,9
612223,9
612252,5
612283,10
612303,11
612330,11
612356,6
612378,50
612409,5
612435,10
612462,38
612488,38
612503,24
612526,5
612556,11
612589,6
612615,6
612638,5
612660,11
612683,5
612713,6
612746,6
612782,9
612800,5
612826,17
612860,9
612890,9
612926,35
612953,268
612981,11
613007,15
613030,10
613058,10
613074,6
613102,5
613123,5
613152,7
613178,8
613211,5
613238,6
613270,6
613302,12
613330,5
613359,5
613389,5
613419,7
613440,36
613457,7
613475,17
613503,324
613525,11
613560,13
613585,6
613611,11
613647,292
613674,9
613709,115
613735,10
613764,50
613798,23
613820,9
613840,11
613871,5
613887,5
613913,72
613929,6
613958,5
613977,7
614000,5
614029,15
614052,56
614080,21
614103,5
614130,42
614153,6
614169,9
614202,17
614226,5
614257,10
614277,7
614307,11
614336,19
614365,5
614391,5
614419,6
614447,41
614479,11
614508,9
614535,5
614558,6
614586,5
614617,5
614642,13
614674,5
614701,6
614730,6
614753,10
614775,6
614800,10
614829,9
614855,11
614884,5
614906,8
614928,15
614947,12
614979,40
615002,6
615028,6
615058,7
615088,30
615124,5
615144,21
615185,18
615222,45
615253,63
615277,6
615294,5
615318,5
615343,24
615370,7
615393,9
615423,14
615442,7
615463,167
615489,7
615515,15
615540,5
615571,10
615600,5
615626,5
615655,13
615675,9
615702,7
615728,71
615759,26
615786,23
615808,5
615833,11
615858,22
615881,6
615908,7
615936,8
615965,8
615992,11
616014,9
616040,5
616067,5
616093,16
616119,10
616140,6
616154,5
616176,5
616196,9
616221,19
616246,14
616274,6
616304,5
616329,30
616358,31
616389,14
616415,10
616436,28
616457,6
616491,8
616511,7
616530,8
616559,26
616588,5
616613,17
616644,7
616680,8
616704,23
616730,288
616764,14
616791,6
616811,7
616833,6
616871,8
616894,8
616919,28
616941,88
616960,6
616982,6
617009,11
617033,5
617060,7
617087,9
617108,340
617135,110
617153,5
617181,14
617203,259
617225,6
617249,5
617274,8
617298,8
617329,19
617344,573
617367,20
617397,6
617418,7
617443,27
617464,6
617485,14
617516,5
617539,9
617569,12
617596,11
617631,8
617667,6
617688,5
617706,9
617733,12
617752,58
617784,14
617814,5
617828,5
617853,5
617877,32
617898,12
617926,77
617945,5
617962,232
617991,5
618023,20
618055,8
618081,45
618108,5
618127,8
618155,9
618183,5
618212,6
618244,8
618275,5
618307,8
618335,40
618361,8
618381,6
618404,6
618423,7
618455,7
618475,13
618495,15
618523,5
618547,8
618568,12
618589,10
618618,8
618646,586
618679,8
618698,7
618721,24
618752,7
618780,10
618811,8
618843,250
618876,23
618897,7
618930,6
618957,25
618976,11
619000,6
619020,13
619043,8
619068,5
619086,7
619112,10
619142,12
619181,12
619210,8
619236,6
619263,90
619300,5
619324,7
619351,5
619381,8
619406,6
619431,8
619458,15
619482,10
619504,489
619531,5
619555,13
619581,5
619617,5
619646,18
619663,45
619690,6
619717,5
619736,15
619753,5
619781,23
619814,27
619836,8
619856,11
619878,9
619904,10
619938,7
619963,8
619983,7
620007,6
620031,5
620069,22
620096,10
620123,21
620148,9
620169,5
620206,8
620233,33
620263,5
620283,26
620317,9
620346,9
620359,5
620389,10
620416,8
620442,8
620466,6
620498,26
620526,5
620546,21
620588,7
620607,8
620632,5
620660,10
620691,9
620720,6
620744,283
620764,38
620794,45
620814,7
620846,9
620876,8
620910,6
620940,9
620955,6
620986,5
621021,8
621050,104
621076,5
621102,8
621132,12
621156,7
621176,22
621189,5
621209,11
621233,5
621253,6
621276,11
621308,6
621335,9
621359,5
621374,7
621404,13
621419,40
621443,7
621476,42
621496,5
621520,9
621541,6
621567,8
621597,6
621620,6
621657,59
621689,8
621709,6
621732,6
621748,7
621779,5
621801,75
621827,5
621847,8
621868,10
621894,5
621917,55
621950,5
621976,5
622006,26
622037,7
622060,5
622076,13
622100,15
622127,14
622156,6
622176,6
622193,17
622221,5
622254,11
622292,8
622328,13
622347,6
622377,5
622400,8
622424,9
622448,5
622474,8
622494,69
622517,5
622541,6
622567,636
622592,14
622617,6
622646,9
622673,234
622700,15
622725,52
622748,6
622768,35
622795,40
622823,5
622850,6
622876,8
622890,6
622910,8
622930,5
622955,5
622979,5
623006,10
623030,22
623054,29
623078,5
623103,6
623126,5
623150,221
623184,43
623201,16
623229,5
623255,8
623276,13
623307,5
623330,16
623348,6
623371,9
623399,8
623419,82
623444,19
623472,8
623497,7
623514,5
623538,11
623559,145
623580,6
623612,6
623636,177
623661,38
623694,6
623720,11
623753,16
623780,7
623819,8
623850,1851
623867,9
623893,28
623914,6
623942,14
623966,14
623989,5
624013,6
624035,11
624058,5
624088,7
624117,5
624151,6
624175,9
624200,8
624232,5
624261,5
624285,5
624311,8
624334,6
624357,84
624376,8
624414,7
624437,5
624464,8
624488,12
624513,7
624540,9
624566,12
624588,5
624611,5
624634,7
624662,8
624681,22
624711,5
624742,5
624762,30
624789,6
624814,17
624835,20
624857,23
624880,5
624914,5
624941,19
624969,6
624998,5
625025,5
625059,10
625084,5
625101,12
625132,10
625154,6
625175,5
625203,5
625223,7
625250,10
625280,13
625307,8
625330,8
625359,7
625393,7
625429,17
625454,25
625475,6
625500,14
625526,5
625551,29
625570,7
625611,6
625629,7
625662,8
625688,9
625711,9
625746,15
625776,16
625792,6
625829,8
625857,5
625874,55
625896,8
625914,9
625941,11
625971,5
625989,7
626015,81
626037,241
626061,6
626085,102
626109,7
626130,6
626154,11
626181,9
626203,6
626237,9
626262,11
626288,125
626314,6
626339,8
626368,7
626396,5
626418,11
626444,7
626473,5
626493,5
626519,6
626546,5
626575,28
626600,8
626632,7
626657,10
626691,11
626726,11
626749,15
626772,5
626801,10
626830,11
626860,6
626877,57
626901,40
626932,10
626959,15
626979,5
627004,13
627026,7
627045,6
627077,8
627106,9
627136,8
627162,7
627185,16
627210,5
627234,7
627257,7
627288,6
627310,13
627332,8
627356,5
627382,10
627407,31
627435,5
627458,21
627478,17
627513,15
627540,11
627567,17
627591,8
627615,10
627647,5
627666,5
627693,47
627713,11
627734,6
627760,6
627778,64
627805,15
627835,9
627858,6
627881,8
627911,6
627927,5
627950,5
627969,6
627993,22
628019,52
628045,9
628076,8
628109,5
628137,6
628162,37
628186,15
628217,7
628245,5
628288,10
628306,7
628325,5
628356,5
628387,5
628417,6
628442,5
628471,17
628499,7
628527,5
628553,547
628574,16
628603,9
628632,13
628661,6
628690,8
628710,28
628742,5
628765,16
628795,10
628823,5
628847,11
628868,10
628905,10
628932,5
628959,8
628975,79
629010,134
629041,8
629061,7
629087,8
629111,6
629145,7
629166,14
629195,5
629222,5
629248,11
629272,5
629303,5
629335,5
629359,64
629386,9
629415,10
629445,29
629474,36
629502,10
629526,9
629545,22
629572,5
629593,13
629624,6
629649,5
629685,8
629717,5
629747,9
629773,132
629800,12
629825,17
629840,9
629867,5
629893,14
629915,6
629931,6
629957,5
629989,41
630013,8
630035,5
630063,8
630099,232
630133,5
630162,9
630180,11
630208,7
630232,6
630258,11
630287,5
630315,7
630336,20
630356,5
630384,12
630405,6
630433,9
630455,6
630483,7
630501,15
630534,8
630555,5
630584,14
630610,30
630630,17
630652,51
630682,6
630711,21
630735,163
630767,15
630794,5
630818,7
630840,10
630859,10
630880,33
630910,58
630937,5
630963,20
630990,6
631016,5
631049,5
631086,5
631110,6
631132,12
631158,6
631181,14
631215,5
631240,13
631270,5
631292,14
631321,6
631351,5
631376,236
631410,43
631432,9
631457,33
631482,6
631502,13
631531,5
631553,8
631573,5
631615,5
631645,11
631667,8
631693,8
631725,7
631745,5
631777,13
631812,270
631847,5
631875,5
631902,5
631925,5
631949,12
631975,9
632018,7
632045,6
632071,11
632105,32
632133,8
632162,147
632185,5
632207,5
632231,11
632258,8
632282,13
632308,5
632329,33
632347,61
632364,9
632396,17
632418,7
632442,56
632469,143
632496,5
632532,11
632557,10
632574,5
632599,14
632623,12
632648,11
632669,37
632699,9
632721,20
632741,14
632759,568
632788,5
632820,11
632844,8
632865,13
632898,9
632929,6
632958,5
632979,22
633009,10
633038,7
633071,11
633102,5
633135,6
633170,6
633198,5
633231,5
633266,13
633291,18
633329,5
633356,10
633389,8
633410,13
633436,17
633461,33
633483,6
633503,23
633529,15
633561,28
633591,18
633623,11
633655,7
633681,29
633705,5
633726,5
633747,7
633772,6
633806,7
633829,8
633855,5
633882,5
633899,6
633922,14
633947,6
633979,6
634002,5
634020,48
634047,13
634068,6
634096,60
634125,5
634150,15
634178,60
634204,6
634229,12
634251,6
634286,5
634321,6
634352,65
634377,10
634404,6
634426,35
634447,15
634470,6
634493,6
634520,5
634540,87
634562,6
634578,11
634604,6
634628,9
634658,7
634687,7
634720,7
634743,12
634772,19
634794,8
634826,9
634844,5
634868,8
634898,18
634918,11
634948,6
634977,9
634993,5
635016,5
635039,11
635061,15
635085,20
635115,110
635140,8
635172,12
635200,26
635223,6
635246,7
635273,9
635298,7
635326,19
635348,15
635376,5
635398,83
635420,8
635453,6
635477,9
635501,11
635543,21
635579,6
635608,16
635631,5
635663,7
635690,7
635715,14
635738,8
635768,7
635785,9
635813,5
635830,17
635862,6
635891,7
635914,33
635937,68
635966,20
635989,13
636023,14
636050,5
636073,17
636094,5
636122,6
636154,49
636173,11
636192,5
636214,106
636234,10
636269,5
636291,14
636311,8
636339,10
636366,6
636389,5
636419,10
636439,9
636461,8
636489,37
636516,11
636548,9
636571,5
636608,5
636639,5
636665,6
636685,7
636713,5
636741,12
636758,9
636793,8
636817,5
636847,64
636873,8
636895,12
636919,6
636948,10
636973,16
637009,6
637030,69
637057,8
637077,8
637104,37
637136,8
637158,18
637186,7
637210,6
637242,6
637266,7
637294,5
637313,7
637335,14
637360,12
637383,101
637415,5
637447,359
637467,11
637487,8
637510,12
637539,7
637563,5
637586,73
637612,5
637636,52
637664,18
637691,11
637718,54
637744,32
637773,23
637794,5
637826,5
637855,6
637884,14
637904,5
637932,31
637955,114
637990,6
638017,13
638036,7
638069,37
638094,22
638122,13
638150,5
638180,9
638211,112
638245,5
638278,10
638310,5
638335,6
638360,6
638399,12
638424,5
638448,12
638477,7
638506,18
638533,36
638557,7
638589,59
638615,9
638636,12
638663,57
638686,29
638711,6
638741,6
638764,12
638792,37
638821,17
638856,5
638887,6
638918,5
638945,10
638965,9
638988,6
639019,5
639044,10
639069,14
639094,16
639114,6
639138,8
639169,5
639190,12
639218,12
639251,6
639264,5
639297,7
639324,8
639349,8
639372,6
639388,5
639410,8
639440,7
639463,11
639491,12
639517,90
639539,5
639557,8
639580,5
639607,10
639631,8
639650,8
639683,14
639702,7
639725,21
639758,6
639777,7
639801,10
639819,5
639843,22
639872,9
639902,9
639928,11
639946,6
639973,9
639997,6
640021,7
640051,14
640075,19
640100,5
640125,6
640142,12
640162,14
640189,16
640214,6
640240,15
640270,5
640303,11
640329,5
640353,5
640389,11
640416,13
640446,16
640477,7
640506,6
640522,5
640552,8
640583,214
640620,169
640645,5
640674,6
640694,5
640718,5
640745,5
640760,8
640782,9
640803,5
640835,943
640861,6
640891,5
640913,5
640937,5
640969,6
640999,264
641022,5
641046,5
641075,12
641100,33
641124,5
641153,28
641168,5
641199,5
641222,9
641247,7
641279,7
641306,5
641328,8
641360,16
641386,5
641420,5
641451,14
641481,9
641508,15
641534,5
641555,6
641586,17
641622,12
641659,18
641686,6
641704,6
641740,18
641764,16
641788,17
641811,17
641833,6
641853,5
641881,9
641899,5
641930,6
641955,6
641987,6
642024,24
642057,11
642075,92
642104,24
642130,13
642158,8
642184,25
642202,7
642225,5
642250,17
642279,60
642298,12
642322,9
642349,9
642381,5
642403,6
642436,8
642467,45
642499,5
642520,5
642548,11
642575,5
642600,8
642623,93
642655,8
642678,5
642701,8
642716,5
642737,10
642766,7
642791,6
642828,5
642863,7
642899,6
642928,14
642945,481
642966,6
642988,10
643024,8
643043,6
643069,10
643090,76
643117,6
643146,7
643173,21
643200,18
643220,6
643243,7
643263,7
643287,5
643318,21
643351,10
643368,6
643387,6
643413,20
643437,6
643465,5
643482,7
643507,10
643536,17
643553,11
643577,5
643602,5
643629,10
643658,14
643688,8
643720,14
643744,42
643760,10
643788,21
643816,19
643843,5
643872,9
643894,5
643928,6
643946,28
643971,18
643996,7
644030,5
644047,7
644081,8
644104,14
644141,9
644168,7
644198,6
644228,6
644264,6
644288,6
644318,9
644350,11
644377,115
644391,6
644419,6
644446,89
644474,6
644498,35
644526,6
644552,14
644584,5
644605,5
644629,5
644652,8
644683,10
644703,5
644732,20
644755,32
644778,6
644801,5
644822,6
644849,12
644876,15
644899,10
644932,5
644960,6
644985,13
645011,5
645031,34
645060,7
645093,19
645117,6
645135,8
645157,5
645171,36
645193,14
645216,6
645243,5
645261,13
645294,5
645317,37
645345,5
645372,5
645400,6
645434,8
645458,9
645486,11
645508,9
645532,6
645558,10
645584,19
645601,5
645629,36
645657,9
645680,13
645696,17
645726,8
645755,5
645786,5
645808,66
645835,5
645862,6
645879,14
645903,8
645916,11
645946,21
645973,8
645996,6
646029,38
646051,21
646073,13
646097,6
646130,10
646150,32
646178,5
646205,7
646232,13
646254,5
646275,5
646292,6
646319,17
646350,7
646375,18
646392,7
646424,6
646445,55
646470,5
646505,13
646530,8
646556,17
646574,16
646601,12
646635,56
646657,6
646681,14
646703,25
646733,5
646769,5
646803,31
646828,5
646849,6
646865,104
646895,13
646922,8
646950,6
646975,6
647001,6
647019,5
647044,5
647068,10
647096,17
647119,6
647151,10
647180,9
647206,11
647225,16
647242,6
647270,5
647298,41
647318,7
647340,6
647363,26
647394,12
647424,22
647450,36
647478,27
647493,5
647518,17
647546,11
647566,8
647597,5
647628,52
647650,10
647675,5
647706,13
647736,9
647767,6
647794,5
647818,11
647850,8
647875,6
647902,13
647924,9
647958,5
647984,13
648011,20
648043,15
648069,7
648092,17
648114,9
648145,6
648167,13
648192,11
648226,11
648257,7
648286,8
648314,6
648349,15
648367,5
648397,5
648415,7
648446,7
648462,5
648485,5
648518,5
648546,9
648575,5
648602,5
648627,8
648663,5
648696,15
648717,20
648743,18
648771,118
648791,5
648815,6
648845,8
648869,5
648891,29
648923,7
648950,9
648985,26
649008,11
649038,8
649061,9
649090,7
649121,7
649146,13
649182,68
649200,5
649234,5
649255,66
649279,6
649307,13
649328,10
649345,9
649370,6
649398,6
649432,40
649460,6
649480,6
649511,6
649540,5
649566,13
649594,6
649622,12
649648,8
649664,18
649692,5
649720,6
649749,10
649774,7
649811,7
649833,6
649866,23
649897,7
649927,8
649954,6
649978,82
649998,7
650026,5
650049,16
650078,10
650098,17
650121,45
650139,11
650173,5
650197,10
650225,85
650255,16
650281,6
650308,7
650333,5
650352,10
650374,6
650399,16
650424,7
650456,20
650484,6
650500,5
650537,12
650567,9
650591,27
650622,28
650653,10
650679,17
650711,8
650739,5
650763,12
650785,28
650808,6
650835,5
650857,5
650889,7
650910,6
650926,7
650956,6
650989,5
651009,17
651038,18
651060,11
651088,6
651116,7
651146,5
651168,12
651198,9
651226,5
651250,9
651276,6
651309,8
651332,8
651361,18
651393,11
651421,5
651457,9
651483,6
651507,13
651539,8
651567,7
651597,5
651624,8
651643,88
651670,8
651697,8
651727,6
651754,15
651783,9
651810,5
651835,7
651864,6
651887,12
651921,139
651949,19
651969,17
651989,5
652027,5
652054,87
652083,5
652109,6
652134,5
652155,5
652173,9
652191,7
652218,6
652244,5
652268,5
652291,6
652319,9
652335,7
652364,9
652386,11
652402,17
652435,22
652459,18
652477,6
652503,5
652533,5
652555,220
652580,36
652604,5
652635,75
652654,5
652675,5
652706,14
652735,6
652752,6
652774,14
652809,11
652839,22
652872,5
652901,7
652922,968
652945,5
652975,11
653000,12
653037,6
653071,5
653094,5
653122,5
653148,6
653180,5
653205,9
653236,7
653271,39
653292,36
653317,6
653341,41
653375,5
653398,10
653431,14
653462,2948
653497,7
653531,6
653558,8
653579,6
653605,6
653634,6
653662,6
653679,11
653704,29
653727,8
653746,7
653777,8
653794,5
653823,7
653848,1011
653881,9
653912,56
653938,11
653953,7
653979,5
654005,11
654030,12
654050,6
654087,6
654112,58
654142,51
654164,5
654190,6
654209,24
654231,6
654265,17
654283,47
654309,6
654341,5
654370,5
654392,13
654420,6
654440,89
654469,5
654494,71
654521,8
654548,11
654572,13
654606,5
654632,69
654659,8
654687,7
654715,86
654739,25
654761,6
654778,5
654799,6
654823,26
654852,5
654880,5
654902,93
654927,5
654947,12
654973,5
655007,12
655024,5
655061,7
655098,5
655121,5
655149,5
655186,6
655212,19
655231,13
655255,7
655284,5
655301,5
655317,5
655346,5
655372,5
655395,6
655417,5
655438,26
655471,8
655502,7
655534,9
655548,11
655577,21
655600,6
655628,5
655655,7
655682,9
655712,7
655740,6
655762,19
655789,5
655816,269
655842,5
655862,349
655889,5
655913,16
655936,6
655962,5
655987,9
656014,5
656044,21
656072,8
656093,11
656117,16
656144,6
656171,8
656189,18
656218,7
656245,11
656268,11
656298,39
656323,10
656343,6
656368,7
656390,5
656407,8
656438,6
656462,8
656484,85
656517,6
656543,10
656564,5
656599,8
656621,38
656642,9
656661,7
656685,6
656713,7
656743,5
656765,6
656790,5
656811,11
656833,12
656857,14
656883,7
656905,16
656930,18
656956,7
656977,17
657007,11
657034,7
657051,5
657081,6
657102,9
657124,8
657163,6
657185,11
657213,21
657235,5
657262,5
657290,11
657316,15
657348,31
657369,5
657402,28
657428,11
657456,7
657468,22
657493,7
657516,18
657547,6
657574,5
657601,5
657627,8
657653,5
657687,16
657716,13
657743,8
657774,6
657808,11
657834,26
657861,5
657891,7
657915,11
657941,21
657965,6
657989,5
658015,13
658044,5
658069,31
658089,5
658122,6
658142,16
658161,8
658191,7
658208,19
658232,5
658250,6
658277,5
658297,5
658327,5
658346,11
658379,10
658399,14
658419,6
658442,16
658470,5
658488,6
658513,5
658538,6
658565,12
658586,15
658609,18
658631,6
658662,9
658687,10
658712,16
658738,46
658765,15
658788,5
658819,5
658835,8
658859,5
658889,5
658925,6
658960,8
658985,20
659008,40
659033,6
659055,6
659079,7
659105,59
659126,5
659160,128
659185,25
659216,14
659238,5
659256,36
659287,7
659311,41
659334,6
659358,5
659386,95
659418,5
659441,5
659470,7
659498,15
659529,5
659561,186
659585,5
659613,7
659636,10
659661,11
659689,12
659718,28
659743,14
659765,70
659795,6
659827,26
659852,6
659879,8
659905,5
659930,13
659961,6
659988,819
660018,6
660047,19
660079,6
660109,5
660134,8
660154,16
660178,18
660207,20
660239,5
660259,9
660277,7
660304,7
660330,24
660356,5
660391,5
660420,13
660443,6
660479,6
660505,8
660527,6
660551,12
660575,6
660594,5
660617,6
660639,5
660666,61
660690,7
660714,24
660734,255
660769,5
660797,5
660831,676
660854,5
660883,6
660909,11
660930,13
660968,10
660994,22
661008,31
661026,7
661055,5
661082,5
661109,6
661138,5
661161,27
661178,12
661210,5
661233,30
661255,8
661277,21
661295,15
661320,5
661345,66
661371,19
661403,10
661429,11
661455,15
661472,12
661495,12
661508,5
661536,5
661576,10
661607,9
661631,5
661649,7
661667,5
661698,6
661720,5
661742,15
661770,6
661793,6
661822,22
661848,21
661873,8
661901,10
661930,7
661951,6
661970,5
661992,14
662019,29
662049,11
662070,12
662101,5
662135,14
662160,6
662187,13
662213,49
662241,6
662263,26
662294,5
662320,6
662346,5
662366,9
662391,5
662418,7
662443,24
662471,16
662508,33
662533,9
662559,13
662583,61
662611,14
662647,9
662672,5
662712,6
662745,7
662767,18
662790,5
662821,5
662845,7
662873,5
662897,5
662926,5
662949,10
662973,6
663002,15
663027,19
663047,5
663072,31
663092,5
663107,7
663134,9
663155,17
663181,8
663209,6
663241,15
663263,6
663296,88
663323,8
663350,10
663373,25
663391,6
663426,5
663441,7
663465,16
663490,14
663510,19
663533,6
663565,5
663587,17
663612,7
663637,8
663664,6
663686,5
663710,24
663735,5
663771,95
663794,12
663816,5
663847,13
663863,6
663894,20
663918,6
663946,8
663983,5
664024,18
664046,41
664071,121
664097,11
664122,18
664153,13
664175,5
664211,12
664235,10
664262,13
664292,5
664316,8
664346,8
664374,9
664398,9
664431,8
664460,10
664484,5
664512,5
664538,5
664568,1154
664594,24
664611,10
664631,7
664655,8
664680,5
664710,15
664743,14
664769,6
664788,5
664806,6
664838,7
664866,5
664889,13
664912,7
664934,38
664960,8
664976,19
665008,5
665024,5
665042,9
665059,8
665087,7
665116,9
665145,38
665167,9
665189,6
665220,6
665246,9
665283,5
665304,5
665328,6
665358,80
665386,9
665411,5
665432,5
665451,5
665481,5
665501,24
665529,25
665559,5
665587,50
665618,11
665634,5
665653,5
665693,7
665716,5
665747,5
665781,7
665802,12
665820,8
665848,7
665884,5
665907,34
665934,6
665958,108
665985,7
666012,5
666034,29
666066,53
666096,6
666129,632
666164,7
666191,3020
666216,12
666239,10
666269,6
666290,13
666313,5
666344,122
666369,5
666395,5
666427,7
666450,32
666474,6
666500,6
666522,20
666554,34
666582,7
666603,5
666631,10
666652,6
666685,5
666696,11
666738,7
666766,8
666798,12
666817,14
666838,16
666856,8
666882,25
666914,5
666944,154
666981,26
667005,7
667028,5
667057,7
667092,7
667116,11
667141,8
667154,6
667177,24
667206,13
667222,6
667241,11
667261,9
667289,6
667316,5
667337,168
667368,49
667393,9
667415,8
667436,9
667460,259
667483,5
667509,221
667532,9
667558,11
667578,17
667603,5
667627,12
667653,8
667683,455
667708,7
667732,9
667750,8
667769,6
667799,7
667821,22
667845,14
667870,7
667898,18
667924,5
667956,5
667983,7
668001,7
668023,21
668053,24
668077,9
668107,31
668132,22
668149,18
668172,6
668198,153
668220,14
668245,5
668267,26
668284,8
668309,20
668341,9
668363,9
668391,183
668418,29
668440,6
668469,6
668492,6
668518,17
668546,12
668570,5
668606,5
668635,5
668663,28
668685,11
668709,26
668731,36
668758,6
668778,5
668802,8
668829,5
668857,7
668892,7
668915,7
668938,50
668964,9
668996,9
669020,6
669042,67
669069,6
669094,16
669123,15
669140,5
669160,6
669181,27
669207,10
669237,6
669265,11
669297,6
669319,5
669341,6
669359,14
669379,6
669410,8
669441,7
669473,23
669496,6
669518,6
669544,7
669568,7
669589,12
669616,6
669637,7
669665,5
669698,11
669724,5
669759,22
669782,9
669810,12
669830,7
669866,7
669890,7
669910,9
669928,145
669949,8
669979,11
670015,5
670040,12
670064,5
670088,5
670109,6
670136,18
670169,5
670192,8
670210,6
670237,9
670256,19
670281,5
670302,5
670333,5
670356,7
670379,7
670405,7
670425,6
670451,19
670472,5
670505,5
670527,9
670554,30
670571,5
670588,6
670613,6
670647,6
670682,14
670704,62
670728,5
670760,21
670780,30
670805,8
670834,28
670862,6
670889,5
670918,11
670939,14
670958,7
670982,9
671002,10
671028,8
671058,7
671072,7
671099,5
671118,5
671144,12
671175,5
671203,21
671224,5
671245,6
671269,5
671298,5
671327,9
671357,5
671384,6
671407,11
671437,6
671475,6
671506,17
671537,15
671561,8
671580,7
671608,5
671638,30
671669,6
671697,8
671718,11
671749,6
671776,7
671793,5
671819,5
671845,11
671871,5
671893,74
671928,5
671950,23
671974,27
672005,9
672025,11
672048,13
672079,19
672105,7
672129,5
672150,9
672167,27
672191,16
672218,6
672240,26
672260,5
672283,5
672319,18
672341,5
672359,7
672380,5
672408,16
672442,5
672482,19
672515,21
672544,40
672563,6
672588,5
672614,29
672644,25
672674,6
672702,5
672737,10
672762,6
672791,9
672818,10
672845,15
672873,142
672895,8
672919,6
672952,7
672976,19
672994,25
673030,22
673056,11
673085,5
673108,5
673136,16
673167,7
673189,27
673219,5
673247,5
673269,7
673298,6
673322,32
673356,12
673385,15
673407,5
673428,131
673447,20
673479,8
673503,5
673526,5
673558,7
673588,10
673616,6
673641,16
673670,26
673698,17
673722,39
673743,7
673762,8
673783,20
673811,14
673828,8
673857,2097
673890,143
673911,66
673932,31
673965,35
673986,9
674010,7
674035,7
674057,6
674086,7
674111,546
674148,10
674174,6
674200,5
674222,6
674245,14
674268,5
674292,5
674316,18
674346,5
674369,756
674393,20
674433,6
674460,22
674486,5
674508,9
674534,5
674554,19
674590,66
674614,21
674643,6
674657,107
674676,15
674698,11
674718,6
674749,10
674770,6
674794,6
674820,5
674856,6
674882,5
674899,5
674924,5
674940,8
674956,5
674979,6
675003,7
675026,8
675050,5
675069,5
675092,13
675118,5
675144,9
675168,5
675197,10
675227,7
675261,6
675290,5
675320,5
675348,5
675366,5
675395,108
675416,5
675453,7
675478,6
675507,6
675531,21
675555,8
675578,7
675604,20
675622,131
675650,17
675666,7
675691,7
675723,6
675744,7
675770,5
675795,5
675824,10
675859,12
675883,6
675903,6
675929,13
675955,5
675982,6
676007,8
676025,33
676049,10
676077,59
676094,9
676107,7
676129,7
676155,16
676181,13
676214,6
676247,5
676273,6
676295,5
676324,7
676357,22
676389,8
676418,5
676448,5
676474,68
676499,59
676520,6
676544,5
676571,15
676595,15
676619,24
676645,18
676680,8
676702,5
676733,8
676755,9
676771,6
676792,7
676830,7
676872,5
676892,14
676923,8
676951,8
676977,24
676998,5
677024,15
677042,5
677074,7
677104,5
677122,5
677146,7
677173,8
677201,9
677229,5
677259,6
677290,12
677319,5
677337,10
677365,9
677384,6
677407,5
677432,10
677453,17
677484,9
677513,35
677543,66
677566,10
677594,13
677617,6
677642,6
677667,23
677699,6
677725,5
677751,8
677780,5
677814,10
677845,5
677867,10
677897,12
677924,8
677950,7
677978,5
678004,66
678028,12
678053,7
678076,5
678108,6
678141,136
678166,5
678193,5
678225,5
678248,5
678269,8
678295,19
678324,19
678352,6
678385,6
678405,7
678419,5
678449,20
678475,8
678501,7
678535,48
678571,5
678600,8
678635,11
678665,13
678683,7
678715,6
678740,5
678768,9
678804,35
678839,13
678869,8
678900,20
678929,227
678961,9
678994,7
679024,13
679053,6
679084,8
679103,12
679142,18
679166,5
679188,5
679223,26
679258,6
679284,6
679311,5
679345,8
679366,8
679382,5
679406,6
679434,6
679458,63
679491,5
679525,10
679552,5
679574,11
679596,16
679637,10
679668,9
679699,7
679731,5
679756,25
679786,6
679814,54
679842,5
679868,5
679882,8
679899,6
679918,7
679948,9
679968,8
679998,18
680025,11
680047,13
680074,7
680107,18
680131,5
680158,14
680189,10
680209,8
680241,5
680264,10
680283,7
680307,21
680336,8
680367,8
680399,7
680424,9
680446,5
680469,20
680492,62
680515,14
680537,11
680565,93
680592,43
680625,35
680647,5
680667,11
680690,23
680718,8
680744,5
680774,6
680807,9
680839,5
680862,7
680890,10
680920,6
680955,10
680968,6
680982,8
681005,9
681033,24
681060,6
681087,7
681117,5
681139,5
681162,6
681195,12
681213,5
681239,9
681264,8
681281,157
681305,5
681326,9
681349,9
681377,122
681402,27
681430,15
681451,5
681476,6
681493,5
681515,5
681545,5
681572,5
681603,7
681629,18
681655,5
681678,6
681709,18
681736,5
681765,5
681783,1598
681811,5
681841,8
681872,8
681897,5
681925,7
681943,7
681971,5
681999,12
682032,6
682054,8
682084,8
682116,23
682132,6
682162,9
682191,8
682218,24
682241,6
682268,5
682293,7
682317,5
682348,91
682378,9
682402,6
682434,78
682464,270
682481,5
682520,6
682545,5
682569,7
682595,7
682630,5
682662,13
682701,5
682733,11
682755,5
682772,9
682799,11
682826,5
682849,19
682872,9
682892,9
682912,6
682941,5
682966,9
682986,161
683011,8
683039,10
683061,30
683094,6
683113,12
683135,8
683165,14
683194,6
683219,13
683246,5
683267,5
683298,8
683337,6
683359,19
683392,5
683426,15
683448,5
683475,8
683494,5
683530,5
683569,48
683590,5
683622,5
683651,5
683676,7
683702,5
683719,6
683747,7
683786,8
683816,8
683838,7
683854,11
683882,9
683900,7
683929,11
683958,130
683982,5
684000,10
684033,8
684061,29
684077,16
684109,8
684130,7
684152,5
684182,17
684217,15
684255,7
684283,13
684302,31
684337,5
684365,25
684387,11
684410,39
684434,17
684452,8
684477,7
684501,9
684527,23
684544,8
684577,8
684610,6
684639,22
684663,5
684695,10
684721,426
684745,5
684767,7
684785,6
684814,5
684834,7
684862,6
684887,5
684907,5
684926,6
684948,11
684981,5
685005,6
685035,53
685057,9
685087,7
685108,7
685132,7
685163,13
685180,7
685197,7
685223,9
685250,18
685280,549
685311,6
685350,17
685373,46
685403,10
685428,8
685455,22
685484,7
685507,37
685522,7
685556,14
685584,11
685612,5
685643,15
685667,5
685698,5
685728,38
685747,38
685773,7
685790,6
685823,186
685852,10
685875,7
685914,30
685946,8
685983,9
686012,5
686034,11
686057,8
686081,6
686113,6
686138,15
686164,6
686190,5
686224,34
686257,19
686284,12
686316,6
686344,52
686371,9
686404,10
686434,5
686461,5
686480,14
686500,5
686529,8
686551,5
686570,8
686595,5
686624,6
686643,8
686672,5
686711,11
686735,13
686759,8
686785,7
686810,40
686837,14
686862,9
686888,5
686909,16
686936,5
686960,29
686975,220
686996,102
687016,5
687036,7
687068,17
687096,8
687111,5
687136,5
687152,6
687178,5
687193,7
687223,9
687258,8
687280,8
687303,5
687317,10
687342,32
687365,5
687399,11
687424,5
687454,7
687481,122
687509,6
687528,5
687541,12
687563,6
687588,11
687616,5
687647,5
687673,15
687701,5
687731,15
687760,20
687792,6
687824,11
687854,7
687883,14
687909,9
687937,6
687963,5
687989,15
688015,23
688039,5
688065,5
688094,12
688125,5
688160,16
688188,10
688209,5
688237,6
688262,7
688284,10
688315,19
688347,5
688375,20
688407,16
688431,38
688464,8
688497,58
688519,6
688546,21
688569,15
688599,8
688625,15
688654,5
688675,8
688702,6
688738,8
688768,9
688790,7
688821,5
688844,12
688881,9
688905,7
688925,27
688947,6
688973,8
689002,18
689021,8
689042,10
689073,5
689100,6
689124,7
689149,14
689167,5
689193,32
689224,5
689252,33
689285,7
689304,6
689323,5
689345,75
689377,6
689403,6
689428,5
689457,7
689481,5
689502,10
689538,8
689560,6
689597,38
689629,5
689656,5
689682,5
689715,5
689750,7
689771,5
689795,16
689822,24
689855,32
689880,7
689904,12
689931,5
689954,22
689975,10
689995,6
690022,16
690046,20
690065,16
690095,20
690133,5
690157,11
690187,9
690220,7
690251,5
690272,5
690296,7
690320,5
690340,7
690366,6
690389,24
690408,5
690436,5
690457,14
690476,11
690507,18
690533,17
690558,67
690589,26
690621,7
690651,5
690672,8
690704,17
690733,6
690758,8
690784,8
690819,5
690847,8
690870,6
690899,12
690917,7
690938,6
690965,26
690990,6
691024,17
691052,11
691078,12
691103,5
691126,114
691154,17
691175,6
691202,5
691235,9
691262,5
691285,5
691311,8
691333,5
691359,12
691382,63
691401,8
691425,220
691446,76
691479,9
691506,13
691528,6
691546,8
691570,7
691594,7
691618,8
691651,15
691679,11
691706,10
691740,12
691772,11
691795,8
691817,5
691846,5
691870,13
691889,62
691923,18
691951,6
691981,25
692005,12
692034,5
692053,8
692080,11
692095,7
692121,30
692139,5
692172,13
692194,7
692217,17
692246,6
692265,12
692293,5
692324,11
692347,9
692376,10
692409,6
692435,12
692454,23
692474,10
692506,6
692531,5
692552,29
692586,9
692611,8
692636,121
692668,6
692693,17
692723,8
692753,5
692782,9
692797,5
692835,6
692862,12
692883,6
692917,10
692937,9
692967,19
693001,130
693018,6
693032,14
693056,7
693074,172
693109,13
693131,5
693149,95
693179,11
693206,5
693241,8
693274,30
693297,26
693322,16
693349,7
693377,6
693405,6
693424,8
693449,5
693475,5
693496,5
693515,10
693535,6
693561,11
693590,15
693616,11
693645,5
693671,9
693697,5
693722,5
693753,6
693783,5
693813,5
693837,14
693864,9
693891,9
693917,36
693940,16
693966,6
693990,5
694012,7
694038,6
694060,6
694084,11
694113,25
694135,6
694162,8
694180,5
694204,9
694231,35
694264,44
694295,15
694317,5
694335,5
694362,5
694399,5
694417,5
694442,12
694473,8
694496,6
694519,42
694550,5
694572,5
694599,7
694630,7
694658,10
694677,5
694702,5
694725,28
694746,5
694768,6
694796,7
694817,15
694847,6
694857,7
694883,22
694905,18
694929,6
694955,7
694986,13
695014,6
695040,6
695074,6
695093,16
695120,10
695143,7
695173,9
695200,6
695228,6
695262,5
695281,8
695307,49
695332,8
695347,14
695370,5
695392,6
695429,7
695470,27
695488,8
695513,12
695537,11
695565,5
695587,5
695607,5
695638,7
695656,17
695695,148
695723,28
695757,11
695781,15
695810,5
695831,75
695852,44
695881,5
695911,5
695945,6
695964,6
695984,6
696005,6
696032,6
696069,33
696091,7
696123,132
696152,5
696183,6
696207,13
696235,6
696258,5
696277,5
696297,12
696322,7
696346,6
696374,23
696410,7
696439,7
696464,6
696487,27
696506,15
696532,8
696561,17
696575,9
696598,6
696617,6
696644,14
696671,23
696694,5
696719,30
696745,21
696768,32
696791,7
696822,6
696842,5
696872,6
696888,10
696917,5
696950,7
696978,173
696997,9
697023,16
697056,6
697084,16
697118,5
697146,7
697168,6
697190,7
697221,17
697247,16
697270,64
697300,6
697329,14
697357,20
697380,6
697403,6
697428,7
697459,19
697493,5
697518,5
697547,21
697584,5
697612,5
697642,110
697675,10
697697,9
697721,6
697746,16
697767,7
697799,9
697819,6
697838,5
697868,5
697892,8
697913,9
697935,9
697962,13
698003,11
698022,5
698048,17
698080,9
698098,5
698127,21
698139,8
698158,6
698185,62
698211,5
698234,5
698255,12
698275,13
698299,33
698330,14
698360,6
698386,5
698406,6
698427,5
698457,13
698476,23
698501,6
698531,5
698555,9
698585,27
698620,14
698636,6
698668,6
698697,7
698723,79
698745,96
698775,8
698797,831
698819,8
698836,5
698862,5
698875,9
698902,39
698930,6
698956,11
698984,9
699008,5
699025,5
699047,5
699070,12
699108,11
699133,5
699158,86
699181,6
699201,19
699230,10
699259,18
699289,5
699313,5
699340,5
699383,7
699412,6
699440,5
699469,30
699502,5
699535,5
699565,13
699589,7
699612,9
699635,5
699662,8
699686,10
699716,9
699751,5
699781,5
699805,5
699825,9
699859,10
699887,13
699911,5
699940,6
699971,6
699989,15
700019,6
700052,7
700081,6
700111,15
700140,5
700170,11
700202,6
700221,30
700251,6
700268,7
700304,11
700322,7
700345,12
700374,5
700394,9
700424,21
700446,8
700471,5
700488,18
700512,10
700534,11
700555,10
700581,19
700605,5
700627,27
700644,11
700668,29
700694,9
700713,5
700734,5
700762,9
700787,8
700807,17
700832,5
700867,7
700903,44
700938,7
700969,5
700992,6
701014,5
701045,9
701073,5
701108,6
701130,30
701152,6
701182,9
701210,6
701239,11
701270,5
701297,9
701320,6
701341,7
701367,5
701385,16
701419,10
701445,10
701467,6
701488,8
701524,12
701557,10
701578,13
701602,5
701632,5
701661,6
701690,8
701721,8
701741,6
701762,23
701784,5
701803,10
701832,5
701856,12
701883,6
701906,5
701938,34
701959,8
701987,9
702015,6
702034,6
702062,5
702100,25
702134,9
702173,128
702196,26
702216,16
702245,5
702270,5
702292,19
702319,8
702348,25
702370,31
702397,17
702415,6
702436,6
702467,8
702501,8
702532,66
702557,10
702590,9
702610,15
702639,19
702657,10
702682,10
702708,5
702730,565
702753,5
702781,6
702807,5
702835,9
702858,7
702894,14
702917,8
702938,5
702960,6
702991,5
703026,6
703051,12
703084,43
703110,5
703137,13
703161,14
703188,5
703215,8
703240,589
703269,193
703303,9
703336,6
703364,25
703389,17
703415,6
703436,10
703467,30
703494,104
703524,31
703545,5
703573,5
703604,6
703626,5
703659,5
703685,31
703717,7
703749,12
703771,7
703796,55
703830,13
703855,5
703876,7
703906,9
703933,7
703962,9
703989,8
704017,7
704038,32
704073,86
704097,6
704126,8
704163,5
704180,28
704206,15
704239,5
704274,15
704306,10
704341,5
704365,5
704396,10
704428,5
704454,5
704486,16
704525,7
704559,6
704585,5
704604,7
704628,5
704648,6
704668,5
704697,13
704715,11
704742,6
704761,5
704793,11
704815,9
704833,7
704865,14
704885,8
704911,49
704939,18
704971,19
704995,14
705020,18
705039,6
705054,6
705081,18
705105,8
705137,5
705163,12
705190,25
705211,9
705238,7
705265,8
705296,25
705318,6
705338,15
705366,9
705397,98
705421,9
705441,5
705476,9
705493,5
705521,5
705547,6
705567,7
705589,17
705611,11
705628,13
705656,10
705690,5
705721,9
705742,7
705770,5
705794,6
705829,15
705868,11
705891,6
705922,7
705952,26
705975,5
706007,9
706027,6
706053,14
706080,5
706100,10
706117,5
706146,7
706167,5
706191,9
706225,6
706257,43
706287,6
706306,5
706335,9
706359,5
706389,8
706422,6
706444,5
706469,13
706496,44
706523,5
706552,7
706575,12
706606,62
706630,5
706652,6
706684,354
706709,9
706732,5
706766,17
706787,15
706815,5
706836,16
706860,63
706880,6
706900,7
706929,7
706951,8
706972,8
706994,8
707023,20
707050,11
707075,7
707101,11
707128,13
707154,6
707184,6
707213,6
707244,6
707265,5
707298,5
707327,6
707350,14
707383,15
707403,5
707426,7
707437,10
707463,32
707483,82
707501,5
707526,18
707551,9
707573,9
707595,5
707618,7
707646,15
707677,12
707702,7
707725,6
707756,5
707793,9
707827,6
707856,7
707880,16
707921,6
707952,214
707978,5
708001,8
708026,21
708048,9
708068,9
708088,14
708113,64
708138,12
708157,5
708188,11
708213,7
708242,6
708263,7
708290,25
708321,84
708346,39
708371,11
708399,15
708418,5
708452,5
708474,5
708503,14
708525,7
708553,11
708576,8
708593,5
708619,5
708634,6
708666,16
708695,7
708727,5
708751,5
708772,86
708788,23
708815,5
708848,11
708862,6
708890,6
708912,5
708935,9
708954,11
708982,13
709000,12
709029,375
709056,16
709077,10
709098,28
709126,10
709153,8
709180,5
709199,65
709237,6
709270,5
709304,11
709323,5
709353,7
709374,6
709405,9
709426,5
709452,11
709475,7
709498,24
709518,15
709545,21
709577,12
709596,7
709626,5
709648,15
709666,50
709685,6
709713,9
709742,10
709764,7
709785,15
709809,48
709838,6
709852,9
709869,5
709890,9
709913,27
709941,5
709969,7
709991,23
710010,10
710033,5
710059,13
710089,10
710114,13
710141,13
710171,5
710193,9
710213,6
710246,5
710272,335
710306,11
710327,8
710345,9
710369,8
710391,6
710418,56
710444,5
710468,5
710495,23
710518,10
710544,6
710566,5
710595,10
710610,9
710633,7
710660,24
710686,6
710719,7
710735,6
710763,11
710796,5
710818,5
710848,14
710876,46
710912,18
710952,14
710984,5
711017,9
711038,8
711062,16
711097,5
711121,8
711150,93
711169,26
711187,7
711218,10
711240,12
711275,6
711303,12
711341,6
711370,298
711407,7
711429,15
711452,5
711471,8
711497,5
711516,6
711541,13
711574,14
711610,13
711636,29
711658,6
711681,15
711702,5
711733,7
711763,27
711792,9
711819,6
711842,5
711878,5
711903,11
711931,12
711960,29
711994,6
712017,5
712040,5
712070,9
712103,19
712123,5
712151,5
712182,6
712207,5
712236,159
712256,14
712278,6
712315,5
712335,7
712364,10
712393,11
712426,8
712447,5
712473,5
712500,9
712527,5
712552,15
712581,11
712600,5
712624,16
712654,7
712679,148
712704,24
712731,13
712755,63
712785,8
712808,6
712829,5
712856,5
712874,9
712899,18
712924,7
712944,5
712971,5
712991,7
713013,7
713031,6
713066,7
713091,5
713120,6
713139,134
713158,16
713190,7
713216,11
713246,11
713266,24
713290,6
713313,5
713345,10
713365,7
713384,21
713404,5
713436,10
713461,6
713488,10
713516,49
713545,6
713561,5
713577,6
713608,6
713632,8
713663,6
713685,16
713705,5
713728,14
713751,6
713782,9
713803,9
713830,10
713851,48
713886,73
713920,8
713940,8
713962,126
713987,6
714021,5
714038,7
714067,5
714080,12
714101,6
714129,7
714147,3799
714176,12
714195,24
714221,13
714251,8
714290,26
714316,7
714338,5
714359,5
714383,38
714409,7
714442,15
714469,6
714495,7
714517,7
714545,5
714563,24
714600,7
714622,10
714657,8
714699,62
714717,6
714738,268
714763,7
714788,8
714811,6
714849,5
714867,5
714901,10
714933,5
714957,24
714986,5
715012,12
715039,69
715072,20
715105,5
715131,35
715158,12
715180,12
715206,12
715238,5
715271,177
715290,12
715319,6
715348,44
715372,15
715394,6
715420,5
715444,5
715470,5
715498,9
715529,7
715548,32
715572,14
715606,60
715628,11
715648,8
715668,23
715691,47
715724,5
715758,8
715782,134
715813,10
715835,8
715863,34
715886,5
715914,6
715941,5
715968,6
716004,10
716031,10
716057,7
716089,5
716114,33
716150,7
716176,19
716203,31
716233,13
716263,15
716288,9
716312,17
716337,87
716356,13
716386,5
716405,8
716429,6
716454,5
716474,5
716504,5
716520,6
716552,5
716576,6
716615,48
716646,8
716671,9
716698,8
716724,9
716748,5
716776,8
716798,10
716824,87
716854,5
716876,6
716901,14
716922,88
716956,5
716977,5
717014,5
717038,15
717063,6
717087,5
717114,24
717141,5
717169,5
717201,15
717222,17
717247,10
717268,47
717297,5
717317,5
717343,6
717359,14
717378,15
717408,11
717438,10
717465,42
717495,5
717523,8
717545,18
717568,5
717599,13
717627,10
717650,7
717678,61
717702,7
717733,7
717757,7
717789,6
717809,8
717837,5
717870,6
717894,5
717919,17
717946,7
717981,5
718006,15
718032,7
718058,21
718086,11
718107,7
718144,5
718167,10
718193,32
718223,11
718250,8
718276,24
718300,21
718326,5
718360,7
718383,7
718409,5
718440,40
718462,14
718493,5
718512,7
718537,6
718564,16
718595,6
718616,9
718651,9
718679,12
718705,22
718736,5
718754,8
718780,6
718803,12
718814,12
718844,8
718868,580
718889,21
718911,6
718932,7
718952,62
718981,5
719011,5
719040,10
719067,8
719091,5
719122,5
719148,6
719177,6
719207,6
719230,8
719255,8
719288,18
719321,63
719351,12
719381,5
719410,9
719445,10
719480,10
719498,5
719522,17
719555,10
719588,7
719612,5
719636,5
719661,7
719683,6
719703,28
719724,10
719754,18
719784,7
719806,57
719835,6
719862,16
719882,8
719912,7
719942,7
719967,5
719990,15
720017,8
720037,17
720062,6
720083,18
720100,11
720122,16
720144,5
720168,7
720188,7
720220,6
720239,5
720267,18
720297,5
720327,7
720351,12
720377,21
720409,7
720430,5
720456,5
720485,5
720510,7
720543,8
720574,16
720602,57
720631,5
720663,7
720679,9
720700,8
720733,7
720762,7
720778,18
720804,61
720835,6
720858,55
720890,11
720920,14
720951,60
720972,5
720999,5
721033,120
721057,5
721076,6
721099,23
721126,7
721149,6
721166,18
721197,5
721223,19
721251,6
721294,6
721322,17
721340,5
721369,28
721400,5
721423,5
721458,5
721482,8
721505,131
721531,6
721558,22
721587,514
721610,78
721632,7
721650,17
721679,5
721712,13
721736,32
721763,5
721785,5
721814,10
721838,61
721865,21
721885,5
721903,6
721928,13
721954,5
721981,6
722009,5
722040,5
722065,23
722099,6
722124,15
722145,11
722170,5
722188,17
722210,11
722235,10
722265,28
722289,15
722312,10
722332,39
722364,9
722390,56
722415,10
722445,14
722478,15
722520,5
722549,9
722579,9
722607,9
722640,5
722673,7
722701,5
722717,15
722755,6
722783,5
722809,19
722842,42
722880,23
722903,22
722931,6
722960,8
722981,10
723012,7
723038,5
723065,48
723092,6
723116,25
723142,41
723173,6
723209,15
723237,13
723261,8
723275,6
723294,6
723314,5
723354,6
723381,11
723421,121
723448,11
723475,187
723497,34
723525,9
723553,11
723584,7
723611,6
723642,6
723664,8
723688,5
723714,10
723737,6
723752,5
723772,30
723805,11
723825,9
723851,6
723883,5
723902,11
723929,11
723959,8
723977,15
724001,20
724023,6
724052,13
724088,21
724111,7
724137,13
724161,5
724181,16
724205,14
724230,64
724261,6
724288,5
724317,7
724352,5
724377,6
724401,5
724423,15
724454,7
724469,5
724500,6
724523,5
724546,21
724564,7
724590,13
724617,31
724643,27
724670,14
724690,6
724715,10
724735,5
724757,5
724782,5
724811,10
724837,81
724858,5
724884,14
724922,5
724938,5
724967,10
724997,106
725018,36
725053,12
725078,6
725102,6
725128,15
725155,3542
725183,8
725210,5
725225,8
725252,6
725277,8
725309,36
725341,19
725356,5
725382,5
725421,15
725448,408
725477,6
725512,7
725533,12
725560,311
725589,6
725616,10
725639,10
725661,7
725698,6
725724,5
725755,9
725780,40
725807,345
725832,49
725861,10
725885,42
725910,15
725937,303
725977,9
726008,8
726041,6
726058,7
726079,14
726107,14
726141,6
726171,18
726194,16
726213,11
726238,45
726256,20
726282,10
726314,7
726337,13
726357,15
726375,29
726408,66
726432,6
726460,13
726480,14
726513,11
726538,7
726569,5
726594,10
726626,6
726656,6
726679,20
726702,5
726730,13
726760,5
726786,8
726810,7
726836,7
726859,14
726876,9
726902,6
726927,6
726959,5
726982,42
727004,5
727032,6
727053,8
727077,6
727098,5
727123,14
727156,35
727189,8
727216,15
727244,14
727280,6
727306,6
727330,5
727357,13
727379,13
727403,9
727432,6
727454,5
727482,12
727506,9
727533,5
727563,9
727594,30
727626,6
727654,18
727680,9
727704,6
727726,5
727756,14
727780,8
727808,6
727839,18
727869,19
727888,6
727912,9
727930,5
727952,24
727986,14
728011,6
728033,52
728057,7
728083,7
728109,30
728132,8
728171,16
728202,74
728224,6
728255,24
728285,7
728312,7
728337,11
728367,1164
728387,16
728415,6
728447,8
728464,5
728485,5
728508,21
728535,5
728559,9
728587,16
728617,8
728642,7
728665,16
728689,8
728721,8
728745,5
728767,6
728789,10
728811,14
728831,14
728863,6
728890,25
728917,5
728944,14
728969,12
729000,7
729029,15
729063,10
729091,23
729119,6
729143,5
729179,9
729204,5
729220,7
729252,10
729284,6
729307,13
729341,6
729369,14
729390,12
729412,5
729444,25
729470,6
729495,6
729516,37
729554,11
729589,24
729617,10
729641,10
729664,8
729692,7
729720,5
729744,5
729778,182
729801,15
729831,16
729858,5
729879,108
729912,8
729940,5
729966,51
729981,26
730011,23
730029,16
730058,8
730082,11
730113,18
730139,6
730166,5
730192,6
730219,24
730247,8
730271,7
730296,8
730320,8
730352,133
730368,12
730401,6
730434,6
730460,6
730488,5
730513,5
730536,5
730559,8
730583,14
730608,5
730639,5
730664,29
730692,6
730717,15
730746,14
730775,9
730801,6
730823,8
730845,11
730868,6
730895,5
730928,5
730957,15
730973,5
730999,9
731032,11
731060,10
731080,8
731109,46
731144,5
731178,11
731204,42
731228,85
731253,13
731283,8
731309,5
731336,5
731357,19
731381,6
731415,7
731444,24
731471,11
731500,5
731523,5
731549,17
731568,5
731588,14
731624,7
731652,7
731672,11
731700,5
731722,5
731742,6
731771,5
731803,5
731820,5
731844,8
731874,9
731900,16
731925,7
731949,9
731974,30
732002,5
732024,7
732059,6
732082,8
732113,6
732145,7
732182,5
732207,7
732226,5
732249,7
732277,7
732313,11
732343,7
732371,16
732405,5
732422,10
732450,12
732474,5
732492,17
732527,5
732559,10
732585,15
732606,7
732633,8
732657,17
732682,20
732709,5
732730,21
732759,11
732779,6
732803,5
732821,5
732850,6
732879,6
732901,14
732926,235
732949,5
732979,7
733019,12
733050,8
733075,5
733100,8
733121,9
733144,16
733167,5
733191,8
733229,13
733248,6
733274,5
733301,98
733328,5
733356,19
733383,20
733403,19
733429,6
733459,15
733481,8
733496,10
733534,34
733556,9
733585,5
733609,64
733635,8
733658,8
733671,8
733705,7
733737,6
733765,6
733787,12
733813,7
733833,16
733852,55
733873,6
733898,10
733925,8
733948,6
733972,11
733999,25
734030,6
734060,5
734085,11
734103,5
734124,5
734151,37
734186,21
734219,6
734249,8
734280,8
734304,5
734328,6
734349,19
734372,8
734395,12
734416,7
734446,16
734472,11
734496,7
734527,5
734564,5
734600,6
734621,7
734641,6
734676,11
734712,6
734744,14
734769,10
734785,15
734815,6
734836,5
734859,5
734889,6
734917,16
734943,11
734962,7
734996,7
735014,5
735032,20
735055,22
735079,5
735103,11
735137,6
735166,9
735191,5
735222,5
735250,6
735279,5
735299,5
735310,120
735335,11
735359,6
735385,5
735407,6
735430,11
735459,10
735488,7
735519,5
735540,10
735568,46
735586,5
735614,5
735644,48
735668,5
735691,5
735712,297
735735,17
735759,30
735785,30
735821,16
735851,11
735869,5
735902,7
735930,86
735960,6
735991,5
736017,7
736045,7
736079,7
736101,18
736133,21
736162,16
736188,18
736218,42
736241,7
736264,5
736290,11
736321,13
736346,8
736375,5
736398,27
736425,10
736447,15
736467,5
736494,6
736522,117
736551,11
736570,11
736602,6
736627,53
736654,7
736684,8
736712,5
736746,5
736775,8
736806,128
736838,7
736866,6
736885,30
736903,6
736923,9
736947,21
736978,7
737008,5
737035,5
737062,19
737089,39
737109,8
737140,14
737161,5
737191,11
737218,11
737238,27
737263,14
737291,9
737316,6
737340,9
737359,6
737390,78
737418,16
737442,8
737471,7
737493,22
737510,15
737542,8
737568,5
737590,9
737616,5
737656,7
737685,5
737718,12
737740,32
737756,6
737781,11
737809,9
737834,6
737865,8
737886,7
737917,8
737944,21
737960,5
737997,18
738027,7
738058,7
738085,5
738108,79
738134,8
738162,10
738190,13
738219,15
738256,22
738276,86
738305,8
738324,20
738351,14
738383,161
738409,9
738428,7
738451,7
738476,13
738506,7
738526,9
738553,5
738576,12
738595,9
738630,6
738653,12
738672,13
738699,6
738717,16
738746,8
738770,8
738793,30
738822,5
738853,5
738876,7
738904,10
738924,82
738950,5
738970,5
739000,7
739026,14
739055,32
739081,5
739118,5
739148,5
739175,9
739203,5
739231,33
739245,8
739272,5
739293,46
739324,9
739343,5
739372,6
739389,11
739418,10
739440,5
739470,8
739497,6
739519,36
739543,8
739573,5
739600,104
739631,12
739662,7
739692,81
739717,6
739736,6
739766,8
739800,11
739835,6
739865,8
739890,20
739925,8
739957,111
739983,12
740007,6
740038,7
740068,5
740093,5
740125,19
740156,6
740188,36
740213,9
740235,10
740248,7
740276,10
740302,61
740322,10
740347,5
740374,16
740395,5
740428,7
740455,32
740490,6
740511,5
740538,5
740562,5
740590,5
740615,6
740636,6
740663,44
740698,17
740724,9
740748,20
740770,13
740796,7
740820,5
740839,25
740865,5
740892,10
740908,6
740927,128
740948,10
740980,5
740997,23
741019,9
741052,6
741077,74
741095,6
741124,21
741156,120
741183,8
741206,8
741236,7
741271,5
741295,6
741320,16
741345,5
741369,39
741395,7
741427,7
741447,9
741466,7
741497,11
741519,88
741552,7
741579,11
741604,28
741618,34
741648,15
741679,17
741699,17
741735,25
741759,11
741790,6
741820,6
741842,8
741870,6
741891,19
741917,7
741934,5
741964,9
741987,32
742002,8
742029,8
742055,7
742083,10
742109,10
742126,6
742155,10
742175,11
742195,31
742228,8
742250,11
742269,68
742301,18
742316,7
742345,10
742371,14
742399,7
742418,11
742446,89
742465,5
742498,6
742525,109
742553,19
742571,5
742591,5
742618,5
742645,5
742681,17
742698,6
742723,5
742746,6
742776,14
742802,25
742842,6
742868,9
742891,10
742922,174
742954,6
742977,10
742996,17
743028,9
743065,60
743095,384
743123,7
743149,7
743172,5
743197,14
743218,8
743245,22
743281,6
743311,7
743347,6
743376,6
743404,14
743434,7
743457,8
743478,6
743505,8
743531,30
743559,6
743581,15
743601,9
743624,83
743652,10
743678,5
743708,5
743730,23
743761,16
743781,5
743805,16
743844,8
743875,5
743895,29
743922,7
743949,9
743982,30
744006,17
744029,9
744045,7
744065,13
744084,8
744101,29
744126,9
744149,9
744180,5
744202,6
744230,434
744254,6
744282,24
744304,20
744332,7
744358,5
744385,5
744411,15
744441,10
744463,25
744484,15
744500,13
744521,5
744550,6
744579,12
744603,6
744632,22
744659,22
744696,29
744727,5
744753,36
744780,8
744803,9
744825,15
744849,20
744867,5
744889,11
744914,17
744941,38
744975,10
744999,203
745021,6
745052,53
745084,132
745103,13
745132,6
745153,21
745179,20
745210,5
745233,5
745265,5
745294,19
745310,6
745331,8
745359,9
745385,5
745403,10
745422,5
745445,5
745470,17
745508,6
745530,5
745559,6
745587,8
745602,5
745628,15
745646,8
745669,5
745699,6
745726,5
745751,8
745771,16
745797,6
745818,8
745846,6
745868,19
745901,12
745925,57
745949,10
745977,5
746003,5
746029,5
746052,8
746079,262
746101,7
746126,6
746153,5
746173,5
746198,334
746216,8
746238,13
746267,9
746285,34
746321,20
746345,11
746377,9
746406,9
746432,6
746451,6
746475,6
746502,58
746533,6
746566,6
746591,5
746610,5
746639,8
746658,9
746676,5
746702,6
746726,6
746752,5
746784,7
746799,9
746818,14
746839,11
746871,6
746896,18
746929,9
746947,7
746972,11
747012,8
747040,20
747060,6
747084,5
747108,32
747137,8
747170,15
747205,100
747237,7
747265,9
747299,44
747327,5
747361,8
747391,22
747419,7
747442,141
747467,294
747490,13
747512,17
747546,31
747586,6
747611,13
747634,14
747663,7
747690,17
747719,8
747742,5
747764,7
747784,13
747816,6
747843,7
747869,8
747894,16
747918,6
747948,7
747964,6
747986,32
748004,5
748038,48
748068,6
748087,5
748119,8
748138,6
748169,71
748201,6
748226,1371
748249,8
748267,5
748301,5
748324,13
748354,5
748380,31
748410,100
748433,5
748457,8
748482,15
748509,39
748542,18
748567,5
748593,16
748624,13
748659,25
748688,8
748708,21
748734,51
748756,6
748783,34
748816,6
748839,15
748856,9
748887,5
748907,10
748942,54
748972,7
749003,21
749026,5
749047,6
749083,9
749109,17
749132,6
749163,1219
749188,7
749210,6
749238,13
749270,11
749291,9
749315,9
749342,5
749371,16
749409,5
749435,5
749459,6
749481,16
749507,10
749536,14
749564,6
749584,6
749602,10
749629,22
749654,6
749682,18
749708,10
749736,27
749750,11
749784,5
749810,84
749826,5
749844,5
749870,7
749893,5
749922,16
749949,8
749978,12
749995,5
750015,5
750044,5
750080,14
750108,6
750143,113
750166,5
750190,7
750218,9
750249,7
750274,5
750296,16
750319,11
750344,5
750370,6
750388,6
750411,21
750438,16
750460,69
750485,7
750502,9
750522,14
750550,5
750579,11
750605,19
750631,27
750656,8
750685,5
750712,5
750730,5
750764,5
750789,6
750815,53
750839,7
750861,5
750883,26
750912,15
750949,8
750966,17
751000,10
751031,5
751044,10
751068,21
751095,9
751129,22
751152,5
751176,5
751201,10
751235,5
751268,6
751290,7
751316,6
751350,9
751373,8
751401,14
751424,43
751447,7
751480,12
751509,79
751543,12
751571,6
751596,9
751617,6
751638,6
751656,8
751678,5
751701,9
751728,57
751746,6
751783,11
751808,5
751824,5
751843,6
751864,61
751888,8
751912,5
751939,5
751962,15
751987,6
752019,5
752045,6
752072,5
752087,5
752113,36
752142,5
752170,5
752184,5
752215,5
752246,24
752275,12
752308,9
752333,5
752353,7
752390,11
752425,14
752459,5
752480,20
752513,8
752537,8
752563,16
752586,5
752615,26
752638,21
752667,8
752695,5
752721,5
752730,18
752751,7
752772,9
752790,6
752812,7
752835,7
752856,19
752884,6
752908,6
752931,5
752957,14
752975,22
753008,30
753039,7
753067,13
753106,6
753129,5
753156,11
753180,46
753199,31
753236,5
753270,5
753295,74
753322,18
753353,72
753375,8
753395,28
753420,5
753443,31
753460,12
753484,8
753507,5
753530,5
753558,6
753576,10
753604,5
753629,9
753653,5
753682,5
753707,13
753734,9
753760,5
753789,6
753812,19
753836,6
753859,8
753887,8
753916,11
753939,34
753968,11
753995,7
754018,26
754051,18
754078,8
754107,8
754135,17
754154,10
754179,39
754204,9
754233,8
754264,22
754297,10
754324,5
754350,5
754384,5
754407,23
754430,12
754458,9
754487,18
754518,6
754539,8
754570,22
754586,9
754611,21
754633,5
754668,123
754690,11
754717,17
754753,12
754779,9
754801,11
754829,37
754860,6
754890,24
754917,5
754940,15
754978,7
755008,82
755037,5
755051,192
755081,6
755114,6
755141,5
755159,5
755183,5
755219,9
755248,10
755274,21
755300,7
755318,5
755349,8
755375,12
755390,14
755416,12
755445,35
755469,17
755499,9
755528,5
755551,8
755575,5
755611,720
755641,6
755664,82
755688,9
755724,13
755743,7
755768,5
755795,5
755827,10
755853,5
755872,23
755895,258
755925,9
755958,54
755989,39
756014,6
756045,5
756064,5
756092,5
756115,10
756138,5
756167,8
756192,56
756220,21
756255,6
756279,6
756304,8
756346,6
756372,12
756396,14
756414,5
756436,6
756459,10
756487,11
756520,30
756542,7
756566,11
756590,9
756606,7
756631,6
756660,10
756688,6
756721,25
756738,6
756766,6
756802,13
756833,6
756864,5
756884,6
756918,5
756946,6
756977,5
757013,19
757036,26
757068,5
757090,12
757108,18
757138,6
757170,7
757186,7
757222,5
757259,8
757287,11
757311,93
757337,5
757361,33
757383,8
757409,11
757440,10
757475,7
757506,30
757537,22
757558,7
757584,10
757615,7
757639,11
757670,52
757688,8
757710,38
757739,5
757758,8
757786,33
757817,13
757842,6
757861,14
757888,17
757918,5
757961,49
757986,6
758011,8
758032,5
758050,39
758072,6
758099,13
758127,6
758163,15
758185,12
758218,6
758246,21
758266,7
758297,5
758319,5
758342,7
758372,19
758407,5
758430,6
758457,6
758489,6
758516,11
758539,5
758563,8
758592,113
758611,11
758638,8
758674,11
758703,13
758726,78
758751,5
758785,26
758810,6
758833,352
758858,8
758886,11
758918,9
758950,7
758970,5
758996,7
759021,18
759051,5
759075,5
759107,6
759139,6
759159,11
759189,26
759218,7
759243,5
759269,7
759291,19
759314,12
759339,8
759354,20
759378,11
759404,7
759425,9
759458,19
759482,6
759498,9
759515,18
759541,6
759570,10
759597,7
759625,7
759647,5
759679,6
759712,7
759743,118
759772,7
759798,7
759825,5
759850,8
759873,66
759903,249
759925,31
759949,10
759979,6
760005,5
760027,34
760053,8
760083,8
760104,5
760128,6
760159,11
760178,5
760207,37
760229,5
760252,6
760280,5
760309,10
760333,83
760356,7
760378,6
760404,5
760422,15
760450,6
760472,24
760501,12
760526,5
760555,10
760580,5
760596,15
760615,11
760635,6
760660,28
760682,9
760704,13
760732,8
760753,11
760774,9
760795,5
760830,6
760858,5
760885,138
760912,27
760939,9
760974,14
760997,13
761022,9
761044,22
761063,7
761084,5
761128,16
761151,8
761180,5
761199,5
761224,16
761247,15
761268,9
761296,5
761321,6
761341,11
761367,10
761399,7
761422,5
761447,6
761471,43
761509,7
761535,9
761569,771
761594,5
761623,6
761643,9
761672,6
761705,5
761728,22
761751,54
761778,5
761811,16
761832,5
761854,5
761872,12
761905,13
761925,6
761952,5
761978,6
761995,8
762024,5
762044,90
762071,6
762098,6
762121,7
762139,5
762171,7
762193,5
762228,6
762247,42
762265,6
762292,5
762314,8
762341,15
762366,12
762393,11
762418,5
762442,5
762472,7
762500,6
762523,8
762555,527
762587,6
762614,6
762632,25
762659,145
762678,22
762694,7
762710,6
762740,6
762751,8
762788,36
762825,5
762845,208
762864,5
762885,6
762915,7
762945,31
762968,6
762984,6
763007,8
763035,7
763068,18
763089,9
763116,13
763144,7
763175,10
763201,11
763224,10
763250,8
763274,9
763299,5
763323,5
763341,15
763360,47
763393,6
763415,16
763450,138
763479,18
763501,22
763531,7
763550,11
763579,20
763606,10
763631,7
763666,8
763693,6
763723,5
763748,9
763772,9
763794,9
763820,10
763847,813
763873,12
763893,10
763914,13
763940,5
763956,6
763980,7
764005,103
764036,5
764059,113
764082,8
764111,25
764140,7
764173,55
764203,10
764232,11
764265,5
764291,9
764307,30
764326,9
764354,1302
764374,10
764406,16
764432,15
764453,11
764485,17
764512,57
764540,14
764569,11
764586,7
764617,5
764641,60
764665,16
764696,5
764730,60
764755,10
764782,5
764799,5
764830,10
764857,9
764886,6
764909,5
764940,18
764961,5
764986,8
765015,8
765041,18
765071,19
765089,53
765105,7
765136,14
765157,5
765178,9
765211,7
765238,7
765263,21
765290,9
765316,7
765339,153
765364,7
765391,7
765416,5
765442,5
765469,13
765493,7
765522,7
765544,5
765567,38
765592,23
765618,5
765644,19
765672,29
765704,5
765724,8
765752,11
765781,34
765799,5
765822,21
765854,7
765882,74
765905,5
765928,11
765963,24
765983,10
766002,5
766023,64
766044,13
766069,7
766102,8
766125,17
766151,28
766172,10
766197,32
766225,6
766245,9
766267,37
766294,11
766325,6
766353,13
766377,10
766402,7
766421,9
766437,7
766459,8
766485,10
766513,7
766543,7
766569,5
766596,7
766616,6
766639,5
766660,5
766688,5
766703,7
766726,5
766760,5
766787,35
766812,6
766839,19
766870,6
766904,9
766931,5
766958,7
766994,16
767019,44
767046,8
767077,18
767107,26
767133,32
767159,127
767179,7
767202,78
767225,5
767244,6
767271,5
767296,27
767307,8
767331,15
767363,11
767388,38
767418,25
767448,9
767471,13
767500,6
767522,7
767547,7
767570,8
767596,7
767617,9
767651,15
767671,12
767695,5
767715,16
767737,14
767759,8
767778,13
767795,5
767818,19
767845,7
767878,61
767905,5
767921,5
767951,74
767979,15
767999,8
768027,5
768053,11
768080,7
768108,9
768136,6
768160,12
768188,5
768208,7
768238,8
768260,6
768286,5
768308,16
768339,5
768367,6
768393,8
768411,8
768437,7
768464,13
768496,98
768525,1788
768553,52
768567,5
768598,5
768621,7
768647,7
768675,17
768706,9
768725,6
768747,6
768774,8
768807,11
768828,6
768853,6
768884,15
768910,6
768933,6
768956,5
768975,6
769002,32
769032,59
769057,7
769080,5
769101,6
769130,10
769154,22
769175,5
769201,6
769225,5
769245,34
769272,8
769299,86
769324,6
769356,7
769375,9
769405,7
769423,25
769453,6
769483,17
769505,5
769520,30
769542,30
769566,8
769594,6
769618,7
769651,8
769671,5
769695,6
769727,5
769742,188
769775,14
769806,6
769826,5
769859,8
769885,35
769912,6
769939,173
769959,6
769979,42
770015,31
770050,5
770070,6
770093,6
770115,6
770133,15
770152,18
770180,10
770211,5
770239,9
770267,12
770290,9
770324,12
770347,7
770377,12
770403,8
770429,6
770448,5
770484,6
770516,8
770542,18
770572,11
770594,59
770621,56
770642,27
770664,7
770686,9
770711,6
770724,119
770749,5
770780,15
770799,5
770832,28
770862,29
770882,7
770910,5
770932,19
770952,12
770973,5
770999,13
771024,19
771048,36
771074,8
771109,5
771134,5
771156,13
771172,6
771197,8
771223,21
771251,17
771274,5
771302,6
771335,9
771360,10
771388,5
771413,30
771441,22
771472,5
771496,5
771517,6
771551,5
771574,6
771605,5
771630,5
771657,5
771672,6
771700,62
771729,45
771752,6
771780,8
771811,8
771828,10
771846,5
771873,5
771903,20
771927,7
771959,17
771979,24
772005,8
772040,13
772059,6
772097,12
772124,15
772150,10
772174,6
772205,7
772236,10
772262,6
772286,5
772318,9
772343,7
772371,28
772394,7
772421,7
772456,37
772482,17
772514,12
772537,19
772561,15
772582,14
772615,12
772636,8
772657,7
772680,75
772695,5
772718,7
772749,20
772786,8
772817,9
772841,16
772869,6
772901,5
772931,5
772958,10
772987,7
773006,13
773035,36
773054,9
773071,9
773096,5
773131,8
773174,7
773204,5
773237,17
773263,7
773287,6
773319,25
773353,7
773374,5
773407,10
773433,5
773473,10
773500,7
773522,6
773548,10
773573,104
773601,129
773624,11
773655,23
773687,7
773706,6
773735,6
773762,5
773786,85
773812,6
773834,14
773866,11
773894,7
773930,6
773954,5
773972,23
773999,9
774019,8
774041,26
774072,6
774098,17
774118,8
774134,13
774162,45
774189,5
774211,22
774237,13
774261,5
774290,11
774316,5
774349,5
774372,9
774402,43
774430,5
774456,7
774488,17
774512,5
774541,16
774563,72
774589,22
774619,25
774642,5
774678,19
774701,10
774731,14
774762,7
774775,11
774808,17
774835,13
774863,13
774884,15
774906,644
774935,6
774953,5
774984,69
775005,5
775034,17
775064,5
775092,5
775127,8
775154,135
775185,12
775210,11
775240,7
775263,10
775282,96
775315,8
775337,6
775366,5
775392,5
775420,7
775440,9
775463,5
775492,44
775513,7
775541,73
775562,58
775595,42
775617,5
775641,11
775670,7
775688,5
775711,9
775732,9
775754,7
775773,6
775799,9
775825,7
775846,5
775867,5
775891,12
775912,5
775938,5
775964,8
775984,12
776006,5
776027,33
776057,11
776081,6
776100,6
776118,31
776147,9
776168,14
776200,7
776222,8
776257,15
776286,5
776307,40
776337,9
776367,13
776386,9
776410,6
776434,11
776451,6
776474,6
776499,6
776521,9
776539,74
776563,35
776586,7
776615,5
776638,6
776667,11
776701,57
776728,6
776747,12
776773,10
776796,5
776820,6
776850,54
776873,22
776905,13
776928,5
776961,5
776990,7
777009,23
777023,14
777053,5
777087,27
777104,12
777129,23
777154,6
777176,17
777204,7
777230,10
777264,113
777290,11
777317,6
777344,5
777373,9
777396,15
777421,8
777454,9
777487,10
777510,12
777536,6
777563,17
777589,9
777614,53
777631,5
777651,5
777686,12
777710,45
777735,20
777754,6
777782,5
777817,5
777848,27
777868,13
777897,8
777921,5
777947,12
777980,17
778008,5
778041,9
778059,6
778087,13
778121,7
778150,5
778177,33
778210,45
778242,6
778273,32
778300,50
778320,12
778348,9
778376,6
778400,6
778427,10
778452,9
778482,24
778503,80
778526,6
778546,17
778570,7
778596,5
778623,6
778652,5
778683,5
778709,91
778735,8
778769,5
778797,7
778827,5
778856,5
778884,8
778912,6
778945,5
778965,10
778993,5
779013,5
779036,14
779072,62
779100,5
779121,13
779141,6
779162,232
779183,6
779210,6
779223,13
779256,6
779278,16
779291,53
779317,8
779349,9
779374,5
779393,20
779421,5
779444,7
779469,6
779489,19
779513,5
779539,11
779554,24
779573,9
779603,8
779633,9
779656,6
779688,5
779727,5
779752,37
779789,57
779815,5
779837,19
779869,5
779898,20
779923,6
779947,18
779972,20
779993,28
780019,15
780046,5
780072,9
780095,13
780122,6
780150,12
780175,5
780204,8
780227,5
780256,7
780278,22
780305,6
780328,5
780359,5
780384,18
780405,9
780432,5
780459,62
780486,42
780508,10
780537,9
780555,15
780583,16
780608,8
780628,12
780654,5
780682,11
780702,12
780729,7
780755,53
780786,19
780806,5
780824,5
780851,6
780873,7
780900,10
780932,12
780963,5
780991,50
781020,20
781046,35
781077,5
781098,5
781125,8
781151,9
781183,9
781212,6
781231,5
781247,10
781272,12
781300,9
781320,6
781342,10
781373,5
781395,8
781417,49
781438,21
781464,6
781491,5
781516,10
781540,66
781570,11
781590,5
781619,7
781645,5
781675,8
781693,11
781713,12
781742,10
781767,10
781788,15
781808,6
781830,10
781853,5
781880,11
781914,5
781950,10
781973,9
782003,5
782023,6
782054,15
782077,5
782099,30
782128,18
782160,33
782186,6
782213,10
782242,9
782267,17
782288,5
782312,12
782349,5
782370,5
782389,7
782416,19
782442,6
782465,6
782488,8
782521,22
782546,5
782578,12
782605,8
782625,8
782646,5
782665,34
782683,80
782710,8
782733,7
782766,6
782792,6
782821,31
782852,7
782880,5
782905,11
782921,8
782946,5
782971,12
782994,5
783018,2191
783036,7
783058,6
783092,5
783123,8
783146,5
783163,6
783187,78
783215,6
783240,345
783271,13
783299,6
783323,35
783354,14
783377,6
783402,6
783425,5
783450,72
783487,5
783523,7
783550,10
783585,14
783619,5
783645,37
783667,24
783701,6
783721,5
783741,12
783766,5
783794,5
783821,8
783849,9
783874,5
783900,5
783936,11
783967,7
783997,23
784026,9
784051,6
784079,11
784112,8
784134,10
784167,10
784198,8
784225,89
784250,7
784286,6
784309,6
784332,6
784356,6
784381,9
784413,5
784444,480
784462,10
784486,37
784512,5
784531,7
784556,5
784581,7
784608,11
784637,8
784665,7
784691,8
784719,44
784749,186
784769,14
784798,29
784822,10
784847,42
784875,22
784907,5
784933,12
784946,6
784969,10
784992,35
785013,9
785045,20
785076,7
785095,53
785121,9
785143,7
785171,14
785198,76
785223,9
785242,7
785269,5
785291,15
785314,66
785336,8
785362,8
785396,5
785420,10
785442,30
785468,15
785503,8
785523,7
785548,7
785572,5
785595,5
785621,6
785646,5
785673,8
785692,13
785718,11
785739,10
785766,15
785788,12
785808,5
785839,10
785878,12
785903,516
785934,5
785964,11
786003,5
786030,21
786063,9
786091,5
786111,629
786131,20
786155,9
786178,5
786202,6
786232,25
786261,5
786290,8
786315,18
786339,15
786366,17
786392,8
786415,8
786436,26
786466,17
786500,10
786525,14
786546,40
786569,10
786595,14
786621,6
786656,12
786674,5
786702,6
786731,5
786757,8
786786,65
786801,8
786833,8
786862,9
786888,12
786913,27
786945,7
786973,7
787002,10
787017,5
787037,49
787063,5
787098,10
787127,7
787157,713
787176,5
787197,7
787229,16
787256,5
787280,7
787308,10
787330,6
787353,6
787379,16
787397,5
787417,11
787449,13
787477,7
787499,8
787532,6
787547,6
787568,5
787594,5
787615,5
787631,6
787653,28
787673,23
787702,6
787724,10
787749,34
787778,5
787795,19
787827,40
787851,5
787877,41
787904,6
787930,21
787961,17
787986,5
788017,13
788045,10
788070,9
788094,8
788121,7
788143,6
788175,11
788202,7
788222,14
788257,5
788283,29
788320,9
788338,33
788367,5
788397,5
788429,6
788450,8
788470,9
788492,7
788522,15
788550,45
788570,11
788596,5
788623,16
788641,7
788665,50
788698,26
788726,5
788756,144
788780,13
788808,11
788837,5
788871,20
788883,5
788911,5
788933,7
788965,17
788995,20
789025,9
789058,15
789085,5
789113,7
789142,5
789161,6
789183,5
789214,12
789251,6
789274,7
789301,5
789326,8
789354,21
789378,92
789410,10
789437,10
789465,13
789489,5
789506,8
789535,10
789553,5
789572,29
789592,12
789623,10
789649,5
789680,11
789702,6
789724,111
789750,28
789783,9
789805,6
789828,5
789858,7
789886,15
789909,50
789930,11
789954,7
789976,5
790004,7
790026,12
790053,5
790077,10
790104,5
790128,14
790160,10
790184,49
790217,5
790243,13
790275,39
790306,6
790338,5
790364,10
790389,5
790415,6
790439,24
790463,10
790487,10
790520,8
790536,9
790566,13
790588,7
790615,5
790642,7
790668,5
790696,50
790727,25
790756,20
790783,11
790805,7
790827,1669
790848,6
790866,10
790893,8
790920,22
790950,9
790967,28
790992,10
791017,6
791039,9
791061,7
791088,28
791110,9
791137,5
791167,6
791190,5
791217,16
791247,10
791272,5
791300,11
791326,7
791351,5
791379,5
791396,10
791429,7
791453,10
791478,6
791510,26
791531,18
791561,10
791583,15
791600,7
791616,15
791646,5
791669,39
791691,8
791721,11
791750,5
791778,52
791804,5
791834,5
791856,6
791882,17
791902,5
791931,12
791961,18
791981,11
792004,8
792031,120
792057,11
792091,5
792116,11
792147,15
792174,6
792197,12
792220,383
792241,44
792263,6
792293,12
792315,14
792339,7
792361,5
792399,6
792422,10
792447,44
792481,6
792509,5
792538,36
792565,15
792600,53
792620,5
792641,10
792660,7
792682,5
792699,5
792726,17
792751,12
792780,7
792818,9
792845,7
792874,5
792903,5
792923,13
792944,21
792966,30
792992,92
793026,12
793058,37
793082,5
793106,6
793127,18
793155,5
793176,7
793196,26
793220,15
793245,21
793274,9
793297,7
793328,17
793345,6
793370,8
793390,24
793422,34
793452,9
793483,30
793500,5
793524,5
793547,7
793566,15
793590,7
793608,6
793637,12
793670,11
793689,8
793714,8
793748,27
793781,45
793800,8
793824,9
793841,11
793862,31
793881,37
793910,21
793936,190
793964,5
793991,7
794009,6
794046,47
794079,5
794115,10
794135,26
794168,16
794190,61
794222,7
794239,6
794269,6
794294,5
794318,9
794352,9
794378,8
794393,11
794412,21
794439,10
794471,93
794495,29
794520,11
794548,6
794564,6
794579,14
794603,9
794619,6
794649,12
794671,6
794692,6
794718,5
794743,6
794764,6
794789,6
794819,5
794847,5
794873,6
794893,28
794923,17
794952,12
794976,13
795006,6
795043,134
795070,14
795097,5
795120,9
795151,8
795173,10
795195,31
795226,5
795248,32
795276,20
795310,5
795343,11
795367,8
795401,11
795427,5
795449,7
795473,10
795485,13
795515,5
795546,10
795578,8
795611,29
795635,5
795665,6
795692,10
795714,6
795739,5
795762,14
795789,8
795811,7
795835,19
795864,7
795889,18
795912,65
795941,12
795961,17
795981,5
796000,7
796023,50
796057,10
796086,16
796112,1826
796132,6
796151,5
796170,14
796193,11
796222,5
796244,7
796278,5
796316,60
796345,217
796372,9
796387,5
796412,6
796437,10
796462,14
796490,24
796521,16
796549,5
796574,9
796594,76
796616,9
796639,9
796671,15
796699,6
796721,8
796746,24
796769,383
796786,5
796813,6
796842,10
796868,12
796883,5
796918,9
796939,13
796966,12
796994,121
797015,10
797042,11
797067,5
797089,14
797118,9
797137,18
797158,20
797181,7
797203,6
797230,17
797270,28
797295,8
797322,6
797351,38
797372,5
797403,14
797426,11
797452,6
797474,5
797513,8
797541,6
797568,16
797596,8
797629,5
797652,5
797689,6
797711,29
797747,8
797772,6
797795,5
797824,15
797848,21
797876,11
797909,53
797931,8
797954,5
797982,7
798009,6
798038,6
798059,65
798085,7
798119,10
798160,18
798187,6
798220,48
798235,8
798255,11
798283,11
798308,26
798336,8
798357,6
798388,7
798414,5
798432,16
798461,6
798490,25
798521,6
798552,6
798578,10
798604,5
798628,7
798653,5
798685,5
798714,133
798743,9
798771,19
798794,8
798821,6
798844,5
798869,5
798892,5
798913,5
798938,8
798964,23
798992,6
799022,12
799050,5
799078,10
799105,9
799126,5
799163,7
799185,5
799215,8
799245,6
799272,8
799301,10
799333,10
799366,9
799392,10
799422,97
799452,7
799480,5
799505,5
799531,11
799564,61
799593,5
799615,11
799635,8
799666,9
799690,344
799712,6
799742,75
799766,5
799790,8
799807,6
799829,6
799853,9
799869,10
799898,24
799940,16
799961,6
799990,5
800012,6
800040,42
800064,5
800089,11
800124,31
800147,12
800166,6
800187,7
800215,7
800233,11
800265,12
800299,33
800328,17
800354,10
800388,7
800410,6
800443,7
800473,6
800500,41
800523,6
800549,13
800573,186
800595,11
800629,8
800664,5
800693,7
800721,6
800742,39
800776,5
800800,8
800831,104
800859,91
800883,7
800906,8
800934,36
800963,6
800994,19
801017,5
801049,8
801075,9
801101,9
801129,5
801158,5
801184,255
801206,5
801235,81
801261,9
801296,6
801324,6
801356,92
801381,10
801401,9
801419,7
801444,110
801470,8
801501,5
801537,5
801567,8
801596,6
801619,22
801649,24
801668,9
801690,5
801719,26
801744,8
801767,270
801795,88
801821,9
801844,8
801880,18
801900,11
801926,204
801940,6
801971,5
801998,12
802027,13
802047,9
802072,12
802096,5
802131,10
802165,13
802190,15
802218,7
802244,6
802275,6
802300,6
802325,9
802362,87
802382,5
802413,30
802445,15
802475,5
802501,7
802533,5
802561,50
802580,8
802604,5
802629,8
802656,6
802676,7
802701,6
802721,5
802742,25
802772,10
802794,5
802824,26
802850,6
802880,5
802910,8
802935,6
802954,5
802985,10
803004,7
803025,7
803054,13
803081,14
803115,36
803156,5
803179,8
803203,24
803233,5
803259,8
803287,8
803317,31
803337,31
803367,18
803391,5
803408,13
803436,6
803459,6
803486,19
803523,19
803548,13
803564,5
803587,10
803613,15
803628,5
803648,5
803668,5
803690,13
803714,7
803741,223
803766,7
803790,11
803804,9
803832,46
803854,7
803879,6
803906,15
803922,7
803948,12
803965,12
803988,10
804006,36
804034,16
804059,21
804078,5
804103,9
804127,11
804154,7
804180,7
804208,11
804228,7
804252,15
804283,31
804313,42
804339,8
804371,16
804398,15
804420,8
804437,50
804466,5
804494,9
804517,99
804536,5
804557,5
804582,15
804608,16
804628,6
804650,6
804670,18
804692,5
804715,5
804738,5
804761,6
804783,8
804808,8
804835,16
804864,19
804903,6
804922,7
804944,6
804978,6
805001,14
805024,8
805051,6
805076,7
805108,20
805138,6
805162,8
805186,9
805211,16
805243,25
805271,39
805296,34
805318,5
805348,10
805373,9
805396,7
805423,5
805450,17
805476,10
805512,19
805535,6
805555,5
805581,10
805605,9
805636,9
805658,8
805680,5
805710,5
805737,5
805765,22
805781,6
805805,14
805823,22
805850,5
805887,6
805914,16
805940,6
805964,11
805987,12
806012,91
806032,223
806062,9
806094,224
806108,11
806132,8
806155,5
806181,19
806205,44
806239,7
806260,10
806294,5
806325,17
806347,7
806375,6
806411,11
806433,7
806472,17
806501,6
806538,13
806568,8
806595,11
806621,6
806641,7
806686,18
806712,84
806732,10
806756,80
806779,9
806798,15
806828,8
806842,7
806868,51
806894,270
806934,50
806961,5
806986,6
807013,9
807039,5
807060,6
807086,9
807120,5
807142,9
807166,7
807190,7
807213,64
807241,7
807272,7
807295,6
807320,8
807354,10
807372,12
807389,5
807421,5
807447,5
807469,13
807493,7
807515,5
807537,6
807556,5
807581,10
807606,9
807627,5
807651,26
807670,5
807703,594
807732,12
807754,5
807778,6
807808,19
807829,6
807854,6
807885,5
807912,10
807945,7
807965,7
808001,28
808029,11
808059,18
808078,12
808098,5
808125,5
808150,9
808170,8
808201,276
808222,7
808249,99
808272,9
808299,5
808321,9
808348,7
808389,6
808417,138
808439,120
808458,6
808477,6
808497,5
808533,7
808560,7
808578,5
808603,9
808631,6
808652,11
808678,7
808706,7
808733,5
808758,34
808781,6
808816,12
808837,5
808863,126
808886,6
808910,20
808938,6
808966,13
808990,7
809014,7
809040,9
809076,13
809092,5
809121,11
809142,5
809169,5
809192,6
809209,10
809228,8
809257,6
809277,17
809312,6
809343,40
809368,6
809392,12
809415,5
809444,5
809473,5
809511,9
809538,12
809563,8
809598,5
809621,13
809640,6
809666,9
809685,7
809714,63
809737,8
809759,11
809784,5
809808,47
809826,5
809848,22
809874,5
809902,15
809936,8
809965,5
809992,5
810011,19
810034,14
810058,9
810081,36
810105,6
810124,5
810149,66
810175,10
810201,6
810221,12
810242,12
810271,5
810299,5
810333,5
810362,7
810387,17
810414,15
810434,5
810467,6
810495,31
810510,8
810537,7
810558,5
810585,6
810610,7
810635,7
810659,40
810690,12
810715,6
810735,20
810754,7
810781,5
810812,14
810846,18
810876,53
810901,37
810926,5
810951,5
810977,11
811000,6
811023,5
811059,13
811075,14
811097,19
811129,7
811158,9
811186,15
811201,5
811230,5
811263,5
811291,5
811327,8
811359,19
811393,10
811415,11
811438,9
811470,5
811493,8
811516,13
811546,9
811580,5
811609,5
811634,5
811655,6
811683,5
811707,8
811730,5
811758,22
811785,9
811812,5
811839,5
811860,22
811891,5
811914,47
811935,13
811958,8
811990,5
812024,7
812054,7
812073,23
812107,163
812130,5
812151,5
812172,15
812194,6
812224,30
812243,6
812272,6
812298,7
812317,15
812345,5
812372,13
812400,5
812411,9
812432,14
812459,6
812479,5
812515,5
812534,7
812570,13
812594,6
812617,19
812645,5
812666,45
812704,18
812732,5
812757,59
812781,6
812803,340
812831,6
812859,7
812883,5
812912,41
812936,15
812966,19
812996,8
813018,16
813044,5
813063,25
813089,5
813117,14
813148,8
813174,9
813203,17
813230,5
813252,10
813276,7
813304,44
813327,5
813349,8
813368,6
813401,12
813429,78
813455,27
813486,8
813509,5
813537,8
813553,5
813578,7
813604,7
813629,24
813650,167
813669,31
813698,16
813723,5
813756,18
813790,11
813810,14
813842,5
813861,5
813892,6
813918,13
813945,26
813972,12
813996,8
814023,21
814053,16
814069,6
814093,16
814111,13
814129,5
814148,11
814179,6
814204,6
814233,10
814257,5
814283,7
814318,5
814343,6
814365,6
814397,11
814423,7
814445,12
814470,7
814492,5
814510,5
814534,10
814567,38
814588,12
814614,8
814652,11
814683,12
814704,5
814723,6
814755,23
814770,5
814801,6
814825,18
814844,6
814866,12
814891,7
814917,15
814943,17
814963,25
814987,5
815012,7
815039,6
815063,14
815088,5
815112,13
815133,5
815154,7
815181,6
815204,57
815228,6
815260,5
815290,7
815327,45
815348,6
815377,10
815407,6
815439,45
815469,5
815489,9
815512,21
815544,11
815581,31
815617,5
815647,5
815679,5
815708,12
815733,137
815759,40
815784,9
815811,6
815840,21
815865,7
815896,21
815924,13
815955,5
815983,6
816001,8
816021,6
816045,20
816077,5
816100,81
816121,5
816147,12
816178,9
816196,5
816220,7
816237,5
816260,5
816282,13
816314,11
816346,28
816370,5
816385,5
816408,5
816437,10
816460,13
816488,5
816502,23
816524,59
816547,7
816571,5
816595,5
816625,5
816655,7
816677,17
816700,16
816731,8
816754,11
816787,7
816818,7
816851,116
816879,5
816901,20
816920,6
816940,18
816965,9
816989,38
817008,6
817028,8
817052,17
817072,5
817099,16
817124,10
817146,6
817175,9
817202,9
817217,5
817236,13
817268,6
817296,5
817327,7
817358,6
817387,9
817412,7
817447,7
817478,63
817501,7
817528,6
817551,7
817579,10
817602,12
817627,5
817665,6
817695,5
817724,14
817753,13
817777,13
817804,47
817841,7
817867,13
817887,17
817906,8
817934,5
817966,25
817991,6
818025,7
818049,5
818079,5
818092,5
818128,30
818152,6
818174,28
818200,10
818233,60
818267,5
818293,5
818319,13
818354,17
818379,36
818394,135
818420,10
818443,22
818477,14
818501,9
818524,12
818543,6
818566,10
818584,27
818621,13
818648,6
818671,10
818695,6
818717,14
818736,5
818765,36
818790,7
818809,8
818828,18
818851,68
818880,8
818901,8
818922,6
818943,8
818963,7
818984,461
819005,19
819025,5
819046,6
819072,7
819101,5
819127,6
819156,255
819182,11
819209,7
819227,6
819257,19
819289,13
819321,13
819344,10
819374,11
819403,9
819429,6
819462,36
819482,44
819510,8
819536,9
819560,22
819591,19
819616,7
819646,5
819674,8
819700,15
819724,28
819749,11
819779,5
819808,8
819834,5
819872,13
819903,7
819922,14
819960,9
819991,5
820014,5
820034,6
820057,6
820089,6
820121,5
820159,13
820184,6
820216,7
820244,5
820278,29
820301,8
820330,6
820349,98
820373,11
820397,12
820429,10
820454,18
820484,5
820507,5
820525,15
820546,14
820574,5
820601,10
820633,5
820655,16
820685,107
820715,9
820749,6
820782,9
820807,16
820830,6
820855,6
820883,9
820906,9
820927,6
820950,8
820978,7
821002,6
821026,120
821057,6
821078,8
821102,10
821122,5
821154,57
821175,9
821199,10
821219,6
821243,5
821269,8
821297,13
821316,5
821332,18
821361,11
821380,7
821410,5
821438,5
821465,5
821494,10
821517,6
821541,7
821574,6
821606,5
821633,28
821669,12
821688,24
821721,5
821742,6
821773,7
821797,7
821826,14
821852,31
821883,6
821914,8
821933,6
821960,6
821989,11
822013,8
822040,8
822073,5
822098,7
822120,5
822144,9
822170,5
822196,18
822223,18
822253,9
822285,6
822306,10
822334,6
822364,7
822382,10
822406,5
822436,24
822463,11
822495,6
822529,5
822548,35
822578,123
822607,32
822632,10
822660,10
822685,8
822712,6
822733,9
822754,5
822774,8
822806,17
822827,5
822852,5
822866,45
822890,14
822916,7
822950,5
822977,18
823000,6
823026,5
823051,54
823081,19
823106,6
823138,6
823153,5
823189,17
823206,5
823227,5
823246,24
823272,6
823290,5
823321,5
823345,11
823369,6
823398,9
823427,5
823453,27
823484,8
823507,5
823536,6
823551,5
823570,7
823586,7
823607,5
823631,51
823658,12
823682,16
823703,98
823725,6
823754,11
823789,7
823819,16
823843,6
823865,8
823882,6
823908,5
823945,12
823973,7
823998,18
824024,5
824047,5
824082,8
824115,7
824147,5
824173,9
824202,18
824231,31
824254,10
824290,9
824316,5
824347,725
824384,9
824414,13
824437,6
824469,27
824504,5
824531,7
824554,5
824578,46
824608,8
824641,10
824668,6
824690,7
824715,10
824737,6
824768,14
824804,14
824819,10
824847,5
824875,5
824909,8
824935,5
824957,7
824977,12
825001,6
825028,13
825050,7
825075,8
825107,5
825140,11
825173,20
825199,6
825220,5
825244,6
825265,10
825288,35
825315,8
825346,48
825360,10
825381,11
825409,10
825444,21
825476,5
825506,6
825525,5
825544,7
825565,5
825586,5
825615,7
825637,7
825666,8
825698,14
825717,22
825745,27
825765,7
825784,6
825804,5
825836,8
825860,9
825887,16
825910,7
825931,7
825955,12
825982,7
826010,10
826028,27
826061,9
826088,11
826111,21
826138,5
826161,15
826193,6
826214,6
826242,79
826271,16
826300,12
826324,1330
826346,11
826367,9
826396,6
826423,5
826452,13
826484,16
826502,5
826521,34
826540,5
826564,9
826589,9
826609,5
826635,6
826660,26
826684,15
826716,10
826739,12
826772,5
826793,5
826821,11
826846,7
826869,8
826891,63
826910,7
826937,6
826972,9
826992,37
827022,31
827045,5
827068,21
827090,8
827115,15
827138,5
827174,7
827200,9
827233,38
827258,7
827285,10
827309,13
827336,8
827363,5
827392,17
827429,5
827454,5
827478,6
827502,13
827533,6
827560,6
827580,51
827606,8
827637,6
827674,29
827698,19
827718,7
827740,6
827761,7
827784,15
827811,5
827837,5
827863,10
827890,6
827910,7
827927,11
827958,8
827983,36
828005,9
828022,7
828035,83
828066,6
828089,25
828117,5
828138,11
828158,11
828171,7
828198,7
828228,13
828251,5
828281,6
828310,9
828333,29
828354,20
828382,39
828419,8
828448,51
828472,20
828487,5
828507,5
828524,7
828553,13
828581,7
828602,7
828624,5
828660,7
828688,5
828718,10
828749,11
828780,24
828813,273
828843,21
828858,6
828889,14
828916,14
828929,5
828960,8
828981,5
829002,70
829029,18
829056,11
829092,8
829126,14
829147,50
829171,5
829193,12
829219,8
829243,9
829270,8
829287,5
829314,6
829343,6
829367,7
829401,148
829435,26
829453,269
829476,28
829509,11
829529,297
829549,21
829580,213
829612,5
829635,14
829660,11
829685,7
829706,6
829736,10
829756,5
829781,9
829798,5
829824,100
829853,5
829876,6
829898,7
829922,6
829952,7
829976,5
830002,7
830025,9
830052,50
830073,6
830098,5
830122,31
830141,11
830179,12
830211,7
830237,36
830258,21
830283,5
830305,6
830324,23
830346,10
830364,5
830391,41
830420,7
830434,6
830457,5
830480,5
830515,8
830538,10
830566,11
830589,6
830612,5
830648,203
830675,7
830703,8
830728,7
830754,6
830782,6
830813,5
830839,8
830859,13
830885,55
830912,21
830937,9
830972,7
831002,5
831026,6
831058,9
831091,12
831116,5
831141,8
831169,9
831193,9
831215,5
831248,10
831276,6
831306,6
831335,9
831356,5
831374,9
831402,5
831427,7
831461,21
831487,6
831508,7
831526,8
831543,18
831572,15
831602,5
831626,5
831649,11
831665,6
831685,276
831707,5
831733,5
831762,10
831802,23
831832,23
831862,6
831887,5
831919,14
831948,7
831990,5
832017,6
832052,6
832080,56
832105,9
832132,5
832155,9
832175,5
832194,26
832216,8
832234,8
832262,9
832289,12
832316,9
832343,33
832383,9
832404,7
832422,9
832442,11
832471,8
832496,46
832517,133
832544,6
832567,10
832593,17
832612,7
832624,32
832644,9
832666,32
832686,11
832714,6
832740,38
832768,41
832796,6
832821,41
832848,7
832874,5
832891,5
832913,190
832940,14
832957,5
832983,1470
833012,20
833040,5
833059,6
833085,7
833112,14
833143,123
833160,13
833180,6
833208,9
833236,12
833261,20
833282,5
833313,5
833339,29
833367,6
833392,25
833413,7
833437,16
833455,23
833476,13
833495,24
833517,5
833561,17
833590,7
833617,5
833640,6
833670,28
833699,24
833719,5
833741,8
833774,5
833800,13
833823,6
833856,9
833875,6
833908,61
833929,8
833963,11
833983,5
834010,53
834042,24
834068,39
834099,7
834118,5
834137,7
834166,10
834192,7
834216,5
834240,9
834267,9
834298,6
834322,5
834340,5
834368,6
834392,10
834421,9
834445,16
834467,7
834495,12
834525,6
834550,5
834578,9
834614,7
834633,8
834655,8
834681,8
834702,5
834727,5
834754,27
834778,7
834808,132
834838,7
834865,14
834893,12
834925,15
834952,38
834968,7
834994,8
835016,24
835036,199
835051,24
835074,43
835093,5
835115,6
835143,21
835171,6
835198,7
835224,11
835243,11
835270,69
835293,5
835325,37
835352,6
835384,6
835409,24
835436,14
835465,10
835491,840
835523,9
835553,7
835577,5
835596,13
835621,27
835641,47
835663,6
835686,6
835716,11
835746,33
835771,17
835795,10
835821,7
835841,23
835871,11
835897,8
835924,6
835960,38
835991,6
836018,5
836040,10
836067,6
836097,5
836121,8
836150,6
836178,5
836205,11
836232,6
836255,28
836283,5
836309,15
836331,5
836362,9
836386,10
836414,5
836427,15
836454,6
836485,8
836515,7
836544,8
836565,7
836596,17
836625,7
836644,6
836682,31
836706,14
836728,6
836756,5
836774,10
836797,12
836831,6
836853,6
836888,13
836915,7
836937,5
836962,5
836991,15
837020,5
837057,7
837076,6
837103,5
837126,71
837147,19
837176,9
837201,5
837226,5
837250,15
837278,8
837296,33
837321,6
837337,7
837371,7
837403,6
837427,10
837455,5
837481,10
837504,9
837533,12
837560,17
837591,5
837620,18
837648,10
837678,7
837702,10
837732,6
837759,7
837788,7
837806,5
837828,5
837841,19
837865,14
837901,13
837921,6
837941,5
837975,13
838001,7
838030,7
838055,6
838079,11
838100,6
838124,5
838148,5
838166,6
838191,19
838221,22
838253,12
838289,6
838327,5
838356,5
838376,6
838409,32
838432,17
838447,7
838476,19
838491,8
838519,78
838542,6
838576,8
838599,5
838627,11
838653,5
838672,5
838708,9
838736,7
838753,98
838794,13
838814,6
838840,14
838861,10
838887,5
838906,7
838930,11
838946,9
838977,6
839001,5
839025,7
839044,12
839066,5
839093,6
839117,27
839152,13
839174,7
839194,17
839218,6
839247,5
839267,5
839306,297
839338,15
839364,5
839388,5
839406,84
839436,56
839459,11
839474,70
839497,10
839522,24
839553,6
839575,91
839600,99
839629,30
839668,9
839695,5
839722,6
839751,6
839775,5
839794,9
839830,10
839858,16
839888,5
839917,20
839932,16
839955,11
839979,5
840003,6
840030,132
840052,44
840074,7
840104,9
840126,8
840151,23
840178,6
840202,12
840224,12
840250,6
840276,5
840305,6
840335,8
840354,6
840376,7
840395,71
840420,5
840446,10
840475,13
840508,13
840540,5
840565,7
840597,27
840618,5
840647,5
840668,9
840695,6
840721,22
840743,6
840773,6
840813,5
840841,5
840877,13
840897,13
840912,24
840935,7
840951,48
840974,8
841002,5
841042,6
841061,12
841087,7
841110,317
841133,5
841160,19
841185,5
841209,100
841233,9
841261,11
841283,5
841321,6
841340,99
841362,8
841392,5
841410,5
841444,5
841461,28
841488,24
841506,5
841526,7
841543,5
841573,25
841596,10
841622,5
841647,8
841675,6
841709,7
841738,11
841771,9
841792,46
841813,29
841844,8
841882,7
841911,5
841940,8
841956,5
841986,6
842009,5
842028,8
842053,13
842077,19
842105,6
842129,7
842151,5
842176,5
842203,17
842238,14
842257,5
842279,15
842304,7
842331,17
842351,11
842376,5
842412,9
842438,5
842464,6
842493,5
842521,6
842540,5
842559,5
842582,7
842612,5
842643,5
842668,5
842698,17
842729,7
842757,10
842787,6
842804,14
842826,5
842853,5
842881,17
842905,5
842934,12
842960,42
842980,6
843013,1487
843043,12
843073,7
843095,5
843117,14
843144,6
843171,7
843194,6
843222,5
843249,16
843276,9
843290,25
843315,6
843348,31
843376,14
843396,5
843423,49
843448,6
843464,5
843491,11
843517,11
843539,5
843561,9
843590,5
843605,12
843629,16
843657,13
843678,11
843698,7
843719,14
843751,22
843770,12
843793,9
843831,7
843858,12
843876,5
843898,6
843929,5
843954,17
843985,29
844013,24
844044,13
844070,43
844094,8
844117,6
844137,27
844161,11
844184,5
844204,6
844234,7
844265,9
844288,33
844319,5
844345,7
844368,9
844392,24
844421,6
844454,8
844481,150
844511,282
844535,18
844556,13
844580,8
844604,16
844632,13
844656,10
844677,23
844708,9
844731,24
844754,10
844771,8
844803,111
844829,37
844861,5
844882,41
844904,5
844929,8
844943,5
844965,18
844989,5
845012,7
845035,9
845064,9
845095,45
845114,24
845141,12
845168,5
845196,28
845221,18
845242,13
845272,12
845299,16
845327,6
845357,36
845374,9
845397,9
845425,6
845446,8
845472,6
845503,54
845531,81
845558,40
845588,7
845618,15
845647,7
845674,10
845693,16
845710,5
845744,9
845772,10
845807,15
845827,7
845857,13
845876,5
845903,5
845932,57
845962,170
845986,23
846015,15
846050,19
846076,12
846097,5
846135,13
846154,12
846178,11
846206,5
846238,10
846260,9
846284,17
846312,5
846332,7
846360,8
846385,10
846405,11
846431,8
846453,8
846474,9
846505,6
846524,7
846550,7
846568,23
846599,8
846629,8
846650,5
846682,8
846713,21
846739,7
846766,13
846790,7
846818,7
846842,7
846869,5
846893,23
846927,9
846952,14
846984,14
847008,14
847027,33
847056,18
847091,5
847118,13
847145,38
847183,5
847216,8
847242,7
847263,8
847284,5
847312,5
847341,5
847377,16
847403,17
847422,6
847440,5
847475,57
847501,10
847529,15
847550,12
847572,5
847595,5
847618,7
847638,5
847661,12
847692,6
847711,41
847742,14
847769,18
847797,50
847818,16
847844,5
847869,6
847900,7
847925,10
847952,10
847984,5
848006,495
848035,5
848063,23
848079,6
848108,17
848138,7
848169,52
848206,6
848233,11
848257,7
848281,8
848311,7
848338,6
848367,10
848390,5
848413,6
848441,8
848459,5
848495,6
848516,15
848540,7
848571,5
848596,24
848629,7
848666,14
848696,45
848725,12
848752,24
848778,20
848801,5
848819,5
848846,9
848866,6
848892,7
848918,7
848935,8
848957,9
848985,14
849009,30
849037,25
849054,6
849083,135
849115,14
849139,5
849158,11
849182,5
849205,65
849236,8
849256,5
849288,5
849308,8
849339,5
849368,5
849387,5
849414,25
849443,6
849470,9
849497,28
849530,5
849550,31
849576,15
849602,12
849628,10
849652,21
849674,16
849704,5
849731,10
849761,13
849783,5
849803,38
849828,5
849850,145
849876,5
849904,5
849929,8
849957,5
849982,6
850007,8
850027,5
850051,10
850074,17
850098,12
850124,13
850152,5
850184,34
850217,5
850239,11
850261,7
850285,6
850309,7
850339,64
850365,108
850384,5
850414,9
850441,7
850470,7
850496,7
850522,7
850552,5
850583,5
850611,7
850638,20
850667,29
850691,7
850721,6
850753,6
850777,7
850803,6
850829,5
850860,41
850883,11
850910,6
850947,11
850977,7
851001,30
851020,10
851044,20
851062,7
851093,5
851111,7
851129,10
851151,5
851174,20
851204,5
851224,6
851245,8
851274,6
851307,10
851328,5
851356,8
851390,19
851417,12
851449,7
851481,8
851506,5
851532,12
851561,6
851588,5
851613,5
851637,7
851668,173
851690,7
851714,9
851748,6
851765,16
851787,71
851815,34
851844,9
851868,34
851897,5
851919,5
851936,7
851953,6
851982,5
852004,7
852030,9
852064,37
852087,21
852115,6
852144,16
852167,17
852191,6
852219,6
852245,5
852266,5
852290,10
852315,5
852336,5
852367,5
852391,26
852421,6
852454,10
852477,6
852521,5
852540,8
852563,65
852591,26
852618,9
852634,16
852661,17
852685,6
852706,15
852739,12
852772,7
852791,17
852809,10
852835,6
852860,24
852895,10
852918,5
852940,6
852969,12
852995,5
853027,14
853051,5
853078,11
853105,5
853137,8
853166,6
853193,13
853213,28
853242,7
853277,5
853300,5
853328,5
853355,15
853383,16
853404,20
853422,6
853443,6
853468,13
853492,97
853515,11
853538,135
853570,10
853591,43
853610,6
853636,6
853664,6
853688,5
853715,6
853743,9
853771,13
853796,5
853817,41
853843,5
853875,32
853906,5
853929,7
853953,12
853978,7
854008,9
854035,6
854059,11
854081,21
854107,5
854147,7
854173,49
854194,5
854222,22
854255,12
854288,17
854316,14
854351,8
854369,33
854393,29
854424,5
854436,7
854458,8
854495,11
854528,7
854551,21
854576,8
854600,5
854635,6
854652,5
854683,25
854704,14
854738,13
854770,16
854801,7
854830,6
854856,184
854876,105
854903,10
854934,5
854960,5
854986,5
855002,18
855032,6
855066,36
855098,12
855120,7
855152,51
855173,7
855197,30
855220,5
855244,26
855264,8
855291,6
855319,11
855341,8
855372,5
855397,7
855419,14
855447,6
855471,6
855498,6
855529,7
855551,17
855585,5
855606,7
855630,9
855662,5
855684,25
855717,36
855743,5
855765,5
855794,38
855813,5
855834,6
855857,16
855878,153
855914,6
855936,5
855973,7
856001,5
856029,5
856055,6
856077,8
856105,7
856128,5
856141,5
856165,5
856186,5
856211,14
856230,11
856257,6
856275,40
856296,1246
856310,24
856335,7
856372,7
856393,11
856420,15
856454,7
856475,9
856503,18
856529,10
856555,14
856579,10
856607,5
856628,5
856645,5
856669,5
856690,10
856710,9
856736,42
856758,5
856787,18
856815,5
856850,9
856887,5
856914,30
856940,84
856972,7
856996,10
857022,7
857046,30
857073,7
857111,33
857143,10
857173,6
857191,24
857214,21
857253,12
857278,6
857300,5
857333,45
857356,6
857386,41
857415,7
857438,5
857459,7
857485,298
857506,15
857531,17
857564,10
857593,46
857621,5
857648,5
857667,54
857681,8
857700,5
857724,5
857754,8
857780,7
857804,20
857827,7
857857,9
857886,18
857911,22
857939,11
857968,7
857993,5
858017,10
858044,6
858068,35
858095,7
858131,6
858156,5
858183,6
858206,6
858222,18
858244,5
858268,5
858303,6
858326,6
858344,19
858371,11
858399,6
858441,5
858463,12
858484,12
858505,8
858532,6
858561,10
858589,14
858609,5
858640,43
858661,25
858685,5
858712,196
858741,5
858768,17
858794,7
858825,6
858856,7
858875,151
858897,8
858916,7
858948,5
858962,6
858989,9
859015,5
859043,6
859067,12
859091,5
859115,17
859149,5
859179,6
859207,5
859232,9
859262,6
859292,9
859318,6
859339,5
859366,14
859401,6
859426,45
859452,11
859470,20
859489,5
859523,7
859547,12
859573,5
859602,6
859622,41
859650,6
859675,18
859707,14
859735,5
859767,57
859799,7
859826,27
859845,6
859876,7
859907,9
859931,25
859958,5
859983,6
860000,14
860029,5
860057,11
860086,5
860109,7
860133,16
860156,7
860188,6
860211,9
860240,27
860263,8
860300,5
860328,6
860352,18
860370,10
860389,5
860421,6
860451,10
860475,10
860507,5
860540,8
860565,7
860596,37
860621,9
860646,9
860671,10
860690,5
860711,22
860733,71
860755,5
860778,15
860803,9
860829,5
860853,8
860886,20
860916,11
860946,17
860970,8
860997,28
861030,5
861061,10
861084,11
861110,8
861132,9
861165,8
861191,5
861206,5
861222,13
861254,14
861285,16
861304,6
861336,5
861355,5
861376,5
861409,10
861432,29
861454,19
861482,6
861510,5
861540,5
861561,5
861590,5
861614,5
861639,10
861673,6
861699,21
861715,6
861736,5
861760,11
861781,7
861810,5
861831,5
861855,13
861880,5
861898,10
861921,16
861953,14
861982,5
862012,8
862033,5
862059,8
862093,5
862124,7
862157,94
862191,6
862219,5
862249,27
862291,6
862310,27
862345,5
862368,7
862397,6
862417,7
862443,9
862470,10
862498,7
862515,34
862542,6
862571,7
862602,6
862632,40
862655,5
862689,13
862713,14
862738,28
862759,5
862780,14
862797,6
862823,16
862848,6
862876,8
862909,159
862938,10
862967,6
863007,8
863031,8
863051,6
863078,199
863108,7
863126,26
863147,5
863175,9
863190,23
863210,16
863235,18
863259,46
863293,5
863324,15
863345,123
863369,5
863393,9
863421,6
863436,7
863457,7
863484,6
863520,7
863539,6
863556,11
863578,7
863603,6
863629,10
863654,6
863676,74
863706,5
863736,10
863758,7
863779,14
863804,6
863827,27
863847,5
863871,5
863898,5
863923,6
863956,27
863976,9
863997,11
864023,8
864048,8
864074,8
864094,14
864115,13
864148,6
864167,10
864182,6
864206,5
864234,5
864266,5
864285,7
864315,11
864349,17
864372,12
864396,6
864414,56
864442,13
864467,7
864495,6
864523,6
864544,11
864572,9
864594,7
864620,5
864644,5
864669,5
864694,117
864720,5
864749,28
864771,64
864792,37
864815,6
864844,5
864868,9
864894,295
864937,6
864958,11
864978,26
864997,7
865014,9
865034,6
865061,12
865087,5
865113,14
865145,7
865165,8
865182,14
865213,5
865247,7
865279,10
865306,5
865333,6
865350,7
865378,5
865400,33
865431,21
865456,26
865484,7
865505,6
865534,31
865556,21
865588,6
865614,13
865644,5
865669,10
865690,80
865709,5
865744,321
865772,8
865792,6
865815,11
865842,5
865868,6
865898,32
865930,8
865956,5
865979,5
866006,5
866034,10
866054,9
866080,7
866107,6
866133,218
866170,6
866191,10
866209,38
866236,13
866265,11
866282,27
866306,10
866341,8
866363,7
866399,22
866426,45
866447,14
866473,5
866502,12
866532,5
866573,6
866612,7
866637,31
866653,17
866691,57
866719,13
866744,9
866762,6
866782,5
866806,5
866828,9
866858,151
866879,5
866900,8
866920,6
866949,45
866980,20
867006,17
867026,6
867057,7
867076,5
867100,6
867126,5
867157,7
867186,68
867206,10
867232,16
867262,159
867278,13
867308,5
867335,15
867356,5
867374,9
867406,5
867426,6
867452,9
867470,5
867491,7
867517,90
867548,10
867583,14
867611,8
867633,9
867651,8
867671,11
867703,9
867723,5
867744,6
867769,13
867802,14
867844,44
867874,12
867895,7
867927,6
867949,6
867976,9
867994,18
868021,7
868048,5
868077,58
868106,18
868135,6
868160,10
868193,8
868219,6
868248,9
868267,6
868299,8
868324,5
868353,5
868383,7
868410,30
868430,105
868445,5
868474,6
868508,11
868533,8
868562,13
868590,5
868621,5
868639,6
868664,5
868689,5
868712,5
868727,7
868758,8
868794,5
868825,9
868850,7
868868,5
868888,64
868913,6
868933,7
868961,8
868991,26
869015,5
869038,5
869066,117
869090,8
869112,5
869143,6
869164,9
869185,8
869208,7
869234,6
869262,5
869291,84
869320,47
869339,67
869361,10
869393,16
869421,5
869446,5
869475,7
869497,5
869523,34
869546,50
869573,23
869594,8
869629,7
869656,13
869678,5
869711,12
869738,10
869770,5
869807,13
869829,5
869862,6
869891,10
869920,15
869950,5
869970,8
869991,13
870033,8
870056,10
870087,7
870121,9
870141,5
870172,8
870197,8
870230,36
870255,5
870279,27
870313,13
870343,5
870368,5
870392,6
870423,8
870448,22
870464,11
870491,6
870522,8
870547,10
870570,5
870604,5
870625,15
870650,16
870669,10
870701,16
870732,10
870751,7
870784,8
870808,5
870833,5
870863,15
870890,18
870902,27
870930,5
870951,10
870982,7
871006,11
871030,27
871060,5
871086,17
871115,5
871134,6
871157,8
871184,6
871211,6
871234,10
871255,13
871285,9
871310,24
871337,13
871362,12
871398,7
871425,7
871454,15
871482,5
871511,6
871535,8
871562,6
871589,9
871611,11
871642,21
871660,10
871679,6
871701,308
871723,20
871748,6
871767,24
871794,5
871825,7
871842,5
871864,6
871883,24
871908,6
871932,5
871962,19
871989,5
872007,194
872040,5
872066,9
872095,5
872116,7
872134,6
872156,13
872192,5
872231,5
872260,5
872283,5
872311,7
872336,5
872358,6
872392,10
872421,322
872441,11
872465,5
872488,6
872514,13
872539,10
872573,22
872596,8
872621,20
872642,5
872675,12
872708,11
872733,7
872761,22
872785,5
872808,7
872826,560
872857,7
872880,6
872904,19
872931,8
872958,5
872988,15
873016,23
873037,8
873063,5
873099,26
873123,12
873145,5
873173,6
873205,10
873226,6
873254,14
873291,6
873312,5
873339,8
873367,10
873391,6
873410,24
873430,5
873452,5
873474,5
873498,7
873523,63
873551,9
873570,5
873599,5
873627,112
873655,163
873680,8
873707,8
873737,5
873769,5
873791,5
873827,5
873855,9
873877,5
873895,5
873915,21
873936,9
873958,60
873985,5
874007,50
874039,18
874065,38
874085,17
874110,7
874141,10
874165,7
874184,5
874205,7
874233,5
874257,23
874283,17
874312,15
874337,22
874366,5
874392,8
874417,16
874440,12
874463,33
874485,5
874515,12
874544,6
874570,5
874597,5
874621,63
874646,12
874677,5
874692,11
874717,6
874747,50
874768,6
874792,5
874818,7
874844,15
874865,5
874895,265
874918,8
874942,38
874968,5
874990,8
875011,5
875033,8
875057,6
875080,8
875104,8
875127,28
875157,17
875182,11
875206,5
875232,7
875263,13
875290,8
875314,8
875341,5
875359,5
875387,9
875410,11
875434,5
875462,6
875480,8
875502,5
875528,11
875549,6
875571,6
875589,12
875623,10
875647,8
875669,5
875692,6
875710,9
875738,5
875769,8
875805,5
875828,5
875847,34
875876,20
875902,6
875924,13
875954,9
875980,38
876005,15
876041,12
876078,36
876100,18
876127,5
876154,8
876185,10
876206,10
876228,8
876250,8
876282,28
876314,5
876346,5
876378,10
876405,7
876432,5
876463,9
876497,6
876516,9
876543,33
876569,8
876584,11
876608,6
876626,7
876652,6
876691,5
876721,9
876762,7
876783,6
876810,16
876831,5
876862,13
876896,30
876930,5
876953,14
876976,7
877000,5
877028,17
877057,5
877078,11
877095,5
877119,8
877149,6
877173,111
877192,9
877223,5
877246,10
877272,5
877290,9
877311,10
877337,10
877359,68
877382,6
877399,8
877422,117
877452,6
877471,5
877492,5
877528,8
877556,5773
877580,94
877601,14
877627,5
877653,7
877676,5
877703,7
877732,5
877751,8
877776,80
877802,7
877829,18
877855,120
877871,6
877907,11
877942,7
877968,7
877994,5
878018,7
878046,9
878061,11
878098,57
878124,16
878148,9
878176,28
878193,5
878218,8
878241,13
878272,5
878294,6
878313,7
878348,5
878375,10
878409,6
878437,5
878465,9
878485,10
878508,7
878525,6
878553,11
878581,16
878607,8
878632,7
878659,6
878686,6
878714,7
878743,36
878772,10
878801,26
878822,10
878847,14
878871,16
878897,7
878927,5
878953,30
878982,6
879008,7
879043,5
879075,19
879104,7
879138,5
879167,5
879188,25
879208,5
879239,10
879264,6
879283,6
879318,61
879347,9
879371,5
879391,39
879416,5
879451,24
879476,22
879503,5
879527,14
879560,5
879594,28
879621,10
879647,44
879668,5
879706,6
879735,9
879754,5
879791,9
879809,5
879834,43
879859,31
879887,7
879910,21
879934,19
879951,5
879979,8
880009,201
880036,6
880061,15
880086,6
880114,6
880138,6
880167,11
880203,14
880229,7
880252,5
880275,5
880301,8
880321,12
880340,19
880367,8
880393,5
880417,6
880443,7
880465,10
880493,5
880527,5
880559,5
880582,142
880608,6
880640,11
880675,5
880700,22
880731,6
880755,6
880781,20
880810,55
880829,7
880851,10
880876,16
880901,6
880931,17
880961,22
880978,20
881003,7
881029,5
881059,7
881085,20
881114,5
881141,8
881161,22
881187,37
881212,5
881240,6
881268,5
881296,7
881315,15
881346,17
881371,27
881401,5
881437,29
881461,405
881483,5
881506,7
881535,5
881558,25
881575,18
881602,21
881630,13
881654,16
881674,7
881696,5
881710,24
881735,9
881763,22
881792,8
881817,7
881850,5
881881,37
881918,9
881936,9
881955,62
881981,9
882020,231
882041,19
882071,6
882099,169
882132,11
882153,8
882185,29
882215,7
882240,14
882267,8
882288,7
882311,13
882334,9
882366,5
882393,6
882424,11
882452,6
882483,5
882506,9
882536,9
882561,8
882587,6
882613,8
882643,6
882661,24
882684,5
882706,46
882735,8
882763,13
882799,6
882820,58
882843,6
882872,16
882908,6
882939,10
882972,9
883006,5
883024,6
883051,9
883087,8
883108,7
883132,22
883147,6
883170,15
883196,17
883223,6
883248,5
883279,16
883295,6
883323,9
883352,9
883379,5
883408,11
883434,8
883462,11
883488,5
883521,12
883549,5
883575,8
883596,5
883618,5
883651,5
883677,11
883699,29
883728,6
883757,82
883791,9
883819,5
883843,13
883872,6
883901,5
883931,5
883957,27
883979,11
884003,13
884035,14
884061,5
884083,18
884111,8
884131,7
884155,16
884177,7
884196,11
884227,6
884259,6
884290,19
884315,7
884341,6
884375,14
884391,9
884417,31
884442,15
884468,7
884497,32
884523,6
884539,23
884562,8
884585,108
884613,6
884628,11
884649,8
884676,10
884695,22
884722,244
884744,8
884766,119
884794,13
884826,6
884850,6
884868,5
884884,6
884908,12
884941,41
884965,12
884989,9
885015,12
885047,8
885078,10
885111,60
885145,6
885165,5
885197,6
885226,5
885256,6
885279,8
885302,5
885321,5
885345,5
885377,12
885405,5
885446,5
885470,8
885509,5
885533,54
885557,34
885582,6
885612,18
885641,5
885672,906
885698,11
885726,6
885748,13
885765,9
885798,26
885828,6
885853,5
885874,55
885892,9
885913,5
885939,8
885962,5
885984,5
886000,16
886016,22
886043,10
886067,8
886093,8
886119,7
886151,8
886171,48
886201,8
886227,12
886252,5
886283,11
886301,5
886332,5
886360,5
886380,66
886414,5
886440,5
886463,32
886494,5
886517,9
886539,50
886561,5
886592,6
886611,5
886630,7
886662,21
886688,42
886702,8
886733,8
886750,11
886778,9
886808,7
886829,13
886850,8
886870,5
886883,5
886912,5
886932,24
886960,8
886987,9
887008,10
887045,6
887085,5
887113,5
887141,6
887168,5
887192,5
887226,6
887254,21
887274,9
887293,7
887327,6
887348,12
887377,7
887402,16
887430,18
887458,14
887477,6
887494,11765
887525,17
887554,8
887588,5
887614,6
887641,13
887663,29
887691,5
887718,6
887738,5
887768,7
887785,5
887811,18
887843,100
887873,15
887902,25
887939,33
887960,9
887984,7
888008,7
888033,5
888061,17
888086,6
888112,62
888146,9
888168,11
888191,5
888212,10
888232,6
888260,12
888285,13
888316,7
888340,7
888365,31
888383,5
888417,38
888448,9
888476,9
888508,30
888537,7
888557,5
888575,5
888597,16
888627,14
888654,10
888678,5
888701,17
888724,6
888749,7
888772,31
888804,7
888830,5
888863,7
888886,5
888911,5
888949,8
888973,53
888999,12
889018,6
889038,5
889068,315
889087,5
889117,27
889146,5
889171,5
889194,16
889221,5
889251,51
889274,23
889298,34
889323,8
889352,10
889369,25
889394,8
889423,5
889450,6
889477,13
889503,13
889530,5
889557,19
889576,10
889593,12
889623,12
889647,6
889672,18
889706,14
889731,8
889757,56
889779,15
889803,5
889833,6
889858,11
889884,55
889930,9
889964,11
889989,10
890007,9
890023,8
890049,9
890075,5
890101,6
890123,6
890144,6
890181,17
890207,5
890238,29
890262,5
890279,7
890308,847
890332,8
890363,8
890381,11
890404,48
890436,13
890468,6
890498,5
890530,7
890545,7
890580,15
890608,73
890628,10
890670,13
890694,17
890722,5
890743,8
890771,8
890798,5
890825,5
890847,5
890869,12
890897,8
890925,9
890947,10
890973,5
890998,8
891009,9
891032,11
891061,14
891093,6
891112,62
891137,7
891163,8
891181,42
891205,5
891231,185
891258,20
891286,5
891318,8
891358,125
891383,15
891410,9
891429,5
891460,13
891484,8
891508,34
891538,22
891570,5
891599,5
891620,5
891661,6
891688,8
891717,6
891743,9
891768,5
891794,15
891816,13
891845,5
891867,8
891897,11
891924,5
891947,124
891985,13
892015,7
892045,5
892066,11
892100,10
892119,30
892143,25
892167,8
892205,5
892231,7
892265,39
892297,10
892326,158
892354,115
892384,5
892415,7
892439,15
892469,9
892490,6
892521,23
892540,7
892564,9
892596,17
892618,6
892650,5
892674,25
892706,26
892729,8
892755,5
892780,7
892811,12
892842,10
892871,12
892901,5
892938,10
892964,36
892987,7
893013,8
893036,8
893068,58
893101,10
893129,5
893147,7
893171,11
893194,5
893212,5
893238,15
893266,6
893299,8
893319,9
893342,15
893374,13
893391,5
893416,47
893447,56
893468,6
893505,8
893531,7
893556,8
893578,6
893607,10
893633,7
893657,5
893694,13
893712,5
893733,8
893762,10
893792,19
893820,595
893840,67
893870,7
893901,5
893939,54
893973,20
894002,10
894028,28
894047,11
894078,21
894108,10
894136,7
894160,5
894181,75
894213,10
894233,6
894263,7
894294,11
894315,5
894344,6
894366,18
894392,9
894418,5
894453,5
894474,32
894496,8
894525,6
894548,6
894566,18
894583,5
894601,5
894627,15
894656,7
894685,5
894713,6
894738,5
894767,9
894795,63
894819,5
894844,9
894884,6
894917,7
894936,6
894963,16
894980,9
895015,27
895038,8
895065,13
895087,10
895109,73
895137,20
895168,12
895189,5
895218,33
895246,48
895271,5
895293,16
895323,17
895347,6
895380,236
895402,7
895429,6
895445,27
895463,5
895494,6
895517,190
895542,20
895571,23
895606,5
895636,40
895661,8
895686,6
895714,11
895737,6
895755,16
895783,9
895807,5
895833,47
895861,9
895884,14
895911,5
895938,6
895963,5
895983,14
896019,29
896043,8
896070,5
896100,7
896136,12
896162,12
896194,7
896210,16
896234,5
896258,5
896284,5
896300,107
896326,10
896358,86
896385,6
896410,5
896440,6
896466,16
896491,26
896510,24
896541,201
896562,13
896584,21
896618,46
896643,6
896669,8
896693,5
896716,5
896743,5
896763,5
896791,5
896814,13
896838,8
896864,5
896892,56
896908,7
896936,22
896961,5
896997,84
897025,6
897049,37
897075,5
897101,13
897129,7
897158,42
897186,6
897216,8
897247,5
897276,6
897303,8
897332,5
897361,5
897389,28
897420,9
897443,44
897477,5
897503,6
897532,49
897558,8
897585,5
897609,10
897635,107
897671,6
897699,19
897724,11
897750,6
897784,10
897812,27
897849,16
897874,5
897916,5
897944,5
897964,34
897998,8
898019,10
898043,5
898066,5
898096,7
898124,9
898146,7
898172,7
898203,8
898226,53
898256,17
898281,7
898313,5
898342,19
898373,7
898401,22
898427,11
898453,25
898478,7
898503,30
898525,30
898548,5
898572,8
898597,13
898619,10
898631,5
898657,5
898686,6
898711,8
898732,8
898761,7
898777,6
898805,8
898829,8
898863,6
898888,7
898915,5
898937,25
898962,35
898990,10
899014,11
899036,56
899068,7
899096,5
899121,5
899146,54
899165,19
899196,12
899223,6
899250,36
899276,6
899306,12
899328,23
899355,6
899383,8
899414,6
899446,19
899471,6
899495,6
899532,5
899561,32
899591,5
899616,5
899643,5
899671,59
899697,6
899729,6
899753,16
899780,8
899802,5
899835,9
899869,9
899895,7
899922,5
899943,5
899970,6
899992,8
900020,128
900048,6
900079,16
900104,14
900131,5
900166,8
900193,5
900224,15
900249,17
900266,6
900289,1730
900313,8
900337,49
900366,15
900385,6
900405,15
900434,5
900457,5
900478,9
900497,8
900516,14
900546,5
900575,9
900601,36
900633,13
900654,15
900680,8
900700,8
900730,18
900757,5
900789,6
900816,10
900854,5
900883,21
900906,7
900928,34
900960,6
900987,5
901017,5
901048,30
901071,12
901093,9
901114,7
901141,5
901163,6
901189,55
901215,10
901235,5
901265,10
901291,33
901316,16
901345,8
901366,94
901399,5
901425,7
901449,7
901475,47
901494,6
901519,16
901548,24
901572,8
901599,8
901632,12
901655,6
901676,5
901705,7
901728,6
901753,6
901776,29
901809,5
901835,5
901873,13
901901,50
901928,5
901945,16
901965,5
901987,6
902016,15
902044,14
902074,7
902105,18
902128,9
902154,5
902175,43
902202,9
902222,7
902251,5
902272,7
902306,27
902329,7
902352,6
902381,6
902401,8
902426,7
902457,8
902499,5
902525,10
902548,6
902573,66
902603,26
902636,10
902657,6
902683,6
902712,5
902745,11
902768,5
902784,6
902808,5
902841,12
902865,7
902888,9
902918,9
902947,10
902966,12
902986,5
903014,6
903033,5
903060,6
903082,170
903110,12
903134,8
903155,20
903181,42
903218,6
903246,10
903282,16
903311,17
903331,15
903360,12
903391,12
903415,5
903437,5
903463,7
903489,6
903509,20
903530,5
903552,6
903574,9
903596,5
903631,5
903654,11
903674,6
903716,6
903734,7
903759,8
903787,12
903821,7
903843,6
903871,6
903905,6
903932,6
903953,5
903981,5
904006,35
904028,7
904049,7
904071,5
904102,6
904123,6
904147,19
904177,19
904208,23
904239,8
904273,6
904296,5
904322,7
904357,5
904387,5
904415,8
904442,6
904467,8
904496,8
904516,10
904546,61
904566,7
904602,9
904631,19
904665,28
904691,13
904714,13
904736,6
904756,10
904783,8
904805,12
904823,6
904849,5
904886,6
904910,9
904938,8
904965,14
904984,11
905006,11
905037,5
905069,11
905089,5
905109,6
905131,6
905168,5
905191,9
905215,8
905250,19
905276,8
905300,6
905322,8
905345,7
905370,6
905389,19
905414,326
905448,6
905474,5
905497,15
905521,5
905544,11
905566,5
905592,8
905614,81
905642,21
905663,13
905694,9
905725,8
905752,10
905783,5
905806,5
905829,15
905852,6
905882,7
905922,5
905941,16
905967,12
905995,17
906013,19
906047,5
906063,5
906085,9
906111,22
906138,5
906166,8
906202,10
906228,21
906249,157
906274,86
906300,6
906312,10
906339,17
906367,5
906403,6
906416,5
906434,6
906464,14
906489,6
906515,379
906537,12
906572,6
906586,11
906611,100
906641,14
906667,31
906685,8
906719,10
906758,14
906785,63
906821,6
906839,20
906865,11
906884,6
906915,5
906938,8
906962,7
906994,5
907026,9
907053,14
907073,16
907103,28
907133,5
907153,30
907178,149
907204,5
907222,69
907250,5
907286,5
907318,6
907339,8
907355,6
907379,14
907404,11
907431,7
907452,18
907482,6
907518,7
907554,5
907580,13
907614,85
907644,5
907673,5
907697,38
907719,8
907748,17
907783,14
907809,5
907830,8
907855,23
907888,5
907915,8
907951,8
907985,8
908006,254
908029,24
908059,5
908094,42
908120,5
908139,5
908168,8
908186,6
908207,11
908230,25
908253,5
908275,5
908296,10
908316,9
908338,12
908371,5
908394,89
908409,6
908435,5
908461,12
908489,6
908518,7
908548,10
908572,8
908590,26
908610,9
908642,7
908663,17
908686,13
908718,7
908739,7
908770,8
908797,237
908815,5
908841,18
908860,25
908894,6
908912,11
908929,24
908954,7
908981,5
909010,5
909036,7
909053,18
909084,19
909112,13
909139,6
909165,5
909200,20
909227,6
909252,34
909282,12
909299,5
909328,18
909361,49
909383,7
909406,6
909426,5
909460,6
909491,6
909518,5
909538,11
909564,6
909590,5
909617,41
909643,550
909667,5
909689,6
909719,6
909747,12
909769,5
909791,6
909823,11
909851,8
909879,8
909902,17
909923,6
909946,5
909974,5
910014,5
910042,5
910073,6
910101,7
910115,11
910138,5
910168,11
910195,27
910224,10
910238,5
910267,5
910300,7
910322,7
910347,8
910373,11
910403,5
910425,13
910449,30
910479,50
910513,21
910540,35
910567,8
910596,28
910620,113
910645,9
910677,25
910706,46
910735,24
910770,7
910795,63
910821,6
910849,5
910869,9
910899,63
910924,14
910951,22
910980,6
911013,43
911042,77
911076,7
911106,5
911126,16
911153,8
911180,7
911202,9
911230,10
911252,11
911271,7
911290,5
911317,7
911339,5
911374,5
911404,8
911431,5
911455,6
911486,6
911517,33
911544,6
911566,6
911590,7
911618,8
911645,5
911669,5
911695,702
911725,10
911751,8
911778,5
911805,6
911833,8
911857,8
911879,12
911905,12
911928,5
911959,9
911981,51
912007,11
912031,97
912055,7
912083,9
912106,5
912132,7
912157,5
912192,6
912208,26
912231,24
912261,37
912286,20
912319,5
912356,12
912384,12
912411,7
912437,6
912465,128
912495,63
912513,5
912536,58
912556,5
912578,6
912601,10
912633,8
912658,11
912679,7
912711,15
912735,5
912753,9
912770,16
912802,6
912827,37
912849,6
912873,11
912891,6
912915,6
912940,6
912965,10
912993,5
913016,24
913040,6
913068,6
913088,6
913119,7
913141,22
913178,6
913206,31
913232,6
913251,7
913279,5
913302,9
913324,79
913345,8
913375,5
913398,6
913419,16
913444,5
913475,28
913497,5
913524,27
913544,8
913572,9
913601,8
913626,9
913651,11
913672,5
913694,12
913719,80
913740,9
913765,13
913784,15
913815,5
913849,8
913873,5
913900,32
913930,5
913964,5
913987,5
914021,5
914045,12
914066,5
914090,5
914121,5
914146,6
914162,7
914194,9
914216,17
914243,43
914276,5
914307,8
914343,6
914370,21
914394,18
914408,83
914429,14
914452,15
914476,12
914499,9
914522,15
914551,10
914568,70
914596,36
914623,5
914648,5
914667,5
914692,11
914714,6
914735,5
914762,6
914791,10
914820,25
914847,6
914877,10
914897,50
914923,13
914945,11
914967,5
914994,5
915026,6
915057,5
915080,13
915112,93
915139,5
915175,6
915198,6
915223,10
915245,8
915264,13
915294,114
915320,8
915349,9
915375,7
915401,12
915430,8
915451,5
915469,7
915495,5
915520,7
915539,24
915574,10
915604,13
915628,7
915657,7
915696,6
915718,12
915741,14
915764,29
915796,9
915814,13
915838,6
915861,10
915894,25
915921,29
915947,10
915974,5
915998,43
916022,5
916048,6
916065,6
916092,10
916124,25
916149,259
916175,37
916201,5
916227,5
916252,5
916282,14
916317,5
916336,51
916363,49
916400,18
916433,66
916449,5
916480,6
916502,10
916525,56
916555,6
916569,5
916590,5
916615,6
916643,23
916667,7
916690,10
916718,9
916740,7
916769,6
916792,19
916823,13
916844,25
916865,5
916887,9
916910,5
916934,13
916952,7
916972,10
917003,12
917033,8
917058,5
917086,19
917107,8
917130,15
917152,34
917177,5
917200,7
917222,12
917254,6
917288,6
917318,5
917341,7
917362,9
917384,46
917401,15
917420,5
917441,12
917468,10
917489,6
917510,20
917535,25
917565,5
917580,5
917609,8
917638,5
917662,5
917679,33
917709,13
917727,6
917757,7
917781,5
917825,13
917856,6
917885,6
917914,8
917931,5
917949,7
917978,9
918003,5
918038,6
918065,5
918091,27
918119,6
918146,11
918176,21
918201,10
918228,7
918252,31
918271,46
918299,28
918318,6
918344,7
918378,35
918394,51
918431,74
918453,6
918483,5
918502,5
918534,22
918558,7
918585,10
918609,5
918635,18
918664,29
918698,7
918725,5
918743,16
918771,5
918800,6
918830,19
918850,5
918872,68
918890,305
918918,45
918945,10
918969,6
919001,5
919017,197
919035,22
919058,36
919086,10
919111,14
919135,12
919155,5
919189,6
919214,5
919236,173
919262,11
919290,5
919314,41
919338,6
919369,5
919399,15
919423,8
919444,7
919470,5
919487,6
919507,169
919527,5
919550,31
919582,12
919610,67
919638,5
919668,16
919693,20
919714,10
919743,33
919768,22
919793,8
919822,5
919841,6
919873,9
919900,9
919938,7
919968,5
919995,12
920014,13
920051,6
920073,17
920096,8
920118,6
920143,5
920169,6
920205,94
920228,22
920250,5
920282,28
920304,6
920324,53
920359,5
920382,6
920412,43
920434,7
920458,5
920490,5
920514,20
920541,5
920564,6
920586,47
920602,8
920632,6
920652,6
920677,42
920701,5
920719,49
920749,6
920776,9
920805,5
920830,40
920850,217
920876,26
920899,5
920921,6
920944,6
920962,12
920987,7
921031,7
921057,58
921082,6
921110,11
921142,36
921166,9
921197,5
921229,8
921252,12
921285,49
921309,29
921338,7
921367,7
921394,40
921420,20
921451,5
921486,62
921519,9
921553,5
921580,5
921608,5
921642,8
921674,5
921700,5
921726,7
921751,9
921772,10
921798,18
921825,10
921852,13
921880,6
921914,28
921940,22
921959,3787
921980,5
922021,5
922042,6
922068,6
922092,5
922118,5
922136,5
922171,6
922201,9
922232,95
922266,9
922292,39
922319,52
922348,176
922376,8
922400,187
922423,5
922449,7
922474,8
922503,5
922526,10
922557,6
922585,12
922609,6
922624,5
922644,5
922659,67
922678,72
922705,120
922734,135
922761,7
922783,5
922810,16
922836,5
922867,89
922899,5
922926,5
922956,6
922982,12
923007,10
923025,5
923048,21
923068,122
923089,5
923112,8
923143,38
923159,5
923186,5
923214,8
923244,5
923269,9
923297,10
923324,7
923357,16
923375,12
923402,5
923429,40
923458,15
923482,7
923504,6
923525,9
923551,5
923588,7
923613,5
923634,10
923660,38
923688,5
923714,5
923740,12
923763,21
923790,6
923819,102
923846,6
923870,13
923893,5
923913,5
923935,11
923960,15
923987,9
924016,6
924038,12
924064,16
924083,7
924108,6
924133,10
924159,6
924180,10
924198,7
924219,5
924240,6
924263,5
924280,13
924308,6
924327,7
924353,5
924374,5
924406,13
924425,7
924445,7
924465,6
924494,6
924513,6
924550,6
924571,9
924595,43
924624,8
924649,10
924675,9
924704,16
924735,12
924761,44
924791,23
924817,6
924838,10
924871,14
924891,12
924925,6
924950,6
924977,6
924998,5
925029,6
925074,11
925107,7
925125,8
925161,8
925188,5
925223,8
925249,6
925269,46
925296,6
925325,36
925350,9
925374,10
925400,10
925425,15
925450,10
925475,20
925495,38
925520,5
925538,17
925565,6
925589,13
925618,5
925639,17
925671,16
925692,19
925730,5
925757,6
925782,7
925811,47
925832,5
925863,11
925895,14
925928,18
925955,5
925982,8
926006,6
926028,8
926059,5
926087,13
926112,15
926148,6
926172,17
926196,5
926217,10
926232,6
926253,6
926280,6
926310,10
926334,15
926353,5
926378,5
926404,8
926419,13
926444,8
926468,7
926499,11
926520,5
926550,5
926572,6
926604,22
926622,5
926644,9
926667,19
926690,7
926710,12
926726,20
926740,5
926776,14
926810,14
926833,18
926862,13
926888,7
926917,6
926937,6
926967,8
926987,7
927018,6
927044,5
927072,12
927095,9
927122,5
927148,14
927174,10
927205,79
927234,7
927257,5
927289,16
927310,58
927329,5
927356,8
927384,29
927409,5
927439,8
927464,5
927492,7
927512,24
927536,6
927558,10
927593,7
927619,8
927640,15
927666,9
927686,14
927707,6
927733,5
927759,6
927781,91
927804,5
927837,8
927866,5
927884,17
927910,5
927940,5
927972,6
928008,7
928038,34
928063,7
928097,5
928119,6
928146,6
928173,6
928202,28
928229,5
928257,16
928285,16
928319,12
928350,14
928374,20
928403,6
928426,7
928458,5
928488,5
928508,28
928533,23
928561,8
928587,11
928618,7
928643,7
928663,5
928691,14
928708,6
928733,345
928758,5
928789,5
928815,10
928842,10
928873,9
928899,8
928932,16
928964,31
928997,6
929025,11
929061,8
929078,10
929103,46
929130,9
929153,6
929195,8
929230,19
929255,6
929275,9
929299,5
929328,9
929344,6
929362,5
929391,5
929412,115
929434,13
929460,6
929486,5
929511,5
929524,11
929554,22
929582,12
929606,5
929635,7
929660,11
929686,5
929716,6
929742,7
929767,11
929788,8
929813,21
929839,14
929869,13
929892,5
929916,5
929945,6
929972,8
929999,7
930019,7
930054,62
930084,5
930123,6
930150,18
930183,9
930202,49
930229,18
930258,45
930282,6
930314,10
930335,13
930370,16
930391,10
930416,10
930448,7
930477,9
930498,12
930531,57
930552,19
930577,14
930600,7
930627,11
930657,5
930685,9
930704,10
930729,20
930751,12
930777,5
930797,797
930832,27
930867,22
930898,5
930928,20
930945,6
930974,10
931000,9
931033,12
931058,5
931083,7
931116,5
931148,16
931175,6
931207,8
931235,5
931266,20
931287,43
931315,9
931344,6
931379,12
931406,5
931431,35
931460,5
931488,5
931521,17
931542,16
931574,7
931599,26
931618,9
931644,7
931670,5
931699,30
931725,9
931742,8
931774,13
931795,9
931818,5
931847,5
931879,9
931906,9
931926,13
931959,6
931984,25
932017,76
932041,9
932055,42
932082,19
932108,34
932131,6
932158,8
932181,41
932210,7
932236,6
932263,6
932282,5
932312,5
932343,5
932364,6
932382,6
932411,8
932434,5
932454,5
932468,12
932488,7
932511,16
932540,16
932569,6
932598,5
932617,6
932633,10
932651,6
932684,28
932708,11
932733,20
932757,5
932789,12
932812,7
932840,5
932862,18
932889,5
932913,7
932938,8
932959,5
932985,17
933009,9
933035,12
933062,6
933088,6
933112,6
933140,5
933174,6
933199,18
933226,9
933252,8
933272,73
933289,6
933316,6
933337,6
933364,5
933395,7
933428,6
933461,10
933491,6
933520,8
933545,6
933573,45
933593,11
933617,6
933639,7
933663,7
933683,8
933706,7
933727,7
933752,7
933774,5
933798,6
933834,6
933861,17
933890,8
933924,10
933957,8
933986,5
934011,8
934049,6
934082,7
934116,93
934144,68
934158,7
934196,9
934221,5
934251,8
934273,12
934300,24
934328,8
934348,10
934379,11
934402,30
934421,11
934457,5
934487,13
934515,5
934542,9
934566,5
934603,13
934629,6
934663,5
934682,8
934705,48
934732,8
934754,6
934782,7
934809,10
934834,5
934866,5
934892,7
934923,20
934954,34
934976,6
935002,6
935032,219
935059,8
935089,8
935123,31
935143,13
935166,10
935203,6
935231,8
935260,11
935286,60
935306,6
935333,12
935355,8
935389,6
935415,14
935438,9
935458,9
935484,6
935519,5
935538,5
935569,5
935597,5
935619,29
935643,9
935672,8
935688,8
935716,77
935737,7
935760,19
935793,20
935822,6
935848,15
935872,10
935894,5
935922,8
935947,12
935970,8
935989,5
936009,10
936038,16
936051,20
936087,8
936125,14
936159,5
936178,9
936205,12
936229,14
936251,6
936287,47
936309,5
936328,6
936355,12
936387,6
936415,17
936449,8
936476,6
936501,7
936522,7
936558,48
936584,6
936609,8
936639,11
936662,6
936683,14
936711,6
936738,9
936765,14
936791,6
936821,5
936852,10
936876,6
936896,7
936918,25
936941,47
936963,5
936984,5
937002,23
937029,8
937059,5
937087,393
937122,12
937146,5
937176,17
937205,23
937229,10
937253,6
937271,26
937295,7
937319,5
937344,7
937370,5
937395,18
937413,6
937430,5
937454,5
937474,17
937499,36
937521,11
937549,9
937571,350
937600,118
937626,14
937650,10
937672,5
937697,14
937718,10
937742,5
937766,9
937802,5
937823,13
937851,23
937875,15
937902,8
937933,7
937963,8
937991,8
938018,7
938038,11
938063,7
938093,6
938118,16
938154,6
938175,6
938207,8
938242,8
938264,5
938286,7
938309,8
938335,7
938355,15
938384,357
938402,6
938430,6
938459,5
938488,6
938518,5
938540,5
938568,6
938592,5
938619,7
938647,5
938676,7
938696,5
938720,6
938749,5
938774,7
938796,17
938825,25
938844,41
938870,5
938896,105
938919,6
938951,9
938972,5
938999,5
939019,20
939057,14
939081,5
939110,18
939135,6
939164,8
939199,14
939220,21
939241,15
939272,7
939293,5
939319,296
939352,9
939382,12
939418,13
939445,7
939479,8
939514,8
939548,7
939575,8
939598,13
939616,5
939646,14
939671,63
939699,12
939727,5
939743,40
939758,11
939793,33
939813,7
939848,12
939878,5
939902,6
939941,5
939958,121
939999,10
940024,5
940053,8
940079,15
940113,8
940141,18
940168,6
940193,15
940215,5
940231,96
940262,9
940296,11
940318,54
940337,5
940353,6
940380,13
940407,5
940432,13
940457,5
940473,6
940506,7
940531,5
940560,23
940585,6
940621,6
940639,5
940676,8
940696,5
940716,101
940742,6
940776,14
940810,9
940837,5
940863,5
940893,9
940917,35
940946,6
940973,17
940992,9
941015,12
941041,6
941064,19
941089,29
941108,11
941132,5
941163,5
941186,5
941211,5
941235,5
941263,6
941295,24
941322,21
941350,7
941372,10
941395,5
941423,8
941440,8
941472,6
941498,5
941528,7
941561,6
941584,68
941606,5
941630,5
941657,6
941679,13
941712,8
941739,6
941778,9
941809,15
941834,19
941857,5
941881,5
941904,11
941919,9
941939,6
941967,5
941999,7
942021,14
942048,11
942069,5
942089,6
942107,22
942134,11
942160,5
942190,58
942221,8
942256,6
942274,5
942299,11
942323,72
942343,7
942372,6
942406,29
942442,8
942470,5
942497,6
942518,5
942551,6
942579,6
942598,6
942627,5
942650,5
942676,8
942708,34
942744,6
942772,10
942790,12
942819,8
942841,7
942872,5
942900,22
942927,7
942953,5
942976,6
943005,36
943028,14
943050,14
943076,13
943100,5
943124,5
943161,5
943185,6
943203,8
943232,7
943252,8
943280,6
943305,7
943327,6
943357,5
943383,8
943406,8
943436,11
943460,56
943485,8
943516,13
943543,14
943559,14
943581,19
943609,7
943639,13
943663,85
943696,10
943729,5
943765,16
943795,7
943829,11
943856,10
943887,6
943905,8
943938,5
943966,5
943986,11
944013,8
944036,12
944051,12
944080,43
944110,8
944131,11
944158,12
944182,10
944203,11
944233,7
944250,5
944274,7
944291,6
944322,14
944345,23
944375,22
944401,7
944434,25
944461,6
944488,6
944518,43
944550,8
944587,15
944614,13
944632,6
944664,5
944694,7
944710,15
944739,18
944764,95
944785,8
944808,5
944828,5
944850,5
944872,13
944898,11
944919,6
944953,29
944980,7
945011,8
945041,7
945062,6
945089,5
945115,7
945130,6
945149,53
945171,23
945186,152
945210,26
945229,5
945251,6
945277,9
945303,18
945331,5
945355,9
945380,5
945400,8
945425,21
945451,9
945480,5
945498,6
945520,6
945538,14
945566,5
945583,11
945603,14
945625,9
945647,40
945679,8
945706,19
945730,6
945749,14
945787,11
945817,10
945851,77
945881,5
945908,5
945929,7
945957,5
945980,7
946010,11
946033,30
946057,12
946077,32
946099,11
946125,5
946149,5
946176,5
946212,5
946241,6
946264,25
946293,6
946329,7
946360,6
946382,16
946405,10
946428,5
946452,6
946479,26
946503,5
946527,27
946546,8
946572,9
946598,5
946624,5
946644,6
946673,5
946699,7
946727,5
946747,22
946773,10
946795,5
946821,24
946862,6
946884,7
946899,14
946918,5
946947,6
946977,5
947002,5
947025,5
947055,26
947082,5
947113,12
947135,7
947152,7
947181,8
947209,12
947239,43
947261,5
947286,47
947321,13
947341,9
947374,5
947405,6
947430,7
947457,5
947477,21
947503,37
947528,6
947549,7
947577,7
947599,18
947617,21
947634,9
947659,7
947686,12
947711,6
947733,9
947759,6
947784,7
947807,6
947821,20
947852,35
947877,9
947898,5
947930,7
947952,5
947975,13
948007,7
948027,35
948056,9
948087,14
948110,5
948139,6
948166,10
948187,15
948208,12
948237,7
948256,18
948278,6
948301,10
948333,6
948359,7
948386,19
948418,5
948456,5
948489,29
948517,9
948545,10
948567,6
948591,10
948619,10
948642,8
948663,5
948684,28
948706,7
948737,8
948763,152
948794,7
948817,6
948837,21
948852,6
948880,37
948900,10
948935,17
948960,22851
948984,6
949009,24
949039,7
949068,5
949098,18
949117,28
949141,10
949166,7
949190,5
949218,18
949250,11
949272,13
949299,5
949319,13
949348,20
949372,8
949397,6
949418,5
949443,28
949470,5
949497,11
949521,17
949547,15
949574,14
949599,6
949623,236
949641,5
949663,9
949696,8
949718,26
949742,10
949764,8
949785,7
949809,5
949832,14
949861,5
949885,5
949910,821
949938,11
949970,5
950000,6
950029,7
950056,5
950082,5
950104,23
950124,5
950151,23
950179,11
950205,5
950228,7
950257,12
950275,8
950310,13
950328,5
950348,5
950375,6
950397,5
950428,6
950455,7
950468,8
950499,6
950526,41
950557,6
950580,10
950603,5
950636,5
950666,6
950701,9
950726,9
950750,6
950773,6
950807,5
950842,29
950869,7
950888,51
950919,5
950953,12
950982,62
951008,127
951032,9
951063,5
951097,5
951124,5
951144,7
951171,5
951198,6
951224,36
951251,5
951275,8
951304,13
951333,5
951359,5
951383,9
951406,163
951428,11
951457,13
951479,13
951499,5
951515,6
951550,5
951572,142
951604,5
951631,10
951657,5
951683,5
951702,9
951736,25
951753,10
951777,5
951813,8
951841,7
951870,21
951899,6
951934,9
951957,583
951983,6
952009,5
952041,5
952068,19
952097,24
952121,8
952144,7
952170,36
952195,6
952219,8
952248,15
952280,6
952306,7
952334,11
952369,8
952398,5
952426,19
952445,5
952468,12
952497,726
952518,11
952537,8
952555,27
952588,20
952614,5
952641,19
952665,23
952688,97
952722,5
952755,6
952776,11
952805,20
952828,30
952858,8
952884,31
952911,5
952936,115
952975,16
953003,6
953024,12
953049,7
953070,5
953098,7
953117,5
953145,11
953170,11
953194,12
953221,11
953247,24
953262,27
953290,6
953315,5
953343,6
953361,15
953388,5
953414,8
953443,15
953472,5
953497,7
953524,7
953550,14
953578,11
953599,8
953618,5
953656,5
953677,16
953702,8
953726,8
953748,27
953782,5
953800,7
953821,5
953852,19
953873,10
953895,5
953921,5
953943,51
953968,12
954001,27
954029,4508
954061,16
954087,6
954120,6
954152,6
954176,5
954195,9
954219,7
954243,20
954284,9
954313,8
954334,5
954360,7
954379,34
954405,6
954424,8
954459,5
954489,7
954518,5
954547,16
954569,19
954583,6
954608,302
954637,7
954657,10
954680,10
954706,5
954734,5
954758,7
954786,9
954809,8
954836,15
954864,7
954894,5
954915,11
954938,5
954958,7
954988,12
955021,5
955046,7
955077,56
955113,5
955131,6
955156,5
955186,9
955210,11
955238,18
955264,5
955282,7
955303,7
955334,5
955368,7
955396,9
955418,229
955440,6
955470,154
955501,18
955520,5
955550,24
955573,101
955591,5
955623,11
955648,15
955673,10
955705,7
955723,6
955749,11
955778,8
955797,6
955827,9
955861,6
955891,28
955917,5
955949,53
955972,5
956002,5
956028,5
956048,8
956069,13
956096,6
956125,7
956149,24
956175,9
956191,7
956215,11
956245,33
956262,6
956293,5
956316,19
956342,5
956370,6
956395,6
956424,15
956449,8
956478,5
956503,5
956524,6
956543,6
956576,5
956599,8
956629,112
956666,6
956696,5
956725,7
956747,6
956767,5
956796,62
956821,6
956838,5
956860,6
956887,7
956919,5
956941,6
956960,6
956981,32
957007,5
957032,15
957053,7
957080,7
957101,8
957131,646
957156,6
957196,13
957226,34
957251,7
957276,5
957302,5
957322,32
957346,19
957366,5
957386,5
957413,5
957443,17
957465,5
957489,5
957512,5
957531,12
957562,7
957587,6
957612,7
957640,11
957663,9
957695,5
957723,11
957759,7
957786,10
957808,5
957827,5
957851,29
957878,5
957901,15
957928,9
957954,37
957977,66
958010,8
958029,6
958051,60
958077,11
958106,6
958130,8
958161,5
958185,6
958217,48
958240,8
958260,11
958290,24
958307,29
958337,5
958356,19
958382,6
958405,6
958432,7
958448,12
958465,13
958492,9
958515,6
958537,6
958562,5
958585,7
958613,105
958644,5
958658,14
958683,5
958709,6
958736,6
958768,34
958792,7
958820,12
958850,9
958876,19
958903,12
958929,7
958951,13
958978,7
959004,13
959044,117
959072,8
959106,8
959134,6
959161,107
959183,34
959210,39
959232,17
959255,8
959284,6
959304,8
959327,5
959357,10
959383,14
959410,6
959436,13
959462,5
959498,16
959523,5
959552,7
959573,9
959595,5
959630,5
959651,76
959679,88
959703,26
959725,7
959750,21
959780,20
959805,11
959830,5
959851,6
959881,6
959903,6
959932,10
959956,37
959981,8
960016,5
960036,6
960059,16
960089,62
960108,13
960131,8
960161,30
960184,5
960209,7
960241,8
960263,13
960293,5
960317,6
960343,6
960370,7
960401,5
960427,5
960452,5
960486,7
960510,5
960537,5
960561,10
960582,100
960608,12
960633,154
960663,9
960692,86
960716,7
960736,6
960765,32
960788,18
960820,13
960846,6
960867,15
960896,11
960921,5
960940,9
960974,6
960998,5
961024,5
961047,21
961073,5
961103,6
961125,7
961164,6
961199,8
961224,41
961244,5
961272,7
961302,8
961332,6
961353,8
961378,8
961412,9
961436,13
961466,5
961491,11
961521,5
961551,7
961568,5
961597,5
961623,78
961658,5
961684,13
961711,5
961742,5
961762,5
961784,8
961810,8
961831,10
961866,35
961894,22
961919,10
961946,5
961964,28
961989,10
962014,8
962034,5
962063,7
962093,5
962119,6
962146,19
962164,5
962187,16
962207,6
962232,5
962267,32
962289,5
962321,10
962346,5
962371,6
962395,9
962426,15
962451,9
962472,5
962499,11
962525,7
962554,108
962584,7
962609,8
962629,16
962657,10
962703,8
962737,6
962771,7
962794,5
962824,81
962852,5
962870,6
962900,30
962931,7
962962,14
962987,14
963022,24
963052,5
963081,5
963108,11
963139,6
963163,8
963187,5
963214,7
963243,10
963270,21
963297,20
963318,16
963347,17
963368,32
963394,5
963424,9
963455,9
963477,19
963504,14
963540,30
963568,9
963597,25
963627,186
963656,8
963684,7
963712,23
963733,16
963760,16
963787,9
963816,5
963842,7
963870,6
963897,17
963934,9
963968,101
963988,7
964014,8
964036,7
964058,5
964091,9
964123,17
964140,5
964169,6
964200,7
964228,12
964253,10
964283,52
964311,10
964340,7
964367,7
964392,5
964423,5
964447,5
964468,6
964503,8
964527,5
964545,6
964568,6
964595,6
964621,5
964651,8
964667,11
964695,6
964722,29
964747,174
964777,6
964806,5
964836,15
964872,10
964892,5
964923,17
964945,12
964972,5
965012,5
965039,10
965075,5
965107,5
965130,130
965153,7
965184,17
965211,6
965240,8
965265,33
965296,6
965317,6
965339,9
965367,5
965394,8
965427,5
965455,6
965473,152
965503,10
965530,6
965567,5
965588,12
965625,8
965649,5
965682,396
965717,7
965745,6
965772,27
965799,9
965826,6
965855,22
965891,6
965922,8
965940,8
965960,31
965987,8
966017,84
966037,172
966056,9
966078,9
966105,9
966135,5
966158,7
966183,5
966209,6
966230,5
966256,5
966275,31
966308,6
966331,11
966356,449
966389,13
966417,9
966439,19
966482,5
966509,7
966533,27
966558,66
966581,6
966617,16
966644,5
966679,8
966707,13
966725,12
966749,6
966781,10
966802,9
966829,7
966854,6
966876,5
966895,32
966912,5
966935,18
966960,24
966994,8
967026,8
967048,11
967077,6
967100,6
967127,13
967151,5
967177,5
967207,8
967245,5
967274,5
967301,11
967329,5
967361,5
967387,9
967408,6
967431,16
967461,7
967492,38
967514,53
967543,24
967577,6
967612,5
967635,15
967659,10
967693,5
967719,11
967746,5
967773,5
967801,5
967826,6
967850,8
967880,5
967914,7
967939,15
967963,28
967993,5
968019,10
968056,18
968080,6
968103,37
968130,6
968160,7
968182,8
968208,12
968231,23
968252,7
968281,5
968306,5
968333,6
968357,8
968383,13
968413,7
968440,15
968465,10
968500,6
968529,35
968552,5
968581,7
968601,5
968629,5
968651,16
968681,8
968713,5
968741,746
968769,25
968801,5
968830,72
968856,15
968881,5
968907,11
968940,15
968959,6
968979,6
969006,6
969039,12
969067,7
969097,8
969126,24
969145,8
969174,5
969199,6
969233,5
969267,7
969294,15
969331,9
969361,153
969384,5
969414,14
969433,9
969461,13
969490,7
969514,5
969544,8
969572,5
969597,7
969627,103
969651,16
969675,7
969690,77
969716,5
969736,19
969768,5
969792,61
969818,7
969837,16
969864,6
969895,13
969923,5
969937,12
969953,7
969977,31
970003,6
970031,6
970059,29
970090,5
970112,581
970139,14
970161,26
970196,6
970225,13
970254,9
970279,38
970305,6
970325,16
970347,16
970367,9
970399,19
970432,7
970455,13
970483,8
970502,8
970526,14
970555,5
970582,5
970613,15
970629,7
970660,14
970691,5
970713,5
970743,7
970762,8
970788,5
970813,9
970839,9
970870,5
970895,20
970915,9
970937,12
970965,6
970994,9
971025,9
971047,14
971078,5
971109,7
971135,5
971161,21
971194,9
971221,138
971242,15
971261,13
971290,34
971309,8
971326,11
971349,5
971372,5
971407,15
971431,5
971455,34
971497,7
971527,6
971550,6
971572,14
971594,8
971615,5
971641,46
971670,5
971685,6
971720,31
971747,10
971779,6
971812,17
971831,8
971855,7
971882,7
971909,7
971935,5
971969,11
972005,9
972034,68
972062,20
972090,6
972110,5
972131,29
972159,5
972189,80
972218,6
972248,6
972273,45
972307,8
972330,5
972360,6
972385,6
972408,11
972437,5
972469,5
972497,27
972513,5
972542,6
972570,14
972586,7
972614,6
972642,13
972672,5
972707,10
972738,5
972768,5
972790,10
972812,10
972839,22
972859,5
972884,6
972916,5
972942,5
972969,7
972995,19
973022,7
973046,9
973061,5
973083,51
973108,11
973129,11
973161,14
973176,5
973202,21
973228,15
973256,56
973283,7
973306,7
973328,6
973359,7
973389,5
973411,18
973444,5
973467,8
973487,5
973509,9
973534,34
973562,5
973584,11
973611,5
973636,8
973669,5
973699,17
973726,9
973760,8
973781,23
973811,5
973843,5
973876,98
973904,26
973938,9
973960,13
973983,5
973999,5
974017,12
974042,6
974072,15
974112,122
974149,14
974174,7
974187,6
974212,5
974239,5
974257,8
974280,5
974314,30
974337,51
974361,16
974387,5
974413,6
974428,11
974457,25
974481,8
974503,23
974530,7
974558,13
974584,19
974610,7
974634,6
974659,11
974683,6
974699,458
974724,5
974750,5
974764,30
974790,152
974808,5
974830,332
974854,5
974879,6
974904,22
974927,22
974957,24
974989,24
975011,5
975029,17
975050,12
975084,6
975113,8
975139,6
975161,38
975188,15
975218,7
975243,40
975261,6
975287,9
975315,5
975334,11
975360,5
975385,7
975418,10
975437,9
975458,25
975486,14
975510,6
975537,17
975563,5
975591,29
975620,11
975642,29
975674,6
975704,8
975731,27
975759,6
975798,90
975823,8
975843,7
975877,6
975900,7
975920,6
975945,12
975973,35
975994,12
976023,5
976052,9
976067,48
976089,144
976117,9
976140,9
976168,12
976198,5
976219,6
976244,23
976265,8
976291,10
976322,6
976335,19
976362,10
976391,12
976430,5
976454,7
976476,5
976510,6
976533,5
976564,10
976593,22
976619,10
976634,5
976665,16
976698,5
976716,5
976744,5
976772,17
976793,37
976821,6
976848,5
976878,39
976899,7
976923,10
976944,5
976974,7
976999,6
977030,16
977060,6
977092,8
977109,9
977135,21
977159,9
977186,6
977211,8
977242,5
977272,13
977307,13
977331,9
977355,10
977380,7
977399,7
977423,17
977442,7
977466,9
977493,5
977520,6
977541,9
977559,218
977578,7
977604,5
977627,8
977658,42
977678,39
977706,10
977735,13
977757,15
977775,8
977797,7
977824,6
977843,41
977865,13
977891,9
977915,6
977942,6
977969,7
977997,21
978027,9
978063,5
978094,5
978116,5
978145,6
978174,8
978195,10
978221,9
978252,5
978270,5
978289,9
978313,16
978343,16
978371,11
978397,152
978424,773
978454,5
978479,8
978520,5
978543,5
978561,5
978592,9
978615,5
978649,8
978677,7
978700,15
978722,13
978749,5
978771,9
978797,7
978814,8
978841,19
978866,80
978891,5
978912,7
978942,7
978963,5
978991,6
979011,11
979034,5
979055,13
979078,7
979102,13
979129,15
979154,9
979189,5
979214,5
979237,8
979267,11
979290,9
979317,33
979340,5
979356,7
979383,14
979413,55
979435,15
979462,5
979478,17
979494,5
979523,7
979562,19
979591,11
979627,8
979651,16
979675,98
979697,28
979726,59
979755,10
979788,12
979816,7
979845,114
979870,5
979905,77
979936,7
979962,6
979996,12
980019,6
980045,6
980074,75
980105,6
980130,5
980161,17
980186,6
980209,6
980237,13
980261,6
980289,6
980321,10
980343,20
980366,5
980379,7
980411,222
980438,2240
980471,10
980506,6
980533,7
980562,12
980581,5
980604,7
980631,5
980658,12
980684,5
980718,5
980751,15
980769,5
980790,5
980808,5
980829,9
980848,6
980875,20
980901,7
980917,8
980946,6
980968,21
980992,6
981020,9
981049,5
981076,90
981097,10
981116,7
981135,5
981161,14
981179,203
981199,42
981239,10
981269,11
981294,68
981319,5
981348,6
981375,21
981402,7
981440,8
981460,17
981481,5
981503,5
981536,11
981562,7
981578,6
981601,5
981626,11
981647,31
981670,7
981696,6
981722,8
981755,75
981779,9
981798,5
981817,8
981842,12
981870,6
981891,5
981919,112
981938,6
981961,5
981991,5
982027,5
982047,16
982074,33
982097,5
982119,18
982152,11
982181,25
982202,9
982229,10
982254,13
982279,5
982298,7
982314,7
982342,13
982377,62
982404,5
982425,5
982445,15
982470,5
982487,55
982519,6
982534,12
982570,13
982586,12
982606,5
982638,5
982665,8
982689,6
982716,82
982747,86
982773,6
982803,5
982820,7
982846,17
982868,39
982894,7
982917,14
982934,5
982959,7
982989,6
983012,18
983037,10
983062,6
983091,21
983121,5
983144,6
983167,8
983196,7
983228,55
983248,5
983279,9
983307,10
983329,7
983353,6
983375,9
983396,6
983426,6
983452,5
983486,5
983502,5
983523,10
983567,7
983597,13
983620,6
983652,6
983686,8
983707,30
983737,7
983770,75
983795,5
983821,88
983841,6
983871,9
983898,6
983924,42
983945,8
983968,7
983996,6
984026,5
984057,7
984078,8
984103,7
984130,14
984166,10
984188,12
984212,6
984235,5
984262,81
984295,9
984318,7
984349,46
984375,5
984408,39
984433,25
984457,7
984482,11
984505,24
984528,8
984551,6
984589,8
984605,6
984627,22
984651,5
984678,7
984705,5
984737,6
984769,9
984793,10
984818,10
984841,5
984859,6
984881,7
984908,7
984931,12
984957,11
984980,10
984996,6
985019,5
985043,15
985074,104
985097,7
985128,5
985149,8
985175,8
985202,8
985230,20
985251,5
985280,5
985303,5
985328,5
985358,5
985391,7
985414,23
985440,9
985464,6
985490,5
985515,6
985540,5
985570,5
985590,3403
985620,9
985647,10
985680,13
985706,5
985740,5
985760,39
985784,19
985810,5
985839,6
985862,5
985899,11
985921,5
985946,8
985967,31
985991,26
986019,41
986042,10
986065,13
986094,5
986124,6
986150,8
986178,7
986199,7
986229,26
986247,15
986269,5
986296,6
986321,9
986343,10
986366,14
986392,5
986411,14
986437,10
986462,14
986484,5
986509,7
986526,7
986544,7
986566,10
986590,5
986614,10
986648,17
986674,7
986699,14
986724,89
986748,5
986781,9
986810,11
986839,7
986872,6
986892,15
986925,28
986953,26
986991,6
987015,13
987038,31
987069,5
987091,5
987116,482
987140,6
987165,9
987194,31
987224,10
987245,7
987268,5
987290,7
987319,6
987349,33
987373,102
987397,8
987423,51
987447,7
987485,28
987504,40
987536,4049
987557,5
987587,8
987624,5
987653,5
987673,5
987702,13
987738,6
987759,9
987779,6
987801,11
987829,27
987856,6
987883,9
987899,6
987937,7
987951,5
987977,5
988008,39
988030,17
988051,6
988083,6
988114,8
988139,5
988164,5
988187,6
988213,5
988234,20
988262,6
988286,122
988306,307
988332,69
988356,7
988387,9
988416,8
988437,5
988461,5
988481,5
988501,10
988524,5
988548,7
988568,10
988591,6
988624,7
988640,27
988673,31
988703,7
988721,6
988746,8
988770,5
988794,5
988816,5
988843,5
988870,6
988903,10
988929,48
988954,13
988969,13
988995,10
989012,15
989034,11
989055,6
989085,7
989109,5
989131,16
989153,7
989186,6
989209,5
989230,6
989252,175
989280,6
989312,6
989342,19
989371,15
989397,9
989416,5
989444,7
989474,215
989497,60
989529,7
989556,26
989592,7
989613,13
989644,8
989670,6
989692,7
989726,6
989745,14
989762,5
989792,5
989819,6
989847,5
989871,7
989905,8
989942,7
989964,21
989978,7
990010,15
990047,9
990078,7
990100,21
990121,8
990151,6
990174,23
990195,30
990223,9
990252,52
990273,5
990305,63
990338,5
990362,5
990386,6
990421,5
990450,5
990477,7
990510,5
990537,5
990557,5
990588,31
990620,17
990640,5
990669,11
990694,9
990711,9
990735,6
990752,18
990783,6
990809,6
990846,32
990866,11
990886,7
990907,7
990932,5
990969,13
990995,5
991020,14
991051,10
991077,5
991108,8
991131,12
991150,14
991176,71
991197,5
991225,7
991247,10
991273,30
991296,7
991327,5
991356,6
991386,5
991423,31
991441,10
991474,10
991496,9
991532,6
991557,65
991583,6
991609,20
991630,5
991653,8
991676,24
991705,7
991723,38
991746,5
991773,7
991803,11
991828,21
991845,112
991875,14
991905,12
991926,6
991956,37
991988,5
992014,8
992038,12
992063,5
992082,10
992100,19
992125,5
992152,6
992180,21
992205,5
992248,7
992274,6
992304,10
992338,11
992361,5
992387,151
992406,5
992439,9
992467,5
992492,9
992514,15
992532,9
992564,28
992585,21
992612,95
992648,6
992672,14
992696,5
992731,17
992756,7
992787,7
992815,6
992845,6
992866,6
992897,6
992923,53
992953,6
992982,6
993002,10
993024,6
993047,11
993070,9
993105,41
993131,40
993156,7
993183,456
993207,5
993231,20
993258,11
993278,8
993300,15
993323,10
993346,12
993370,6
993390,6
993419,9
993452,5
993476,12
993499,5
993515,10
993543,7
993576,6
993599,78
993625,9
993654,7
993686,10
993708,5
993741,8
993760,5
993787,5
993816,6
993840,15
993865,5
993891,17
993917,14
993940,5
993961,10
993990,10
994010,8
994029,11
994051,5
994073,11
994106,8
994135,6
994156,20
994173,19
994197,6
994217,9
994235,29
994271,7
994302,13
994330,715
994355,13
994386,5
994409,9
994436,11
994462,5
994493,8
994525,6
994554,199
994582,23
994612,9
994639,5
994663,5
994678,7
994705,48
994723,10
994750,10
994771,10
994796,19
994825,6
994856,11
994885,5
994911,42
994932,27
994961,28
994987,5
995018,5
995042,21
995082,5
995111,8
995140,23
995161,16
995185,16
995209,6
995237,5
995263,17
995287,5
995313,25
995341,5
995362,129
995379,6
995401,6
995430,6
995454,7
995482,5
995508,16
995531,5
995555,6
995579,8
995613,5
995649,17
995678,5
995708,5
995734,8
995752,5
995785,8
995811,37
995831,34
995869,118
995895,5
995918,18
995939,41
995974,7
996012,21
996037,16
996056,12
996085,8
996112,11
996137,7
996161,225
996193,6
996218,7
996245,5
996273,17
996304,9
996333,16
996358,57
996392,8
996410,6
996434,18
996451,8
996476,23
996500,7
996534,5
996556,7
996589,10
996614,8
996639,69
996665,8
996695,47
996722,170
996755,9
996787,7
996814,5
996844,6
996866,11
996891,5
996908,18
996932,13
996953,18
996979,11
997008,11
997032,6
997050,5
997071,541
997084,107
997112,26
997143,6
997167,5
997199,5
997222,24
997250,44
997279,6
997302,5
997328,7
997357,7
997386,5
997409,9
997434,6
997463,6
997488,5
997515,5
997540,5
997570,11
997594,22
997616,10
997639,6
997669,18
997691,5
997705,8
997721,11
997746,5
997777,5
997794,13
997823,6
997844,6
997865,5
997886,6
997915,6
997948,13
997971,9
997989,9
998013,6
998045,5
998063,6
998078,16
998112,7
998133,8
998154,5
998186,5
998207,7
998236,20
998258,10
998276,11
998289,6
998314,61
998344,6
998365,11
998383,21
998408,12
998434,15
998455,13
998475,5
998501,9
998524,7
998555,6
998579,11
998614,55
998636,7
998664,7
998696,5
998722,12
998756,6
998779,323
998802,6
998816,6
998839,8
998874,6
998901,6
998926,16
998940,5
998952,17
998981,5
999009,5
999035,21
999058,40
999085,13
999108,5
999125,84
999156,7
999192,8
999213,7
999230,6
999257,9
999282,6
999302,6
999328,8
999347,7
999373,5
999395,18
999419,34
999447,8
999472,33
999492,7
999519,9
999549,27
999570,121
999596,8
999619,8
999649,12
999674,5
999707,16
999736,25
999767,41
999792,6
999821,5
999840,8
999878,6
999908,14
999933,13
999959,10
999979,7
1000014,22
1000039,16
1000066,13
1000093,5
1000125,5
1000146,5
1000169,8
1000202,9
1000222,8
1000250,15
1000285,6
1000306,11
1000335,6
1000352,9
1000370,10
1000391,48
1000410,10
1000445,13
1000467,10
1000490,20
1000509,6
1000520,16
1000549,28
1000569,20
1000597,5
1000627,6
1000652,8
1000681,5
1000714,15
1000755,37
1000773,5
1000801,8
1000820,11
1000854,9
1000885,29
1000914,6
1000940,6
1000960,6
1000979,5
1001013,5
1001044,14
1001072,92
1001096,6
1001123,14
1001147,51
1001169,106
1001194,9
1001215,9
1001233,11
1001255,29
1001285,9
1001313,14
1001338,5
1001363,13
1001384,6
1001422,7
1001449,5
1001476,5
1001507,29
1001535,76
1001559,12
1001590,6
1001618,5
1001642,9
1001669,11
1001694,5
1001720,9
1001743,8
1001763,16
1001792,5
1001824,12
1001847,5
1001873,7
1001889,10
1001917,5
1001941,6
1001969,7
1001997,5
1002028,5
1002056,7
1002082,11
1002099,6
1002120,242
1002147,8
1002179,13
1002203,9
1002227,5
1002253,46
1002272,29
1002302,41
1002331,7
1002353,13
1002375,7
1002397,22
1002420,12
1002441,64
1002464,5
1002491,45
1002515,10
1002536,42
1002555,5
1002582,9
1002602,5
1002632,8
1002656,9
1002682,10
1002709,25
1002735,7
1002758,5
1002785,6
1002808,45
1002836,6
1002867,6
1002889,18
1002923,6
1002947,5
1002978,5
1003002,7
1003027,12
1003053,95
1003074,8
1003095,5
1003127,18
1003153,6
1003176,7
1003199,71
1003235,7
1003264,19
1003293,220
1003327,10
1003346,9
1003388,6
1003412,52
1003439,7
1003463,23
1003487,10
1003519,6
1003550,6
1003578,24
1003604,5
1003623,8
1003652,10
1003678,5
1003698,6
1003722,8
1003749,10
1003782,47
1003809,38
1003836,13
1003856,46
1003879,6
1003895,14
1003924,20
1003956,5
1003990,10
1004004,5
1004022,8
1004045,5
1004066,7
1004089,5
1004119,5
1004147,5
1004168,6
1004201,6
1004232,8
1004257,7
1004285,93
1004313,11
1004342,5
1004363,6
1004388,108
1004413,12
1004432,7
1004460,8
1004488,8
1004520,12
1004544,14
1004571,5
1004596,40
1004627,10
1004663,7
1004684,48
1004707,110
1004732,7
1004753,6
1004778,5
1004806,32
1004829,5
1004849,14
1004875,8
1004904,6
1004930,20
1004949,10
1004980,14
1005000,5
1005025,13
1005048,5
1005077,5
1005103,5
1005129,16
1005151,11
1005175,7
1005198,6
1005218,28
1005242,17
1005272,8
1005292,5
1005316,344
1005336,11
1005362,7
1005390,7
1005419,59
1005440,6
1005475,5
1005504,22
1005524,65
1005560,30
1005589,5
1005610,7
1005637,10
1005671,9
1005695,6
1005712,5
1005740,5
1005753,10
1005775,6
1005794,11
1005814,70
1005843,7
1005870,8
1005903,11
1005938,13
1005962,13
1005992,10
1006019,111
1006051,8
1006082,8
1006110,434
1006134,6
1006152,12
1006179,13
1006203,8
1006224,5
1006247,5
1006266,8
1006295,12
1006319,8
1006352,9
1006385,6
1006418,39
1006442,6
1006468,8
1006490,6
1006509,39
1006535,5
1006567,8
1006589,5
1006617,5
1006643,8
1006670,8
1006694,6
1006716,5
1006743,6
1006771,5
1006803,10
1006825,7
1006849,6
1006874,6
1006898,5
1006935,12
1006964,6
1006988,5
1007013,32
1007043,6
1007072,6
1007100,16
1007127,6
1007150,10
1007177,5
1007198,10
1007223,8
1007246,5
1007272,7
1007293,5
1007315,6
1007336,119
1007367,17
1007395,6
1007424,8
1007453,49
1007476,5
1007504,9
1007534,8
1007563,7
1007585,10
1007621,7
1007645,16
1007680,36
1007702,10
1007726,28
1007758,6
1007785,7
1007814,54
1007846,47
1007869,6
1007895,7
1007918,9
1007948,8
1007968,9
1008000,14
1008030,21
1008061,7
1008086,10
1008112,12
1008136,94
1008161,5
1008180,7
1008197,30
1008223,16
1008243,20
1008272,15
1008299,7
1008328,6
1008354,17
1008372,5
1008396,7
1008418,39
1008440,10
1008469,24
1008492,5
1008518,6
1008545,6
1008565,5
1008582,10
1008600,31
1008628,8
1008651,9
1008686,198
1008708,11
1008722,10
1008750,8
1008769,89
1008797,13
1008828,5
1008857,6
1008886,8
1008911,9
1008935,7
1008954,9
1008989,6
1009012,5
1009042,128
1009062,5
1009086,90
1009113,18
1009144,5
1009161,44
1009186,58
1009201,9
1009230,16
1009263,7
1009283,55
1009302,79
1009332,6
1009366,7
1009396,17
1009421,13
1009448,13
1009465,15
1009497,10
1009517,5
1009546,7
1009570,35
1009585,5
1009607,9
1009631,9
1009666,39
1009692,7
1009721,1415
1009744,5
1009770,7
1009795,12
1009813,5
1009839,14
1009864,7
1009885,7
1009910,5
1009934,9
1009950,6
1009973,12
1009999,5
1010030,5
1010053,5
1010084,5
1010104,5
1010129,5
1010158,10
1010197,27
1010217,20
1010238,5
1010260,7
1010286,6
1010306,5
1010330,10
1010359,9
1010379,6
1010402,8
1010433,16
1010452,5
1010482,20
1010504,14
1010523,12
1010549,16
1010576,16
1010601,133
1010632,65
1010655,6
1010682,5
1010703,40
1010728,20
1010756,10
1010786,12
1010812,8
1010837,8
1010870,7
1010886,6
1010913,11
1010934,5
1010950,6
1010974,5
1010994,7
1011011,7
1011038,45
1011066,25
1011095,18
1011118,7
1011152,16
1011173,22
1011198,7
1011228,5
1011254,21
1011286,18
1011312,5
1011339,5
1011363,12
1011392,9
1011417,6
1011442,5
1011469,6
1011504,6
1011534,5
1011561,20
1011585,11
1011606,6
1011626,123
1011649,5
1011681,429
1011711,5
1011734,39
1011756,6
1011786,5
1011824,5
1011851,15
1011883,10
1011918,5
1011956,17
1011987,7
1012025,10
1012059,55
1012085,6
1012108,5
1012136,6
1012172,12
1012197,7
1012228,5
1012265,6
1012293,9
1012322,6
1012354,22
1012380,5
1012402,6
1012433,6
1012460,5
1012491,135
1012504,9
1012528,5
1012558,37
1012586,9
1012615,5
1012644,5
1012675,258
1012697,8
1012728,8
1012750,8
1012781,27
1012796,5
1012818,21
1012841,9
1012864,5
1012891,9
1012923,11
1012947,6
1012970,11
1012999,7
1013025,40
1013058,35
1013089,10
1013115,7
1013139,6
1013163,5
1013186,32
1013207,5
1013232,10
1013250,8
1013278,5
1013304,27
1013327,12
1013355,5
1013386,5
1013414,5
1013437,10
1013461,13
1013490,6
1013514,7
1013543,114
1013577,9
1013598,17
1013624,6
1013653,6
1013680,462
1013708,11
1013733,9
1013766,12
1013798,7
1013830,7
1013854,9
1013878,9
1013897,12
1013922,25
1013947,10
1013976,19
1014006,5
1014033,12
1014063,5
1014090,7
1014124,619
1014152,11
1014176,64
1014198,10
1014225,7
1014248,5
1014271,5
1014302,6
1014327,17
1014351,66
1014369,8
1014398,6
1014428,6
1014447,5
1014470,8
1014497,71
1014519,7
1014550,11
1014578,11
1014607,67
1014636,7
1014665,9
1014689,5
1014709,7
1014733,10
1014759,63
1014796,13
1014821,5
1014850,8
1014874,25
1014910,5
1014929,14
1014946,28
1014970,11
1015006,283
1015036,8
1015061,15
1015092,21
1015118,6
1015139,10
1015156,77
1015178,23
1015210,8
1015239,10
1015254,8
1015285,6
1015307,9
1015327,6
1015358,5
1015390,15
1015425,6
1015450,116
1015481,26
1015501,5
1015520,8
1015541,11
1015569,6
1015593,116
1015614,8
1015649,15
1015683,5
1015707,5
1015732,5
1015760,8
1015786,7
1015806,8
1015829,6
1015848,5
1015874,58
1015901,11
1015935,9
1015950,5
1015977,5
1016004,5
1016032,12
1016054,9
1016076,5
1016100,7
1016122,6
1016148,51
1016178,11
1016199,9
1016228,8
1016248,8
1016265,8
1016286,5
1016315,45
1016341,50
1016370,5
1016400,7
1016429,7
1016456,5
1016483,7
1016508,17
1016536,9
1016558,8
1016583,6
1016610,13
1016629,15
1016659,34
1016689,10
1016708,23
1016739,9
1016755,13
1016783,7
1016807,5
1016836,7
1016859,9
1016879,368
1016907,5
1016940,6
1016961,13
1016983,11
1017008,14
1017034,13
1017054,18
1017087,7
1017112,23
1017135,5
1017154,6
1017178,5
1017202,15
1017223,15
1017243,19
1017275,9
1017304,21
1017322,6
1017342,7
1017376,5
1017405,5
1017432,6
1017469,5
1017504,5
1017525,5
1017559,67
1017599,6
1017619,44
1017653,6
1017681,16
1017703,19
1017731,5
1017752,10
1017779,5
1017801,5
1017837,14
1017872,19
1017898,10
1017913,5
1017939,6
1017976,5
1018003,8
1018028,29
1018060,116
1018087,13
1018108,11
1018134,5
1018164,6
1018187,7
1018212,6
1018237,17
1018271,7
1018296,39
1018322,5
1018344,13
1018379,169
1018392,198
1018416,59
1018445,6
1018473,12
1018501,15
1018525,5
1018555,10
1018587,8
1018613,16
1018638,11
1018664,5
1018692,5
1018717,15
1018742,21
1018769,5
1018804,13
1018830,64
1018865,20
1018892,19
1018920,9
1018939,16
1018971,1851
1018999,138
1019025,6
1019048,14
1019074,5
1019107,85
1019133,9
1019154,15
1019183,5
1019203,8
1019239,10
1019260,9
1019289,44
1019317,5
1019344,26
1019367,11
1019390,5
1019416,7
1019441,5
1019461,54
1019484,7
1019513,6
1019545,7
1019567,5
1019595,15
1019628,7
1019647,6
1019679,5
1019702,6
1019724,5
1019748,28
1019783,12
1019807,10
1019831,12
1019857,7
1019876,5
1019901,7
1019928,6
1019956,6
1019992,9
1020021,11
1020053,5
1020077,7
1020099,6
1020117,6
1020139,34
1020168,7
1020194,5
1020214,9
1020237,5
1020269,7
1020296,20
1020323,6
1020366,7
1020389,5
1020425,5
1020452,7
1020482,5
1020510,6
1020547,13
1020565,19
1020590,7
1020615,15
1020641,5
1020665,10
1020690,13
1020716,17
1020742,7
1020763,8
1020792,5
1020822,25
1020845,15
1020880,100
1020904,7
1020935,5
1020966,8
1020991,12
1021018,5
1021035,48
1021063,5
1021097,5
1021127,7
1021152,11
1021176,8
1021201,7
1021221,5
1021241,5
1021266,5
1021295,5
1021322,21
1021341,6
1021366,10
1021386,9
1021414,45
1021434,9
1021467,9
1021495,6
1021522,7
1021542,9
1021561,5
1021600,15
1021626,16
1021650,31
1021684,6
1021722,6
1021749,6
1021768,5
1021792,8
1021822,6
1021847,11
1021873,8
1021897,16
1021928,5
1021951,8
1021987,10
1022008,8
1022033,10
1022054,16
1022083,5
1022103,7
1022134,19
1022162,11
1022187,8
1022210,8
1022228,17
1022261,13
1022293,22
1022328,5
1022352,45
1022370,9
1022407,26
1022444,29
1022473,8
1022501,5
1022519,6
1022541,10
1022569,179
1022585,5
1022611,5
1022641,6
1022666,9
1022694,5
1022726,9
1022745,217
1022768,49
1022788,18
1022816,5
1022843,19
1022859,16
1022889,5
1022915,6
1022945,6
1022981,16
1023000,18
1023032,7
1023055,10
1023083,6
1023105,5
1023130,12
1023161,5
1023178,7
1023203,9
1023232,16
1023262,8
1023284,25
1023297,8
1023331,9
1023356,6
1023375,34
1023395,12
1023421,16
1023442,11
1023466,7
1023490,7
1023511,7
1023538,51
1023557,54
1023576,7
1023603,54
1023626,34
1023665,7
1023700,5
1023733,12
1023754,16
1023777,5
1023794,5
1023825,5
1023842,42
1023865,16
1023893,7
1023918,8
1023950,30
1023979,5
1024011,7
1024032,8
1024054,32
1024079,11
1024111,8
1024131,8
1024154,6
1024173,126
1024205,9
1024244,30
1024271,5
1024292,23
1024317,6
1024342,7
1024368,55
1024392,5
1024414,10
1024442,129
1024471,28
1024496,5
1024520,6
1024545,257
1024568,6
1024594,6
1024626,6
1024648,14
1024666,7
1024689,6
1024724,8
1024756,9
1024775,9
1024805,6
1024836,84
1024858,6
1024885,18
1024907,10
1024934,9
1024970,13
1025000,5
1025021,32
1025048,6
1025086,6
1025109,5
1025135,7
1025152,10
1025172,5
1025192,8
1025216,18
1025244,10
1025263,7
1025285,6
1025315,12
1025346,7
1025371,8
1025395,8
1025421,8
1025453,42
1025478,23
1025511,16
1025529,17
1025556,8
1025594,17
1025614,9
1025648,11
1025675,5
1025708,5
1025736,10
1025764,10
1025786,6
1025820,10
1025843,5
1025866,6
1025900,72
1025932,18
1025957,12
1025992,13
1026023,93
1026048,18
1026074,11
1026104,17
1026128,9
1026153,10
1026179,6
1026217,78
1026244,15
1026268,6
1026290,7
1026316,6
1026343,9
1026359,7
1026390,8
1026402,8
1026430,6
1026460,20
1026490,10
1026508,19
1026535,5
1026563,15
1026592,11
1026622,5
1026650,14
1026695,47
1026715,13
1026746,5
1026772,8
1026793,25
1026819,29
1026850,9
1026876,5
1026897,6
1026919,12
1026942,7
1026969,36
1027001,14
1027025,6
1027050,72
1027076,7
1027102,10
1027123,5
1027143,5
1027165,10
1027188,6
1027216,23
1027239,5
1027263,5
1027291,29
1027320,6
1027344,14
1027362,8
1027380,15
1027409,5
1027430,11
1027452,49
1027473,30
1027493,16
1027520,12
1027543,8
1027576,5
1027609,24
1027635,23
1027657,5
1027682,8
1027701,5
1027723,5
1027744,49
1027765,8
1027789,8
1027817,12
1027840,16
1027861,21
1027882,10
1027905,5
1027926,6
1027953,6
1027985,6
1028005,32
1028035,12
1028062,6
1028084,5
1028108,7
1028133,5
1028158,30
1028177,5
1028205,7
1028231,24
1028252,5
1028286,7
1028300,6
1028337,8
1028363,10
1028392,5
1028420,5
1028450,6
1028471,5
1028503,7
1028533,7
1028563,10
1028590,20
1028604,11
1028628,8
1028648,6
1028669,15
1028701,60
1028724,5
1028745,15
1028772,5
1028793,7
1028818,5
1028854,80
1028877,28
1028899,25
1028913,86
1028942,19
1028978,14
1029003,5
1029022,6
1029049,14
1029074,7
1029096,6
1029127,71
1029149,13
1029181,5
1029205,6
1029227,16
1029253,11
1029280,5
1029304,5
1029331,8
1029356,7
1029381,5
1029406,8
1029430,30
1029461,11
1029489,12
1029518,7
1029548,5
1029575,17
1029606,5
1029632,51
1029656,7
1029682,53
1029704,8
1029728,5
1029749,39
1029779,8
1029815,10
1029840,8
1029871,8
1029890,10
1029909,13
1029937,9
1029961,14
1029995,6
1030020,5
1030040,11
1030070,29
1030102,15
1030124,31
1030146,12
1030172,13
1030189,8
1030215,7
1030239,10
1030261,7
1030286,10
1030310,5
1030332,7
1030359,5
1030389,5
1030415,59
1030447,97
1030471,78
1030497,5
1030527,12
1030553,24
1030588,6
1030620,10
1030642,12
1030667,7
1030697,10
1030728,60
1030752,8
1030773,5
1030804,29
1030829,5
1030855,6
1030889,7
1030915,6
1030939,32
1030973,5
1030994,6
1031024,13
1031052,6
1031079,5
1031112,14
1031135,7
1031160,6
1031180,6
1031202,5
1031227,8
1031256,12
1031288,8
1031314,5
1031343,5
1031370,6
1031395,5
1031424,21
1031454,9
1031478,7
1031514,42
1031540,43
1031573,5
1031600,6
1031628,22
1031659,6
1031686,9
1031722,12
1031753,66
1031786,7
1031805,63
1031834,23
1031859,30
1031876,17
1031892,77
1031925,11
1031950,5
1031983,5
1032011,5
1032045,9
1032068,7
1032093,5
1032109,27
1032137,5
1032149,8
1032172,345
1032197,5
1032230,23
1032262,5
1032283,11
1032310,9
1032343,6
1032362,8
1032391,10
1032409,5
1032434,6
1032461,6
1032485,9
1032515,28
1032541,13
1032562,5
1032585,6
1032611,13
1032636,6
1032661,17
1032688,90
1032714,26
1032744,22
1032766,12
1032793,8
1032817,9
1032837,6
1032872,6
1032902,5
1032929,8
1032949,25
1032975,5
1032989,15
1033014,14
1033034,415
1033054,5
1033085,6
1033108,10
1033131,10
1033159,50
1033185,6
1033210,5
1033233,6
1033254,5
1033277,5
1033307,6
1033329,31
1033352,5
1033385,30
1033406,7
1033434,12
1033463,6
1033491,29
1033512,9
1033540,17
1033563,7
1033593,6
1033617,5
1033648,9
1033683,8
1033704,25
1033725,29
1033752,32
1033784,19
1033814,10
1033837,7
1033863,23
1033887,5
1033910,25
1033937,5
1033970,397
1033993,73
1034012,6
1034044,5
1034069,7
1034094,5
1034128,8
1034152,5
1034174,9
1034192,5
1034218,6
1034261,23
1034294,5
1034324,6
1034352,11
1034381,6
1034408,10
1034436,10
1034467,9
1034495,9
1034519,8
1034548,5
1034571,45
1034598,8
1034629,5
1034649,7
1034674,19
1034699,5
1034724,27
1034754,7
1034798,5
1034824,6
1034848,7
1034880,49
1034907,5
1034928,5
1034947,6
1034971,6
1034991,29
1035021,30
1035047,10
1035078,20
1035105,8
1035133,7
1035160,22
1035186,9
1035195,6
1035218,39
1035242,10
1035264,255
1035296,100
1035325,5
1035348,8
1035373,7
1035396,5
1035429,19
1035455,5
1035478,19
1035499,60
1035529,162
1035560,17
1035584,16
1035605,14
1035629,6
1035659,8
1035681,7
1035705,15
1035733,6
1035757,10
1035794,6
1035825,5
1035853,8
1035878,12
1035904,11
1035923,8
1035935,6
1035962,5
1035983,9
1035996,8
1036020,155
1036053,5
1036072,46
1036098,8
1036123,6
1036155,6
1036189,5
1036208,20
1036229,74
1036251,20
1036266,48
1036284,7
1036305,8
1036332,8
1036363,18
1036396,15
1036416,9
1036442,81
1036472,63
1036502,6
1036526,13
1036556,6
1036580,6
1036601,8
1036626,12
1036653,12
1036679,5
1036706,5
1036736,24
1036752,8
1036778,8
1036805,8
1036838,6
1036861,6
1036889,25
1036914,19
1036936,5
1036962,8
1036983,5
1037008,12
1037039,5
1037067,5
1037091,50
1037128,5
1037146,17
1037169,7
1037200,6
1037224,10
1037242,11
1037265,5
1037291,12
1037313,11
1037336,9
1037367,37
1037399,12
1037421,5
1037440,7
1037465,54
1037492,10
1037515,7
1037539,8
1037570,24
1037589,5
1037627,15
1037653,40
1037683,7
1037710,47
1037732,42
1037753,6
1037787,6
1037808,7
1037832,9
1037854,30
1037877,5
1037908,12
1037940,6
1037968,10
1037995,15
1038017,10
1038042,9
1038069,6
1038096,6
1038129,5
1038160,7
1038196,6
1038219,5
1038244,5
1038277,57
1038308,5
1038338,13
1038363,5
1038383,20
1038402,45
1038432,5
1038456,5
1038489,6
1038515,7
1038547,19
1038575,8
1038602,6
1038631,11
1038652,5
1038679,5
1038705,5
1038734,6
1038760,6
1038780,5
1038809,5
1038826,5
1038868,14
1038886,115
1038919,6
1038956,24
1038975,972
1039002,7
1039027,5
1039049,6
1039079,40
1039105,6
1039139,7
1039161,5
1039188,6
1039212,33
1039238,11
1039263,9
1039287,53
1039313,6
1039329,5
1039352,7
1039383,8
1039404,5
1039430,5
1039454,8
1039475,5
1039496,22
1039518,7
1039547,5
1039568,7
1039595,11
1039629,7
1039652,12
1039679,8
1039702,8
1039732,8
1039760,12
1039790,5
1039822,27
1039841,5
1039871,7
1039891,51
1039912,7
1039948,26
1039973,29
1039997,17
1040019,5
1040044,12
1040067,5
1040096,7
1040117,5
1040154,8
1040188,21
1040210,18
1040236,7
1040264,66
1040287,5
1040315,161
1040326,6
1040346,5
1040364,33
1040396,5
1040429,14
1040454,8
1040482,8
1040508,48
1040534,6
1040560,6
1040588,7
1040618,6
1040642,9
1040667,7
1040690,10
1040711,17
1040745,7
1040761,10
1040782,6
1040804,92
1040834,16
1040856,11
1040890,8
1040913,8
1040940,38
1040967,13
1040988,8
1041016,47
1041051,94
1041071,6
1041097,5
1041119,6
1041144,17
1041163,9
1041194,5
1041221,8
1041242,5
1041269,8
1041288,7
1041318,44
1041340,5
1041366,6
1041398,8
1041426,10
1041450,9
1041467,7
1041500,66
1041521,6
1041553,5
1041583,7
1041608,43
1041632,5
1041653,6
1041688,5
1041715,5
1041731,5
1041747,8
1041774,5
1041801,11
1041822,60
1041851,10
1041883,6
1041911,8
1041939,8
1041965,6
1041994,8
1042021,7
1042059,16
1042075,10
1042101,5
1042127,13
1042145,5
1042172,6
1042201,7
1042229,50
1042260,48
1042283,9
1042299,14
1042326,8
1042348,7
1042371,66
1042389,12
1042413,276
1042442,26
1042465,7
1042488,5
1042509,5
1042547,6
1042571,6
1042599,10
1042632,8
1042655,6
1042675,10
1042707,7
1042735,6
1042772,8
1042793,11
1042815,12
1042835,10
1042868,85
1042897,5
1042927,6
1042946,5
1042971,12
1042991,5
1043015,10
1043041,11
1043074,8
1043098,96
1043129,5
1043164,6
1043187,8
1043217,5
1043239,15
1043272,22
1043303,6
1043326,5
1043350,5
1043370,6
1043407,5
1043436,14
1043462,9
1043500,9
1043529,5
1043552,9
1043576,5
1043601,20
1043630,6
1043653,5
1043681,33
1043699,5
1043721,5
1043750,13
1043774,19
1043803,7
1043831,7
1043850,10
1043874,27
1043891,43
1043919,12
1043943,7
1043967,10
1043992,16
1044019,17
1044043,5
1044069,18
1044100,7
1044128,10
1044145,8
1044178,7
1044197,10
1044215,5
1044247,8
1044279,7
1044299,5
1044327,6
1044358,5
1044389,9
1044412,8
1044440,5
1044461,7
1044491,8
1044524,7
1044547,9
1044571,37
1044594,16
1044619,8
1044648,7
1044668,5
1044702,18
1044732,71
1044756,109
1044780,5
1044807,11
1044836,12
1044866,5
1044895,23
1044917,6
1044942,5
1044971,8
1044993,15
1045019,5
1045061,37
1045085,5
1045115,5
1045142,6
1045166,6
1045193,5
1045216,7
1045239,8
1045262,22
1045292,9
1045314,7
1045348,10
1045376,17
1045406,6
1045429,16
1045458,7
1045491,22
1045529,5
1045556,5
1045579,5
1045604,10
1045624,5
1045649,8
1045677,7
1045702,8
1045730,17
1045758,14
1045784,13
1045806,8
1045834,5
1045859,8
1045890,6
1045920,9
1045950,6
1045988,5
1046018,8
1046044,55
1046068,32
1046098,6
1046122,6
1046140,5
1046174,17
1046193,20
1046223,7
1046260,5
1046282,26
1046307,38
1046334,16
1046359,11
1046383,12
1046407,21
1046441,214
1046464,7
1046491,10
1046507,8
1046530,6
1046554,17
1046584,13
1046612,7
1046638,6
1046658,9
1046681,7
1046701,19
1046727,5
1046761,5
1046789,6
1046821,16
1046846,5
1046869,20
1046893,6
1046923,13
1046952,10
1046985,7
1047013,71
1047040,16
1047065,114
1047091,10
1047114,5
1047131,8
1047162,7
1047194,13
1047213,6
1047231,6
1047256,5
1047284,20
1047310,12
1047343,6
1047369,1058
1047402,51
1047437,7
1047462,5
1047492,9
1047518,6
1047548,17
1047578,5
1047603,6
1047637,5
1047654,8
1047678,7
1047700,5
1047719,6
1047744,5
1047769,11767
1047794,7
1047822,13
1047845,9
1047867,14
1047885,26
1047916,7
1047940,5
1047969,5
1047999,13
1048021,12
1048037,7
1048064,9
1048092,5
1048118,18
1048140,72
1048167,9
1048192,29
1048225,10
1048247,5
1048267,7
1048289,51
1048305,8
1048335,17
1048359,43
1048382,6
1048409,17
1048433,65
1048453,5
1048481,5
1048511,5
1048530,7
1048563,11
1048589,8
1048619,10
1048644,10
1048670,6
1048700,8
1048735,15
1048761,70
1048790,18
1048810,12
1048834,9
1048857,7
1048876,6
1048898,8
1048933,8
1048971,15
1048994,17
1049023,5
1049046,10
1049065,5
1049089,5
1049112,6
1049145,79
1049169,16
1049190,26
1049214,14
1049244,13
1049265,5
1049283,10
1049315,9
1049330,5
1049358,13
1049386,9
1049406,7
1049439,5
1049472,5
1049500,6
1049539,17
1049565,8
1049590,9
1049616,6
1049632,6
1049654,6
1049682,29
1049708,22
1049732,13
1049767,13
1049794,16
1049820,10
1049842,9
1049868,5
1049901,6
1049930,7
1049958,8
1049984,99
1050008,9
1050030,13
1050056,6
1050080,19
1050112,10
1050138,6
1050162,16
1050188,5
1050213,8
1050237,9
1050271,83
1050296,19
1050319,7
1050341,5
1050367,7
1050386,10
1050416,29
1050442,9
1050474,7
1050490,40
1050511,16
1050538,7
1050556,8
1050583,30
1050607,8
1050640,7
1050667,16
1050698,8
1050726,9
1050746,6
1050781,5
1050808,5
1050834,5
1050862,9
1050892,12
1050916,92
1050940,9
1050961,39
1050990,15
1051016,33
1051042,7
1051058,5
1051076,5
1051100,6
1051119,5
1051141,5
1051161,7
1051192,5
1051233,108
1051269,11
1051286,8
1051306,6
1051331,17
1051354,5
1051375,218
1051393,11
1051417,5
1051438,7
1051473,35
1051500,6
1051529,10
1051556,5
1051574,8
1051602,21
1051623,13
1051654,5
1051676,12
1051703,7
1051737,7
1051757,14
1051780,9
1051817,5
1051851,40
1051874,5
1051901,30
1051931,24
1051962,8
1051982,23
1052003,17
1052024,14
1052049,12
1052077,9
1052105,141
1052136,9
1052166,10
1052200,7
1052229,6
1052256,5
1052280,7
1052306,22
1052330,5
1052355,5
1052383,6
1052402,11
1052428,5
1052458,5
1052481,9
1052503,5
1052524,5
1052549,5
1052573,5
1052600,5
1052626,41
1052649,13
1052669,76
1052682,16
1052708,5
1052732,19
1052753,8
1052784,11
1052809,5
1052831,5
1052854,5
1052884,6
1052917,20
1052952,7
1052974,6
1052999,7
1053029,67
1053050,9
1053077,6
1053098,5
1053123,18
1053150,5
1053172,5
1053207,10
1053237,5
1053265,8
1053291,9
1053318,7
1053342,14
1053369,5
1053390,7
1053414,10
1053437,5
1053460,16
1053478,10
1053511,6
1053542,6
1053566,9
1053588,11
1053617,20
1053637,8
1053664,10
1053692,6
1053722,11
1053740,18
1053775,6
1053802,6
1053828,41
1053857,6
1053887,5
1053910,10
1053938,6
1053964,5
1053994,5
1054025,13
1054051,7
1054075,19
1054107,39
1054137,13
1054171,5
1054196,15
1054227,5
1054259,6
1054278,6
1054304,19
1054328,11
1054351,12
1054369,5
1054389,5
1054411,5
1054430,9
1054460,12
1054495,7
1054521,159
1054546,6
1054570,53
1054592,7
1054612,12
1054637,9
1054665,9
1054691,6
1054710,5
1054740,5
1054769,15
1054793,5
1054816,178
1054844,7
1054869,67
1054897,6
1054914,29
1054943,5
1054965,34
1054985,7
1055007,36
1055036,8
1055067,13
1055097,11
1055121,21
1055159,11
1055190,9
1055212,9
1055238,5
1055257,8
1055285,5
1055314,9
1055346,9
1055373,6
1055399,10
1055425,10
1055453,6
1055476,5
1055501,5
1055521,6
1055548,22
1055575,5
1055599,6
1055621,24
1055647,8
1055675,6
1055697,8
1055726,39
1055749,10
1055772,8
1055805,21
1055836,6
1055861,5
1055896,8
1055914,9
1055939,8
1055962,12
1055987,5
1056023,14
1056053,10
1056077,9
1056097,5
1056125,10
1056164,9
1056191,41
1056222,7
1056235,8
1056269,10
1056292,5
1056309,6
1056332,6
1056356,6
1056381,12
1056414,6
1056448,5
1056481,9
1056509,7
1056536,5
1056558,8
1056583,22
1056604,52
1056637,10
1056665,9
1056692,11
1056717,11
1056742,5
1056769,764
1056790,7
1056815,10
1056856,10
1056884,5
1056914,5
1056952,9
1056975,15
1057010,9
1057032,8
1057062,5
1057095,8
1057127,5
1057159,113
1057192,8
1057217,7
1057244,9
1057271,7
1057294,11
1057318,9
1057343,6
1057377,9
1057407,9
1057431,60
1057462,5
1057485,378
1057514,5
1057539,165
1057566,111
1057598,7
1057615,6
1057636,13
1057663,12
1057690,15
1057708,12
1057737,5
1057761,6
1057783,29
1057808,5
1057830,8
1057857,7
1057878,10
1057901,11
1057924,8
1057944,8
1057965,5
1057995,5
1058025,5
1058048,10
1058069,5
1058093,9
1058126,6
1058150,6
1058178,7
1058196,9
1058225,7
1058246,6
1058278,6
1058309,14
1058345,5
1058379,5
1058403,5
1058432,45
1058455,6
1058481,32
1058516,7
1058550,7
1058576,13
1058608,14
1058631,8
1058658,5
1058692,98
1058719,10
1058752,6
1058786,108
1058817,5
1058837,19
1058857,28
1058890,8
1058923,12
1058951,5
1058978,11
1059014,12
1059044,8
1059064,8
1059103,28
1059120,13
1059152,162
1059185,6
1059213,31
1059240,121
1059272,8
1059292,39
1059323,12
1059350,7
1059375,7
1059401,5
1059434,31
1059459,7
1059491,5
1059519,6
1059546,8
1059581,5
1059609,5
1059637,10
1059669,15
1059700,5
1059732,5
1059757,6
1059777,6
1059792,8
1059814,5
1059836,8
1059860,5
1059893,6
1059910,17
1059934,17
1059956,67
1059983,5
1060003,7
1060032,20
1060065,10
1060094,5
1060123,7
1060157,5
1060179,8
1060204,11
1060231,5
1060259,5
1060281,59
1060306,6
1060330,9
1060355,23
1060377,9
1060403,14
1060428,5
1060466,9
1060499,27
1060529,20
1060564,5
1060591,6
1060615,9
1060633,8
1060662,6
1060692,20
1060723,19
1060750,121
1060775,8
1060798,9
1060823,98932
1060854,5
1060889,8
1060918,25
1060946,48
1060974,5
1061007,14
1061039,8
1061068,74
1061093,17
1061114,5
1061136,5
1061155,7
1061177,69
1061210,7
1061234,25
1061263,31
1061287,7
1061316,5
1061349,5
1061385,6
1061408,28
1061439,144
1061457,11
1061488,14
1061522,19
1061550,8
1061582,11
1061605,7
1061625,23
1061651,5
1061681,13
1061714,5
1061741,15
1061759,6
1061786,7
1061815,8
1061849,9
1061874,5
1061901,6
1061924,8
1061948,17
1061972,10
1061998,20
1062027,5
1062057,8
1062078,8
1062109,145
1062130,9
1062158,25
1062184,13
1062216,21
1062244,11
1062270,6
1062297,25
1062321,7
1062345,6
1062370,7
1062397,79
1062422,11
1062438,5
1062466,5
1062489,5
1062522,7
1062548,13
1062572,12
1062587,5
1062613,11
1062634,6
1062658,17
1062699,7
1062729,10
1062758,5
1062785,5
1062810,7
1062833,16
1062869,28
1062902,46
1062926,5
1062955,5
1062976,10
1063001,34
1063038,6
1063065,6
1063084,8
1063115,5
1063141,5
1063168,13
1063199,5
1063228,48
1063256,17
1063290,5
1063319,5
1063339,5
1063363,7
1063380,8
1063401,8
1063424,6
1063460,9
1063485,5
1063509,8
1063542,12
1063567,73
1063600,27
1063623,10
1063651,103
1063682,25
1063710,8
1063731,6
1063753,5
1063778,5
1063798,16
1063820,35
1063839,6
1063864,14
1063898,6
1063920,10
1063957,8
1063983,6
1064010,10
1064033,17
1064055,16
1064083,24
1064101,5
1064128,5
1064152,5
1064185,6
1064213,5
1064237,21
1064259,12
1064280,14
1064302,74
1064330,10
1064355,5
1064383,14
1064408,6
1064438,18
1064474,19
1064501,7
1064533,9
1064558,21
1064587,20
1064618,5
1064651,6
1064680,5
1064701,10
1064725,15
1064752,6
1064769,6
1064794,245
1064819,6
1064844,5
1064877,5
1064908,12
1064928,5
1064957,5
1064976,23
1065002,10
1065028,5
1065061,7
1065079,13
1065103,30
1065129,5
1065157,8
1065179,34
1065199,12
1065221,8
1065242,53
1065261,5
1065288,5
1065311,8
1065334,30
1065361,6
1065390,5
1065421,9
1065450,6
1065487,6
1065510,10
1065537,5
1065566,8
1065593,18
1065612,5
1065633,5
1065657,5
1065681,64
1065700,28
1065723,7
1065747,12
1065775,6
1065799,46
1065841,37
1065873,5
1065898,8
1065921,5
1065947,94
1065967,100
1065988,13
1066008,6
1066028,5
1066059,8
1066087,8
1066110,6
1066128,5
1066158,5
1066187,5
1066221,14
1066248,7
1066274,8
1066311,6
1066337,10
1066364,15
1066386,7
1066412,17
1066432,8
1066463,8
1066483,5
1066501,5
1066523,6
1066556,5
1066593,5
1066614,24
1066643,9
1066669,104
1066690,5
1066714,25
1066737,5
1066763,6
1066795,6
1066818,7
1066838,13
1066870,7
1066896,5
1066922,5
1066946,10
1066981,6
1067006,20
1067029,5
1067050,5
1067079,44
1067110,19
1067132,5
1067152,6
1067179,15
1067197,28
1067230,6
1067259,92
1067273,9
1067298,10
1067323,10
1067356,556
1067385,11
1067412,14
1067429,6
1067454,5
1067486,5
1067508,5
1067536,7
1067567,6
1067589,5
1067627,6
1067652,6
1067672,23
1067702,5
1067731,5
1067763,13
1067796,24
1067823,13
1067845,5
1067872,6
1067901,32
1067934,357
1067963,5
1067987,7
1068023,7
1068054,11
1068073,12
1068094,26
1068117,7
1068137,61
1068169,7
1068195,10
1068215,8
1068241,6
1068267,9
1068290,6
1068308,11
1068339,33
1068370,17
1068400,5
1068426,5
1068457,7
1068484,5
1068508,5
1068539,7479
1068560,10
1068586,5
1068616,5
1068630,6
1068658,8
1068676,7
1068706,5
1068737,8
1068768,5
1068788,9
1068808,6
1068829,6
1068858,11
1068883,7
1068905,19
1068937,5
1068960,16
1068985,7
1069013,9
1069047,5
1069080,16
1069102,9
1069128,101
1069149,8
1069179,5
1069205,5
1069236,12
1069256,5
1069282,16
1069313,8
1069346,8
1069369,6
1069395,48
1069419,56
1069452,7
1069481,8
1069518,7
1069543,77
1069563,5
1069581,43
1069609,5
1069639,5
1069673,8
1069707,5
1069737,5
1069764,5
1069792,5
1069816,9
1069847,7
1069871,35
1069897,5
1069922,39
1069943,69
1069972,16
1069993,22
1070022,17
1070052,5
1070072,8
1070101,6
1070127,6
1070151,15
1070175,6
1070201,6
1070214,14
1070252,21
1070276,5
1070302,24
1070338,6
1070368,7
1070401,5
1070425,7
1070436,6
1070457,368
1070477,8
1070497,7
1070528,14
1070554,5
1070584,12
1070611,9
1070639,8
1070654,6
1070681,26
1070716,5
1070744,9
1070778,6
1070798,97
1070825,5
1070843,9
1070868,5
1070898,6
1070925,7
1070942,5
1070966,7
1070984,44
1071014,5
1071042,21
1071066,7
1071098,11
1071123,7
1071148,5
1071184,24
1071203,28
1071224,5
1071261,23
1071286,8
1071315,8
1071336,7
1071356,8
1071378,9
1071398,24
1071436,7
1071464,7
1071492,12
1071523,5
1071550,6
1071575,6
1071599,9
1071626,7
1071658,7
1071686,22
1071717,11
1071745,7
1071787,6
1071816,5
1071840,11
1071874,12
1071891,5
1071923,9
1071949,7
1071975,7
1072004,13
1072028,8
1072046,25
1072071,7
1072101,8
1072128,7
1072153,9
1072176,5
1072193,5
1072219,9
1072244,10
1072273,5
1072298,7
1072321,12
1072345,7
1072375,7
1072403,13
1072426,38
1072455,30
1072486,111
1072508,65
1072532,39
1072569,5
1072589,7
1072616,16
1072638,13
1072665,7
1072692,15
1072714,41
1072743,19
1072762,6
1072791,87
1072815,81
1072837,7
1072861,5
1072883,6
1072910,97
1072932,5
1072964,32
1072988,46
1073013,17
1073043,13
1073065,27
1073086,5
1073108,21
1073133,237
1073154,6
1073179,6
1073206,9
1073239,7
1073263,6
1073297,8
1073328,9
1073353,5
1073377,6
1073414,9
1073439,6
1073467,12
1073495,9
1073518,10
1073541,19
1073575,12
1073596,5
1073624,35
1073643,21
1073675,16
1073704,5
1073719,12
1073745,6
1073771,5
1073793,6
1073827,9
1073852,5
1073873,6
1073898,5
1073923,9
1073946,7
1073962,16
1073982,5
1074012,5
1074055,5
1074090,117
1074118,5
1074142,57
1074166,8
1074193,5
1074224,8
1074245,15
1074273,15
1074308,11
1074338,5
1074365,5
1074389,5
1074422,6
1074454,10
1074485,5
1074507,6
1074534,5
1074559,5
1074587,18
1074615,6
1074635,9
1074671,9
1074690,5
1074713,7
1074738,5
1074765,6
1074791,6
1074817,6
1074841,7
1074865,6
1074887,8
1074914,8
1074936,16
1074959,14
1074982,10
1075010,62
1075032,5
1075052,9
1075076,9
1075100,35
1075130,8
1075159,6
1075188,6
1075216,5
1075237,15
1075271,8
1075297,6
1075327,8
1075349,10
1075371,12
1075393,5
1075427,11
1075450,6
1075464,5
1075493,9
1075529,5
1075552,5
1075583,10
1075613,8
1075644,8
1075670,6
1075695,8
1075724,5
1075745,5
1075780,6
1075803,6
1075824,11
1075860,10
1075889,8
1075907,10
1075928,17
1075953,6
1075975,5
1076005,7
1076039,5
1076063,8
1076090,7
1076116,7
1076137,76
1076167,15
1076182,8
1076205,12
1076227,9
1076247,9
1076269,9
1076295,5
1076327,18
1076348,24
1076376,7
1076400,6
1076422,9
1076444,5
1076468,5
1076501,6
1076529,9
1076555,9
1076581,5
1076602,5
1076635,5
1076655,6
1076681,6
1076704,5
1076733,88
1076752,17
1076776,5
1076800,6
1076829,9
1076840,17
1076865,5
1076890,81
1076917,8
1076947,41
1076969,27
1077004,6
1077034,5
1077057,10
1077078,13
1077116,6
1077146,5
1077168,6
1077194,5
1077223,5
1077247,7
1077277,6
1077304,6
1077327,14
1077360,13
1077389,6
1077415,920
1077433,6
1077465,5
1077492,6
1077511,50
1077538,6
1077563,12
1077587,5
1077612,35
1077633,11
1077658,15
1077683,15
1077717,10
1077741,8
1077764,12
1077801,20
1077821,5
1077849,17
1077873,9
1077908,6
1077925,11
1077948,8
1077971,11
1078012,40
1078043,9
1078070,17
1078091,6
1078118,6
1078138,48
1078164,8
1078191,15
1078210,28
1078254,30
1078275,20
1078293,9
1078317,5
1078350,11
1078380,103
1078408,14
1078432,52
1078457,5
1078485,37
1078514,25
1078547,7
1078585,5
1078604,7
1078629,145
1078652,9
1078674,7
1078703,6
1078723,13
1078742,5
1078763,6
1078779,9
1078809,11
1078838,6
1078866,10
1078898,24
1078921,15
1078953,10
1078976,6
1078999,11
1079024,7
1079048,8
1079088,16
1079114,12
1079141,77
1079176,12
1079207,9
1079228,5
1079255,7
1079277,12
1079307,12
1079332,23
1079359,6
1079386,35
1079409,16
1079431,6
1079453,6
1079484,7
1079519,16
1079546,64
1079585,8
1079610,12
1079639,5
1079661,6
1079688,21
1079709,362
1079728,9
1079759,5
1079774,8
1079809,11
1079830,5
1079860,5
1079881,6
1079908,8
1079942,11
1079961,5
1079991,7
1080020,5
1080045,10
1080077,7
1080104,7
1080129,8
1080154,49
1080177,10
1080204,7
1080233,37
1080259,15
1080284,9
1080308,5
1080329,9
1080351,5
1080370,5
1080389,12
1080417,14
1080445,5
1080464,6
1080496,6
1080519,14
1080549,9
1080575,11
1080593,66
1080615,22
1080636,11
1080663,6
1080686,6
1080708,6
1080729,14
1080758,6
1080781,26
1080808,7
1080829,11
1080853,16
1080871,5
1080897,35
1080917,6
1080933,8
1080955,70
1080981,14
1081006,9
1081042,8
1081073,7
1081097,7
1081118,53
1081139,5
1081167,19
1081194,5
1081225,15
1081244,14
1081277,10
1081305,5
1081331,8
1081360,9
1081382,5
1081400,33
1081423,63
1081460,5
1081482,5
1081510,6
1081543,5
1081561,43
1081583,13
1081627,8
1081663,7
1081692,8
1081723,150
1081746,5
1081773,46
1081802,66
1081824,8
1081850,55
1081876,43
1081905,10
1081945,160
1081978,106
1081998,7
1082019,5
1082043,8
1082072,24
1082088,23
1082114,5
1082141,29
1082166,20
1082196,11
1082223,6
1082249,8
1082276,15
1082307,6
1082335,25
1082360,10
1082395,8
1082412,5
1082438,5
1082457,20
1082483,50
1082511,7
1082537,5
1082561,64
1082581,5
1082604,9
1082636,5
1082660,6
1082688,5
1082699,8
1082731,6
1082757,6
1082796,22
1082835,5
1082861,18
1082882,8
1082908,8
1082936,7
1082970,6
1082989,7
1083014,5
1083042,9
1083072,5
1083099,7
1083134,5
1083158,6
1083183,51
1083213,5
1083239,8
1083267,14
1083299,34
1083322,13
1083338,6
1083360,9
1083385,10
1083402,6
1083422,17
1083466,7
1083486,12
1083508,6
1083529,21
1083553,7
1083575,14
1083598,5
1083621,6
1083639,8
1083655,5
1083692,6
1083720,7
1083741,7
1083765,6
1083782,5
1083812,11
1083839,11
1083869,6
1083888,20
1083908,13
1083935,6
1083957,9
1083996,10
1084022,11
1084057,6
1084090,7
1084111,8
1084130,22
1084154,5
1084180,8
1084202,9
1084232,5
1084263,14
1084290,41
1084326,7
1084358,5
1084376,44
1084406,15
1084437,36
1084459,7
1084490,8
1084522,9
1084542,6
1084565,13
1084591,6
1084619,50
1084645,30
1084682,5
1084704,8
1084726,5
1084747,6
1084763,36
1084799,18
1084822,5
1084850,7
1084875,6
1084896,7
1084916,13
1084944,8
1084973,5
1084996,5
1085012,11
1085032,14
1085057,7
1085078,8
1085093,15
1085131,27
1085149,9
1085173,12
1085197,10
1085220,14
1085246,18
1085266,6
1085290,13
1085320,16
1085343,10
1085374,6
1085404,9
1085422,6
1085448,6
1085470,6
1085486,6
1085517,13
1085554,7
1085573,5
1085599,187
1085637,6
1085655,45
1085673,5
1085694,7
1085717,27
1085741,5
1085765,6
1085785,8
1085803,7
1085834,5
1085859,5
1085883,17
1085898,7
1085918,7
1085945,6
1085974,7
1085998,10
1086018,18
1086044,17
1086065,5
1086081,602
1086107,25
1086130,6
1086152,5
1086178,23
1086201,9
1086236,8
1086253,6
1086280,7
1086309,10
1086334,7
1086359,21
1086382,8
1086410,6
1086437,6
1086466,21
1086502,5
1086517,6
1086544,27
1086578,15
1086606,173
1086632,6
1086662,8
1086685,10
1086704,23
1086731,5
1086758,26
1086777,7
1086804,15
1086831,14
1086854,5
1086881,99
1086899,12
1086931,5
1086952,9
1086981,21
1087002,8
1087035,7
1087065,10
1087090,9
1087108,8
1087134,5
1087156,6
1087183,13
1087212,10
1087243,21
1087264,14
1087294,8
1087321,7
1087353,5
1087386,13
1087402,5
1087427,8
1087463,7
1087490,131
1087512,29
1087540,5
1087561,6
1087585,493
1087614,8
1087648,6
1087677,38
1087705,8
1087738,15
1087777,5
1087811,8
1087835,21
1087871,9
1087898,14
1087926,5
1087960,8
1087980,15
1088010,5
1088033,18
1088057,20
1088080,6
1088103,6
1088132,12
1088162,7
1088190,12
1088214,8
1088242,5
1088269,60
1088294,7
1088325,9
1088350,69
1088383,5
1088412,5
1088442,21
1088471,6
1088502,7
1088517,6
1088542,9
1088573,6
1088597,9
1088625,5
1088653,5
1088675,6
1088707,10
1088736,8
1088757,6
1088775,6
1088799,9
1088825,5
1088852,41
1088876,9
1088898,5
1088931,5
1088963,20
1088992,8
1089020,15
1089048,7
1089073,9
1089096,197
1089123,12
1089156,18
1089171,10
1089199,5
1089231,5
1089252,6
1089276,6
1089293,14
1089319,10
1089336,5
1089357,12
1089387,7
1089402,14
1089431,7
1089458,6
1089487,12
1089516,8
1089542,9
1089565,5
1089589,13
1089615,11
1089641,8
1089667,5
1089690,10
1089714,31
1089736,19
1089759,12
1089795,12
1089822,8
1089839,15
1089857,9
1089885,6
1089903,10
1089933,7
1089958,9
1089980,10
1090011,11
1090035,5
1090066,25
1090096,9
1090125,9
1090158,5
1090182,6
1090210,9
1090238,5
1090269,5
1090296,6
1090321,11
1090347,8
1090378,5
1090411,21
1090433,5
1090457,5
1090488,2283
1090516,36
1090538,17
1090557,26
1090588,9
1090609,20
1090637,65
1090659,11
1090694,5
1090725,19
1090756,11
1090786,8
1090816,12
1090839,5
1090864,11
1090888,9
1090914,8
1090955,5
1090976,5
1091001,16
1091023,14
1091051,5
1091078,5
1091099,135
1091123,5
1091154,5
1091191,18
1091221,22
1091239,5
1091265,7
1091282,14
1091306,16
1091336,5
1091362,231
1091385,8
1091416,8
1091447,5
1091479,265
1091505,5
1091530,8
1091557,5
1091576,5
1091603,15
1091628,6
1091651,5
1091677,23
1091704,8
1091729,7
1091754,7
1091797,7
1091824,8
1091850,6
1091874,10
1091900,8
1091927,5
1091951,27
1091972,8
1091994,100
1092013,9
1092036,9
1092063,10
1092083,52
1092111,14
1092133,5
1092150,17
1092191,6
1092211,16
1092238,5
1092254,23
1092273,37
1092294,6
1092327,5
1092362,7
1092387,659
1092408,9
1092422,7
1092456,9
1092495,19
1092514,13
1092534,6
1092564,12
1092596,10
1092624,10
1092646,7
1092679,12
1092698,35
1092722,11
1092754,6
1092788,60
1092814,6
1092834,8
1092860,34
1092884,13
1092916,6
1092939,7
1092964,7
1092991,32
1093016,22
1093042,6
1093062,5
1093089,17
1093114,7
1093146,41
1093169,13
1093202,5
1093240,6
1093269,6
1093295,10
1093316,13
1093341,13
1093365,11
1093395,6
1093430,7
1093456,15
1093481,7
1093503,6
1093529,11
1093549,9
1093571,49
1093599,6
1093617,23
1093647,5
1093675,6
1093702,8
1093728,11
1093755,8
1093778,8
1093821,13
1093840,8
1093871,5
1093898,6
1093924,12
1093951,5
1093979,6
1094005,9
1094035,12
1094051,7
1094073,5
1094095,8
1094116,13
1094142,8
1094156,6
1094182,5
1094201,7
1094226,5
1094257,15
1094289,82
1094315,6
1094342,5
1094370,5
1094400,5
1094425,6
1094456,10
1094476,8
1094498,7
1094517,6
1094548,5
1094578,12
1094600,15
1094625,8
1094646,5
1094672,6
1094697,10
1094719,9
1094746,19
1094776,8
1094815,6
1094840,5
1094860,9
1094885,8
1094916,18
1094944,13
1094969,894
1094990,12
1095015,17
1095048,11
1095075,6
1095100,6
1095126,14
1095151,15
1095175,9
1095197,7
1095225,5
1095245,34
1095270,9
1095297,12
1095314,12
1095339,5
1095357,7
1095384,7
1095409,7
1095440,61
1095461,9
1095484,8
1095522,22
1095555,5
1095583,8
1095612,5
1095645,5
1095671,8
1095692,37
1095722,45
1095741,11
1095762,6
1095799,17
1095822,18
1095843,1290
1095869,5
1095894,13
1095922,11
1095945,7
1095978,11
1096001,8
1096032,31
1096061,10
1096100,22
1096123,48
1096149,7
1096190,23
1096210,12
1096235,5
1096262,5
1096294,7
1096319,5
1096337,13
1096361,9
1096384,29
1096412,5
1096438,7
1096455,22
1096488,10
1096516,13
1096544,58
1096568,8
1096589,7
1096617,9
1096638,19
1096660,6
1096689,34
1096713,9
1096741,7
1096766,8
1096794,18
1096825,16
1096851,6
1096886,6
1096909,5
1096935,15
1096972,92
1097002,17
1097029,16
1097052,13
1097074,10
1097102,41
1097124,13
1097147,8
1097175,7
1097204,6
1097226,10
1097248,7
1097276,5
1097296,5
1097318,8
1097343,16
1097369,147
1097390,14
1097424,5
1097447,5
1097473,5
1097496,8
1097530,7
1097566,6
1097587,7
1097613,10
1097640,7
1097663,5
1097692,80
1097716,19
1097737,7
1097761,17
1097786,9
1097810,7
1097834,170
1097863,9
1097886,5
1097909,5
1097946,7
1097966,14
1097989,15
1098008,5
1098028,8
1098052,5
1098075,6
1098101,7
1098134,6
1098161,5
1098198,6
1098214,7
1098245,19
1098274,5
1098303,7
1098330,15
1098359,16
1098381,30
1098406,19
1098430,7
1098454,5
1098479,15
1098503,15
1098539,19
1098563,9
1098594,6
1098618,6
1098641,10
1098669,7
1098691,7
1098710,20
1098734,8
1098757,5
1098783,5
1098808,8
1098828,13
1098852,8
1098882,10
1098913,18
1098934,6
1098952,26
1098975,222
1098999,5
1099022,5
1099041,12
1099061,5
1099088,5
1099116,6
1099138,5
1099154,7
1099179,5
1099199,44
1099225,5
1099240,26
1099259,10
1099286,6
1099314,6
1099334,5
1099364,5
1099387,6
1099412,26
1099435,7
1099462,11
1099483,9
1099504,5
1099522,8
1099555,6
1099583,9
1099606,12
1099634,14
1099660,9
1099693,10
1099714,108
1099738,9
1099761,27
1099790,5
1099811,8
1099837,16
1099860,8
1099886,19
1099906,5
1099928,5
1099962,5
1099991,100
1100023,26
1100048,5
1100081,53
1100119,7
1100135,12
1100165,6
1100190,13
1100215,9
1100239,5
1100268,129
1100293,18
1100322,9
1100348,12
1100381,8
1100407,6
1100432,5
1100457,7
1100484,5
1100518,34
1100548,5
1100577,6
1100600,5
1100630,5
1100667,7
1100685,5
1100713,40
1100743,5
1100765,7
1100796,7
1100822,33
1100845,15
1100869,7
1100897,26
1100921,11
1100951,6
1100972,5
1101001,7
1101029,7
1101049,16
1101076,5
1101104,20
1101129,6
1101150,19
1101170,5
1101198,20
1101221,8
1101244,226
1101271,34
1101291,31
1101314,12
1101337,6
1101356,8
1101380,20
1101403,8
1101436,5
1101466,17
1101491,6
1101520,5
1101541,5
1101570,5
1101594,6
1101613,6
1101640,8
1101668,10
1101694,5
1101728,7
1101758,11
1101783,6
1101808,15
1101830,5
1101860,5
1101889,10
1101922,7
1101945,10
1101981,5
1102002,28
1102031,5
1102060,7
1102091,5
1102113,5
1102137,5
1102167,29
1102191,6
1102221,5
1102255,35
1102272,5
1102290,15
1102316,7
1102339,56
1102358,5
1102389,7
1102408,5
1102435,9
1102459,14
1102486,16
1102510,15
1102540,5
1102569,8
1102593,7
1102613,6
1102638,5
1102662,8
1102682,5
1102707,6
1102743,7
1102769,14
1102794,13
1102815,13
1102848,5
1102872,7
1102905,11
1102928,7
1102961,9
1102982,6
1103009,5
1103029,7
1103062,7
1103090,6
1103122,12
1103154,6
1103180,6
1103207,6
1103239,6
1103269,9
1103297,10
1103316,5
1103339,7
1103362,5
1103386,8
1103407,7
1103430,9
1103460,27
1103490,6
1103518,8
1103537,7
1103568,15
1103586,6
1103613,8
1103634,5
1103665,8
1103690,9
1103715,9
1103736,7
1103766,22
1103786,11
1103807,8
1103834,7
1103848,43
1103872,6
1103899,5
1103923,185
1103948,5
1103975,7
1104004,7
1104036,6
1104060,5
1104088,9
1104109,8
1104139,10
1104165,19
1104199,5
1104223,18
1104259,22
1104291,247
1104317,7
1104346,8
1104374,9
1104398,40
1104425,18
1104455,13
1104486,8
1104515,6
1104536,5
1104571,7
1104596,5
1104622,5
1104652,8
1104684,8
1104717,7
1104745,5
1104776,5
1104802,10
1104831,5
1104853,5
1104883,14
1104910,5
1104938,5
1104964,31
1104988,15
1105006,8
1105031,11
1105059,33
1105085,9
1105105,99
1105130,6
1105150,5
1105173,9
1105197,9
1105232,5
1105260,14
1105290,6
1105310,5
1105329,28
1105359,7
1105384,5
1105412,22
1105443,10
1105465,8
1105481,7
1105513,5
1105548,33
1105584,5
1105603,5
1105627,8
1105658,5
1105684,8
1105710,11
1105739,523
1105772,5
1105797,92
1105823,66
1105850,8
1105869,16
1105903,5
1105926,38
1105953,6
1105974,21
1105990,5
1106024,8
1106060,6
1106087,6
1106112,5
1106127,150
1106151,9
1106173,46
1106199,10
1106225,8
1106245,5
1106265,6
1106290,5
1106320,5
1106348,6
1106367,10
1106406,6
1106430,11
1106453,6
1106473,8
1106500,56
1106528,5
1106560,25
1106585,11
1106614,6
1106638,44
1106662,11
1106681,12
1106713,8
1106736,9
1106758,7
1106782,5
1106805,21
1106831,20
1106861,17
1106890,77
1106909,9
1106938,11
1106970,58
1106995,5
1107009,11
1107036,109
1107069,7
1107096,11
1107129,5
1107153,5
1107175,5
1107205,10
1107238,5
1107258,22
1107281,5
1107304,16
1107324,19
1107359,21
1107392,20
1107416,5
1107439,6
1107459,9
1107482,12
1107508,6
1107541,22
1107567,12
1107586,19
1107607,6
1107626,6
1107640,6
1107669,6
1107687,13
1107709,5
1107733,40
1107755,5
1107786,5
1107806,6
1107827,7
1107846,6
1107880,5
1107909,11
1107924,10
1107947,50
1107969,5
1107989,11
1108015,15
1108045,9
1108071,8
1108094,38
1108118,5
1108148,6
1108166,30
1108199,16
1108227,7
1108252,16
1108283,6
1108319,5
1108344,111
1108366,12
1108395,6
1108419,15
1108440,14
1108464,7
1108491,13
1108523,37
1108544,5
1108570,198
1108601,5
1108627,5
1108648,5
1108677,5
1108705,6
1108734,43
1108761,20
1108784,7
1108799,5
1108820,9
1108853,5
1108893,14
1108923,7
1108945,72
1108970,10
1108991,6
1109027,11
1109056,17
1109079,9
1109105,5
1109136,7
1109158,7
1109183,5
1109203,9
1109229,11
1109249,9
1109277,23
1109299,31
1109321,6
1109347,16
1109371,13
1109390,10
1109420,6
1109448,18
1109475,15
1109498,9
1109525,10
1109551,15
1109572,22
1109607,27
1109632,39
1109656,6
1109678,5
1109701,7
1109722,8
1109749,8
1109773,14
1109801,10
1109836,17
1109858,10
1109889,6
1109908,5
1109937,6
1109959,13
1109987,5
1110005,7
1110029,9
1110057,9
1110077,14
1110109,22
1110136,5
1110167,26
1110187,5
1110208,7
1110231,35
1110252,7
1110280,5
1110308,13
1110337,5
1110367,5
1110390,9
1110417,6
1110446,5
1110469,8
1110499,13
1110530,11
1110558,8
1110577,7
1110602,69
1110616,9
1110640,11
1110664,7
1110695,23
1110722,20
1110745,12
1110765,9
1110797,5
1110821,9
1110842,6
1110868,12
1110893,6
1110922,8
1110938,10
1110965,6
1110987,7
1111018,41
1111044,57
1111070,6
1111090,5
1111106,5
1111133,6
1111169,7
1111191,12
1111216,7
1111240,16
1111274,6
1111297,1204
1111318,6
1111339,22
1111352,10
1111378,57
1111401,6
1111430,5
1111447,6
1111479,40
1111504,7
1111530,5
1111562,12
1111586,9
1111605,6
1111627,11
1111658,34
1111686,14
1111706,5
1111736,6
1111763,8
1111787,14
1111806,15
1111828,5
1111852,5
1111880,5
1111903,5
1111935,7
1111964,67
1111990,19
1112011,11
1112022,60
1112053,5
1112074,8
1112105,35
1112123,8
1112143,5
1112163,132
1112189,6
1112207,32
1112235,5
1112256,7
1112279,8
1112314,5
1112341,5
1112378,7
1112402,14
1112430,5
1112450,15
1112473,21
1112508,7
1112539,123
1112565,11
1112583,8
1112601,16
1112624,10
1112648,5
1112676,24
1112699,6
1112731,6
1112756,11
1112774,5
1112794,11
1112820,47
1112847,5
1112871,11
1112893,6
1112921,16
1112955,5
1112977,15
1112996,6
1113023,114
1113053,5
1113077,6
1113107,6
1113141,19
1113161,7
1113200,11
1113224,5
1113244,5
1113263,8
1113293,5
1113316,5
1113346,9
1113369,8
1113394,8
1113419,5
1113447,5
1113484,9
1113507,8
1113527,21
1113545,6
1113568,12
1113593,5
1113617,10
1113646,231
1113673,9
1113707,7
1113737,11
1113766,45
1113792,5
1113814,40
1113840,5
1113870,14
1113900,8
1113923,6
1113950,9
1113975,11
1114014,27
1114041,25
1114072,6
1114107,44
1114126,6
1114153,8
1114183,25
1114211,8
1114237,5
1114272,10
1114289,5
1114323,8
1114346,41
1114372,13
1114399,5
1114422,10
1114448,5
1114477,12
1114500,15
1114530,50
1114552,38
1114580,46
1114609,5
1114627,5
1114650,42
1114682,8
1114706,10
1114730,7
1114755,6
1114786,16
1114822,7
1114846,5
1114866,8
1114896,81
1114919,6
1114949,10
1114978,6
1115016,6
1115036,64
1115062,7
1115087,6
1115109,1652
1115129,24
1115159,8
1115184,7
1115197,10
1115220,5
1115244,5
1115285,5
1115313,6
1115340,12
1115367,11
1115389,10
1115414,12
1115442,5
1115469,8
1115503,20
1115526,11
1115541,8
1115560,14
1115582,5
1115605,10
1115625,8
1115655,14
1115685,8
1115710,9
1115747,7
1115765,46
1115788,6
1115810,241
1115839,15
1115863,15
1115882,5
1115907,11
1115943,9
1115966,6
1115995,6
1116019,6
1116042,5
1116063,18
1116084,5
1116108,13
1116131,7
1116158,8
1116184,5
1116214,8
1116245,13
1116275,27
1116304,6
1116327,8
1116358,10
1116384,9
1116407,31
1116430,965
1116457,9
1116480,5
1116503,5
1116528,6
1116546,7
1116573,8
1116603,14
1116631,88
1116652,24
1116686,58
1116725,5
1116754,6
1116787,9
1116809,5
1116828,13
1116860,14
1116885,6
1116921,7
1116949,20
1116971,1856
1117001,7
1117030,19
1117047,13
1117068,98
1117106,31
1117146,7
1117172,8
1117195,11
1117222,5
1117240,52
1117279,5
1117304,11
1117335,12
1117365,5
1117395,10
1117412,8
1117434,16
1117464,6
1117487,8
1117514,8
1117543,184
1117564,5
1117584,119
1117611,6
1117641,5
1117669,7
1117698,7
1117722,41
1117740,11
1117767,7
1117790,12
1117817,620
1117847,6
1117874,6
1117913,10
1117940,9
1117961,22
1117984,7
1118000,27
1118018,7
1118040,9
1118062,9
1118087,11
1118113,52
1118140,59
1118173,5
1118200,5
1118230,6
1118249,6
1118269,7
1118297,7
1118322,7
1118344,11
1118366,5
1118396,5
1118426,7
1118454,55
1118484,7
1118506,9
1118530,6
1118554,7
1118582,5
1118602,5
1118633,13
1118658,14
1118686,8
1118710,5
1118744,32
1118777,2063
1118799,10
1118824,8
1118852,13
1118878,8
1118896,5
1118919,178
1118949,6
1118968,8
1118987,8
1119013,5
1119034,8
1119050,14
1119085,21
1119117,14
1119137,18
1119163,6
1119187,13
1119214,5
1119235,6
1119263,11
1119293,8
1119320,7
1119351,10
1119380,6
1119402,15
1119433,32
1119455,12
1119487,6
1119509,6
1119538,39
1119558,8
1119585,5
1119613,12
1119633,8
1119656,6
1119688,7
1119710,6
1119752,39
1119774,6
1119793,34
1119822,8
1119861,8
1119895,14
1119919,6
1119942,17
1119970,14
1120002,5
1120019,6
1120043,6
1120061,7
1120087,5
1120106,6
1120130,6
1120155,12
1120175,13
1120202,5
1120237,14
1120263,7
1120292,14
1120322,6
1120350,5
1120383,5
1120405,10
1120422,10
1120452,10
1120472,5
1120487,5
1120511,8
1120552,11
1120580,5
1120597,54
1120618,6
1120643,16
1120663,5
1120690,6
1120708,29
1120732,19
1120753,6
1120780,6
1120804,6
1120829,6
1120855,5
1120879,11
1120900,17
1120930,5
1120961,6
1120986,14
1121008,14
1121033,17
1121061,6
1121081,6
1121110,24
1121138,16
1121164,8
1121181,5
1121205,11
1121234,6
1121263,7
1121289,9
1121320,6
1121348,6
1121373,19
1121398,5
1121425,10
1121452,33
1121469,13
1121503,25
1121528,6
1121553,7
1121578,9
1121606,20
1121630,10
1121659,5
1121683,8
1121713,86
1121733,20
1121751,11
1121778,8
1121798,11
1121828,5
1121863,5
1121893,50
1121926,6
1121949,7
1121974,8
1122002,85
1122032,44
1122054,15
1122082,15
1122102,24
1122124,13
1122153,5
1122185,6
1122207,75
1122229,183
1122245,6
1122271,167
1122300,11
1122326,5
1122350,11
1122377,8
1122402,5
1122425,12
1122448,12
1122476,15
1122500,14
1122527,5
1122544,98
1122577,82
1122607,33
1122635,87
1122667,7
1122695,5
1122714,5
1122730,5
1122755,8
1122779,5
1122805,6
1122825,8
1122842,59
1122871,10
1122888,7
1122915,10
1122937,10
1122960,9
1122988,8
1123013,14
1123035,41
1123060,7
1123084,67
1123115,8
1123139,16
1123174,18
1123194,7
1123212,37
1123241,5
1123266,5
1123292,65
1123317,206
1123343,7
1123373,7
1123406,10
1123439,5
1123465,14
1123491,12
1123529,5
1123559,7
1123580,16
1123607,23
1123631,9
1123648,20
1123680,6
1123700,6
1123722,5
1123747,27
1123776,7
1123801,73
1123829,10
1123861,8
1123887,6
1123910,5
1123939,8
1123964,5
1123985,6
1124015,101
1124033,5
1124049,10
1124074,7
1124106,8
1124130,7
1124157,7
1124181,52
1124210,8
1124234,5
1124262,5
1124278,7
1124308,7
1124333,8
1124362,55
1124391,5
1124413,5
1124436,8
1124457,11
1124493,9
1124522,6
1124532,7
1124552,5
1124571,5
1124594,16
1124615,38
1124643,5
1124665,17
1124687,10
1124714,15
1124740,5
1124769,14
1124798,15
1124821,11
1124848,39
1124875,8
1124892,7
1124916,9
1124938,7
1124965,12
1124993,5
1125019,10
1125045,5
1125069,26
1125083,5
1125115,18
1125146,8
1125166,38
1125199,5
1125227,5
1125244,13
1125267,310
1125292,7
1125326,8
1125360,10
1125391,14
1125421,20
1125447,7
1125472,6
1125505,41
1125541,6
1125567,29
1125588,5
1125617,5
1125638,6
1125656,18
1125686,6
1125715,8
1125740,18
1125764,35
1125782,14
1125800,5
1125828,11
1125849,10
1125869,10
1125896,5
1125912,5
1125944,9
1125962,5
1125991,10
1126014,12
1126042,5
1126080,64
1126098,5
1126121,6
1126150,8
1126182,206
1126199,5
1126222,79
1126246,14
1126274,5
1126305,16
1126326,9
1126356,6
1126385,52
1126413,5
1126438,6
1126458,105
1126492,51
1126521,36
1126545,14
1126565,10
1126590,8
1126620,6
1126646,20
1126670,6
1126698,8
1126726,11
1126752,5
1126787,12
1126813,9
1126844,7
1126862,14
1126893,5
1126919,10
1126946,5
1126964,24
1126995,8
1127023,7
1127053,6
1127072,6
1127104,7
1127136,78
1127161,8
1127187,6
1127215,5
1127235,22
1127258,6
1127288,5
1127326,10
1127355,11
1127376,6
1127399,5
1127419,8
1127442,9
1127471,52
1127501,20
1127530,6
1127555,6
1127585,19
1127600,11
1127625,11
1127652,7
1127673,15
1127706,22
1127735,6
1127756,8
1127786,6
1127813,6
1127836,5
1127858,18
1127884,7
1127903,14
1127928,5
1127962,5
1127985,6
1128013,13
1128039,14
1128061,46
1128094,6
1128127,146
1128153,5
1128175,5
1128204,5
1128229,219
1128252,122
1128277,6
1128294,54
1128322,6
1128348,13
1128378,8
1128410,26
1128439,23
1128466,6
1128495,12
1128521,7
1128551,10
1128571,13
1128598,6
1128622,6
1128648,11
1128676,12
1128700,11
1128737,11
1128760,5
1128781,5
1128809,15
1128843,15
1128875,6
1128895,5
1128924,6
1128953,6
1128988,5
1129011,17
1129035,16
1129067,10
1129088,7
1129122,9
1129152,6
1129170,83
1129205,11
1129239,8
1129268,7
1129302,14
1129324,5
1129347,5
1129378,6
1129396,9
1129422,6
1129442,13
1129474,5
1129496,5
1129529,10
1129557,20
1129572,6
1129594,5
1129619,11
1129652,215
1129676,6
1129710,6
1129730,7
1129749,6
1129776,7
1129804,12
1129835,45
1129857,5
1129891,6
1129926,5
1129947,5
1129973,9
1130008,8
1130028,5
1130053,20
1130076,5
1130093,20
1130113,13
1130132,12
1130156,5
1130178,6
1130205,10
1130238,6
1130261,229
1130294,5
1130316,5
1130344,15
1130362,10
1130395,16
1130422,5
1130446,10
1130479,91
1130509,11
1130534,16
1130560,7
1130588,8
1130618,7
1130639,6
1130664,5
1130695,5
1130719,6
1130746,24
1130767,11
1130796,33
1130824,14
1130840,20
1130862,7
1130888,5
1130917,13
1130941,5
1130970,5
1130993,6
1131026,8
1131062,27
1131087,6
1131114,5
1131137,5
1131175,7
1131204,4448
1131226,5
1131250,17
1131274,7
1131299,10
1131319,5
1131344,6
1131376,6
1131401,5
1131422,23
1131452,18
1131483,16
1131510,6
1131528,8
1131556,7
1131588,12
1131614,21
1131644,6
1131676,5
1131697,30
1131733,5
1131763,58
1131802,5
1131824,10
1131861,9
1131880,18
1131902,6
1131929,5
1131957,107
1131978,8
1132001,6
1132031,5
1132064,12
1132088,10
1132110,46
1132140,7
1132164,11
1132190,18
1132217,9
1132246,5
1132282,8
1132312,5
1132338,6
1132375,17
1132400,21
1132436,10
1132458,916
1132493,8
1132516,20
1132538,6
1132561,6
1132586,6
1132609,7
1132627,5
1132662,16
1132686,6
1132713,6
1132733,16
1132754,5
1132770,6
1132798,5
1132832,5
1132847,10
1132881,40
1132902,7
1132927,8
1132959,7
1132983,6
1133007,7
1133037,6
1133065,5
1133094,19
1133123,6
1133148,13
1133173,8
1133198,10
1133217,6
1133236,6
1133261,5
1133283,11
1133312,5
1133334,5
1133359,11
1133386,9
1133408,8
1133434,5
1133448,7
1133474,21
1133498,15
1133528,14
1133554,39
1133581,9
1133613,21
1133646,5
1133673,9
1133695,5
1133727,5
1133763,5
1133796,6
1133829,5
1133853,17
1133885,8
1133921,13
1133943,8
1133971,21
1134007,5
1134033,8
1134066,6
1134092,6
1134114,5
1134135,23
1134164,11
1134190,6
1134219,5
1134246,15
1134273,5
1134302,6
1134331,5
1134362,5
1134375,437
1134407,6
1134429,6
1134447,18
1134478,8
1134506,6
1134529,6
1134547,22
1134581,19
1134599,6
1134632,5
1134661,7
1134680,21
1134707,8
1134723,8
1134751,8
1134779,92
1134799,1212
1134824,5
1134849,10
1134873,18
1134902,7
1134930,5
1134950,5
1134973,6
1135000,5
1135024,5
1135051,5
1135066,7
1135096,15
1135120,5
1135143,27
1135161,6
1135185,18
1135204,6
1135235,7
1135269,7
1135291,165
1135313,58
1135337,54
1135361,8
1135384,13
1135415,6
1135448,5
1135474,95
1135505,5
1135527,36
1135556,45
1135586,5
1135607,83
1135634,19
1135662,286
1135688,6
1135718,9
1135743,21
1135776,5
1135799,6
1135832,5
1135853,9
1135873,6
1135901,7
1135940,130
1135970,7
1136004,7
1136028,8
1136052,38
1136082,133
1136103,23
1136126,12
1136146,14
1136169,5
1136199,13
1136217,6
1136233,5
1136260,13
1136282,10
1136314,78
1136337,7
1136352,8
1136371,11
1136393,6
1136417,5
1136440,6
1136463,5
1136499,5
1136531,81
1136550,5
1136579,13
1136602,34
1136624,337
1136649,77
1136671,15
1136702,7
1136733,8
1136751,25
1136759,16
1136784,41
1136804,10
1136826,5
1136853,5
1136877,8
1136899,9
1136928,5
1136950,10
1136973,24
1136998,16
1137022,5
1137048,26
1137072,24
1137087,5
1137107,13
1137132,7
1137149,17
1137184,6
1137208,6
1137236,5
1137265,7
1137288,5
1137319,18
1137342,49
1137368,7
1137399,5
1137420,128
1137448,8
1137472,6
1137488,116
1137522,16
1137540,5
1137560,5
1137579,18
1137607,5
1137633,12
1137662,12
1137698,6
1137725,5
1137749,6
1137772,6
1137800,5
1137821,6
1137853,5
1137885,7
1137919,21
1137934,15
1137952,12
1137979,10
1138006,6
1138042,6
1138069,6
1138096,5
1138121,13
1138147,6
1138171,678
1138197,12
1138220,5
1138246,18
1138276,7
1138299,5
1138327,6
1138346,5
1138381,6
1138414,156
1138443,5
1138475,5
1138510,6
1138528,33
1138559,6
1138587,15
1138610,6
1138640,6
1138672,16
1138696,22
1138722,6
1138742,5
1138756,6
1138786,10
1138816,6
1138845,5
1138866,8
1138893,13
1138921,6
1138949,34
1138985,12
1139003,7
1139021,66
1139036,5
1139060,6
1139087,12
1139114,6
1139140,12
1139178,7
1139213,26
1139235,65
1139257,8
1139277,7
1139299,5
1139324,22
1139355,9
1139376,41
1139400,6
1139428,6
1139451,8
1139477,19
1139496,5
1139508,36
1139538,5
1139562,35
1139592,11
1139614,52
1139632,6
1139656,5
1139684,5
1139713,11
1139739,10
1139773,7
1139801,5
1139819,5
1139856,42
1139874,5
1139910,10
1139934,19
1139956,7
1139987,6
1140009,9
1140034,21
1140053,18
1140078,26
1140107,5
1140128,37
1140153,106
1140178,5
1140204,6
1140227,35
1140256,7
1140277,8
1140301,269
1140330,7
1140354,102
1140395,5
1140418,7
1140441,8
1140478,16
1140506,58
1140528,5
1140554,23
1140583,6
1140608,12
1140640,5
1140662,7
1140687,5
1140712,8
1140734,9
1140765,5
1140788,9
1140813,8
1140848,5
1140876,6
1140910,71
1140942,7
1140959,6
1140986,5
1141007,6
1141031,6
1141058,17
1141082,5
1141111,290
1141137,5
1141156,9
1141183,117
1141207,30
1141235,7
1141257,7
1141280,5
1141314,154
1141341,5
1141371,15
1141401,5
1141422,11
1141449,6
1141475,5
1141492,8
1141517,6
1141545,40
1141566,8
1141587,5
1141610,31
1141636,6
1141657,12
1141680,5
1141706,85
1141736,5
1141755,26
1141784,5
1141813,10
1141847,11
1141876,12
1141901,25
1141924,5
1141959,8
1141990,10
1142015,15
1142038,8
1142065,5
1142087,12
1142112,6
1142137,6
1142156,7
1142183,10
1142217,6
1142243,7
1142270,7
1142291,5
1142313,20
1142342,5
1142370,7
1142402,7
1142434,6
1142473,11
1142502,46
1142529,13
1142559,5
1142587,11
1142614,8
1142646,6
1142674,15
1142693,5
1142724,10
1142747,7
1142781,13
1142808,6
1142833,6
1142855,5
1142871,6
1142898,19
1142924,5
1142946,31
1142967,7
1142992,26
1143022,14
1143051,5
1143076,18
1143096,5
1143123,7
1143145,9
1143168,5
1143192,6
1143212,5
1143238,8
1143266,107
1143289,11
1143311,7
1143336,7
1143362,21
1143382,11
1143411,14
1143434,401
1143464,190
1143489,5
1143506,5
1143538,67
1143561,6
1143587,7
1143614,8
1143633,6
1143659,7
1143682,15
1143702,9
1143732,9
1143764,5
1143794,6
1143819,6
1143851,11
1143884,2365
1143915,20
1143938,7
1143961,7
1143996,5
1144012,7
1144037,107
1144064,14
1144094,6
1144122,10
1144141,5
1144167,5
1144190,6
1144215,5
1144246,48
1144269,20
1144298,5
1144318,6
1144349,95
1144373,7
1144401,14
1144426,112
1144456,9
1144488,34
1144510,81
1144534,209
1144555,5
1144591,5
1144622,11
1144643,5
1144668,5
1144688,5
1144704,7
1144731,5
1144750,14
1144779,7
1144800,7
1144821,5
1144851,5
1144882,26
1144915,11
1144940,37
1144960,12
1144990,5
1145028,15
1145052,7
1145077,11
1145103,6
1145134,7
1145166,17
1145193,646
1145213,6
1145240,5
1145267,5
1145294,5
1145322,6
1145357,8
1145380,6
1145411,6
1145434,6
1145459,10
1145483,8
1145517,8
1145544,61
1145573,16
1145598,5
1145628,9
1145661,5
1145688,5
1145714,7
1145747,25
1145786,14
1145809,11
1145826,7
1145857,6
1145878,10
1145895,13
1145918,6
1145939,28
1145954,12
1145984,14
1146016,19
1146037,5
1146066,25
1146088,13
1146127,36
1146153,10
1146177,6
1146192,46
1146219,15
1146244,11
1146273,18
1146304,7
1146338,6
1146355,6
1146381,6
1146409,13
1146443,5
1146470,15
1146493,8
1146524,6
1146549,126
1146577,5
1146600,11
1146632,5
1146655,11
1146681,8
1146713,5
1146734,30
1146769,68
1146802,43
1146830,9
1146851,8
1146881,76
1146910,6
1146941,21
1146969,58
1146997,6
1147025,8
1147060,6
1147083,16
1147108,5
1147126,13
1147153,176
1147172,106
1147196,9
1147223,6
1147255,11
1147274,8
1147301,9
1147320,5
1147351,5
1147380,27
1147402,6
1147431,14
1147458,9
1147478,9
1147508,7
1147537,6
1147561,25
1147586,153
1147615,14
1147649,8
1147680,5
1147707,5
1147733,5
1147752,6
1147773,12
1147796,6
1147816,10
1147838,9
1147862,8
1147899,263
1147928,5
1147957,8
1147982,1050
1148001,7
1148030,5
1148057,16
1148086,19
1148104,8
1148132,22
1148155,260
1148176,5
1148203,9
1148230,7
1148253,45
1148279,6
1148309,8
1148332,7
1148358,6
1148389,8
1148416,8
1148443,9
1148475,30
1148502,5
1148530,9
1148550,5
1148572,7
1148598,6
1148637,17
1148654,15
1148678,5
1148701,9
1148729,9
1148754,6
1148779,13
1148799,15
1148824,9
1148861,12
1148877,10
1148907,14
1148926,10
1148959,5
1148978,5
1149022,12
1149041,7
1149069,7
1149094,260
1149122,21
1149137,5
1149163,6
1149190,19
1149220,6
1149246,15
1149262,11
1149297,27
1149327,5
1149351,20
1149376,7
1149401,5
1149430,12
1149460,9
1149488,7
1149518,6
1149531,7
1149555,10
1149589,15
1149624,5
1149652,9
1149682,24
1149704,56
1149729,203
1149755,17
1149783,18
1149805,5
1149828,14
1149866,10
1149896,7
1149916,17
1149937,5
1149962,44
1149991,16
1150017,7
1150047,22
1150071,8
1150097,17
1150120,34
1150150,48
1150183,46
1150211,25
1150241,5
1150263,7
1150283,9
1150307,25
1150332,518
1150350,8
1150381,6
1150411,16
1150433,5
1150458,9
1150490,74
1150528,51
1150545,11
1150574,8
1150606,13
1150628,6
1150649,7
1150672,7
1150697,6
1150730,5
1150758,7
1150782,5
1150811,15
1150835,16
1150857,6
1150886,7
1150911,14
1150935,9
1150965,5
1151002,7
1151029,7
1151046,6
1151073,8
1151093,14
1151114,22
1151143,6
1151162,10
1151189,25
1151210,5
1151229,342
1151261,109
1151290,7
1151317,9
1151355,7
1151378,90
1151405,5
1151431,9
1151453,48
1151469,10
1151489,16
1151518,10
1151549,12
1151573,5
1151618,9
1151646,7
1151676,7
1151706,7
1151733,14
1151760,5
1151782,7
1151813,5
1151833,1003
1151858,5
1151884,15
1151908,76
1151926,6
1151947,6
1151971,17
1151997,5
1152028,8
1152059,11
1152077,6
1152099,22
1152126,12
1152152,11
1152176,11
1152205,5
1152231,8
1152253,8
1152273,17
1152308,19
1152336,7
1152369,6
1152393,5
1152419,15
1152438,6
1152459,7
1152488,5
1152513,5
1152547,9
1152577,6
1152611,5
1152638,5
1152666,6
1152694,7
1152725,24
1152746,7
1152773,117
1152796,344
1152820,7
1152846,5
1152881,7
1152904,9
1152931,20
1152957,6
1152989,36
1153015,5
1153038,14
1153056,19
1153072,6
1153095,16
1153124,11
1153149,5
1153178,6
1153209,7
1153235,16
1153256,7
1153279,125
1153317,6
1153342,8
1153364,25
1153401,5
1153430,19
1153457,6
1153485,7
1153502,15
1153527,24
1153554,22
1153582,5
1153611,12
1153632,10
1153652,8
1153674,8
1153694,7
1153715,10
1153752,66
1153779,8
1153805,7
1153832,13
1153866,13
1153888,32
1153919,45
1153944,11
1153974,25
1153998,9
1154015,10
1154033,8
1154055,5
1154081,5
1154115,10
1154139,6
1154172,12
1154203,5
1154233,7
1154256,5
1154274,12
1154294,8
1154315,7
1154340,10
1154377,8
1154409,7
1154433,24
1154452,5
1154472,11
1154496,5
1154523,8
1154547,14
1154569,7
1154601,5
1154618,7
1154651,5
1154676,6
1154701,8
1154732,15
1154755,5
1154774,10
1154799,6
1154821,10
1154848,12
1154870,5
1154893,6
1154924,15
1154948,5
1154973,9
1155002,5
1155037,10
1155062,6
1155090,5
1155112,54
1155139,8
1155167,16
1155195,6
1155220,28
1155241,6
1155268,453
1155291,6
1155317,5
1155334,13
1155363,40
1155386,16
1155428,6
1155448,5
1155468,6
1155499,24
1155520,6
1155544,5
1155571,5
1155598,6
1155621,6
1155648,21
1155677,5
1155708,13
1155735,12
1155763,7
1155803,5
1155844,5
1155867,174
1155898,5
1155933,15
1155957,6
1155979,5
1156003,7
1156020,6
1156038,7
1156060,29
1156082,14
1156114,5
1156136,11
1156155,17
1156172,10
1156200,6
1156226,5
1156244,7
1156269,6
1156295,55
1156317,54
1156347,33
1156373,9
1156402,6
1156419,14
1156441,6
1156474,7
1156501,10
1156512,115
1156540,19
1156560,7
1156591,18
1156615,6
1156637,5
1156666,5
1156701,5
1156720,7
1156747,22
1156768,5
1156803,11
1156828,5
1156854,5
1156885,7
1156903,8
1156936,8
1156954,9
1156981,6
1157006,6
1157037,5
1157067,10
1157100,5
1157121,5
1157150,5
1157174,9
1157192,7
1157217,5
1157239,5
1157266,5
1157286,7
1157314,127
1157340,11
1157365,11
1157394,302
1157422,13
1157456,5
1157468,8
1157493,5
1157524,14
1157548,6
1157571,7
1157592,7
1157613,7
1157629,5
1157658,10
1157685,9
1157702,21
1157724,17
1157746,19
1157770,11
1157793,10
1157817,5
1157834,16
1157856,40
1157884,13
1157913,5
1157930,6
1157958,8
1157974,5
1158002,13
1158025,48
1158049,8
1158066,25
1158094,5
1158120,67
1158145,6
1158170,6
1158197,5
1158220,5
1158247,7
1158274,12
1158301,9
1158327,99
1158356,12
1158380,6
1158409,4868
1158437,13
1158472,7
1158500,5
1158520,9
1158544,11
1158569,8
1158594,8
1158625,8
1158645,21
1158667,5
1158697,6
1158720,5
1158746,7
1158764,14
1158787,7
1158822,5
1158851,14
1158874,16
1158892,81
1158916,7
1158936,6
1158961,7
1158995,5
1159029,5
1159056,5
1159073,24
1159105,13
1159129,24
1159146,9
1159163,9
1159189,8
1159223,7
1159249,10
1159283,33
1159316,20
1159334,5
1159360,10
1159384,10
1159417,5
1159437,6
1159467,18
1159490,35
1159514,7
1159536,8
1159567,372
1159594,8
1159622,6
1159657,5
1159682,7
1159704,7
1159745,11
1159776,5
1159813,6
1159835,5
1159851,9
1159884,5
1159910,50
1159942,15
1159972,5
1159998,16
1160018,7
1160033,6
1160059,11
1160089,12
1160109,5
1160140,6
1160166,6
1160189,5
1160221,6
1160250,6
1160274,8
1160294,7
1160327,11
1160355,21
1160380,11
1160403,7
1160436,5
1160460,5
1160483,5
1160505,5
1160535,17
1160554,10
1160579,6
1160599,26
1160627,7
1160654,13
1160682,6
1160715,5
1160736,5
1160762,7
1160785,15
1160812,55
1160829,12
1160851,5
1160876,5
1160898,6
1160923,5
1160953,6
1160976,5
1160994,9
1161020,5
1161052,5
1161078,6
1161110,7
1161137,6
1161162,19
1161183,64
1161207,14
1161229,5
1161251,5
1161277,6
1161304,10
1161319,6
1161351,5
1161388,5
1161414,12
1161438,22
1161463,6
1161486,7
1161515,13
1161547,20
1161575,6
1161608,24
1161634,6
1161661,5
1161693,6
1161725,19
1161756,7
1161784,7
1161807,10
1161833,20
1161855,10
1161880,9
1161916,30
1161943,12
1161967,8
1162000,7
1162024,5
1162052,5
1162073,5
1162102,22
1162142,6
1162170,22
1162196,5
1162218,6
1162240,5
1162265,5
1162289,7
1162325,8
1162356,13
1162383,5
1162406,6
1162433,6
1162457,8
1162482,76
1162510,44
1162537,11
1162560,9
1162584,5
1162600,11
1162635,11
1162657,6
1162682,5
1162716,6
1162736,5
1162763,26
1162790,14
1162808,6
1162843,7
1162869,18
1162889,5
1162917,7
1162945,12
1162986,10
1163016,15
1163045,14
1163072,15
1163100,9
1163125,15
1163148,6
1163178,5
1163201,7
1163240,8
1163267,9
1163295,9
1163322,6
1163354,5
1163376,5
1163407,11
1163433,206
1163462,13
1163481,5
1163509,5
1163544,5
1163575,6
1163605,39
1163641,5
1163662,8
1163683,7
1163702,10
1163731,46
1163754,13
1163789,26
1163819,12
1163845,6
1163867,12
1163885,10
1163916,21
1163945,18
1163968,6
1163991,47
1164018,6
1164051,16
1164079,49
1164101,6
1164125,41
1164155,7
1164179,12
1164204,5
1164229,54
1164248,23
1164270,79
1164300,36
1164334,15
1164348,6
1164376,16
1164398,6
1164427,9
1164455,14
1164477,6
1164501,5
1164530,13
1164553,5
1164583,20
1164611,5
1164646,32
1164674,6
1164694,5
1164715,12
1164739,30
1164767,12
1164789,8
1164809,23
1164837,10
1164867,15
1164895,7
1164922,10
1164954,7
1164991,5
1165019,5
1165046,6
1165079,8
1165101,17
1165126,175
1165151,6
1165183,7
1165206,7
1165229,7
1165258,6
1165278,82
1165309,6
1165335,26
1165362,10
1165388,28
1165408,11
1165439,8
1165467,9
1165498,6
1165525,5
1165560,5
1165581,10
1165607,6
1165641,189
1165663,13
1165685,6
1165704,8
1165735,6
1165765,5
1165788,25
1165807,9
1165838,6
1165871,5
1165893,7
1165928,10
1165955,10
1165989,6
1166011,10
1166036,22
1166056,8
1166084,19
1166104,6
1166127,8
1166149,5
1166168,5
1166191,15
1166221,7
1166249,8
1166281,10
1166306,7
1166334,5
1166369,7
1166398,43
1166413,5
1166448,12
1166470,10
1166495,12
1166522,7
1166553,11
1166578,5
1166596,13
1166621,24
1166653,9
1166680,6
1166706,16
1166740,13
1166767,25
1166789,10
1166819,11
1166838,18
1166866,18
1166885,7
1166910,19
1166936,17
1166966,5
1167002,47
1167022,5
1167043,9
1167067,5
1167097,5
1167115,7
1167142,35
1167165,6
1167197,8
1167221,9
1167238,27
1167264,8
1167288,8
1167308,5
1167337,7
1167361,22
1167382,7
1167408,6
1167432,5
1167456,6
1167477,6
1167511,8
1167528,7
1167556,9
1167589,8
1167621,5
1167638,6
1167666,8
1167693,130
1167715,5
1167743,8
1167766,11
1167789,11
1167818,6
1167847,11
1167867,11
1167904,42
1167930,18
1167972,6
1168006,6
1168022,5
1168050,11
1168070,11
1168093,9
1168125,26
1168165,5
1168195,6
1168209,7
1168235,7
1168258,5
1168286,5
1168310,8
1168330,6
1168364,6
1168392,25
1168419,11
1168444,7
1168467,7
1168495,5
1168517,5
1168544,7
1168572,7
1168594,37
1168623,7
1168650,5
1168672,7
1168706,6
1168738,9
1168768,6
1168796,5
1168814,5
1168842,15
1168874,49
1168897,23
1168913,5
1168939,6
1168964,8
1168987,24
1169016,10
1169037,5
1169063,8
1169083,156
1169114,9
1169136,6
1169163,6
1169187,15
1169217,6
1169242,12
1169268,9
1169299,8
1169325,8
1169357,10
1169395,9
1169427,6
1169460,11
1169484,9
1169501,26
1169520,6
1169538,5
1169565,6
1169586,6
1169613,10
1169640,6
1169660,6
1169687,18
1169711,62
1169739,7
1169762,26
1169796,35
1169820,48
1169847,6
1169870,32
1169893,5
1169920,16
1169954,9
1169984,7
1170013,8
1170036,5
1170064,8
1170089,7
1170115,8
1170143,11
1170169,10
1170202,16
1170233,5
1170254,14
1170284,6
1170304,5
1170327,5
1170355,6
1170373,6
1170393,5
1170420,8
1170447,7
1170471,5
1170503,12
1170540,15
1170568,5
1170584,30
1170606,5
1170628,5
1170656,9
1170678,5
1170706,5
1170735,10
1170759,7
1170784,6
1170806,7
1170837,5
1170862,34
1170883,5
1170911,6
1170935,7
1170959,16
1170992,16
1171023,11
1171051,18
1171071,5
1171095,7
1171124,7
1171153,16
1171186,6
1171214,9
1171233,6
1171261,9
1171279,5
1171317,15
1171354,5
1171375,158
1171396,6
1171418,8
1171446,6
1171466,5
1171477,33
1171507,5
1171531,6
1171554,5
1171576,10
1171600,6
1171637,6
1171679,9
1171709,38
1171732,5
1171754,18
1171773,37
1171804,5
1171833,6
1171863,5
1171888,6
1171911,10
1171946,7
1171977,6
1172001,5
1172019,57
1172049,12
1172073,14
1172101,21
1172129,11
1172156,5
1172193,23
1172221,17
1172240,9
1172271,7
1172303,5
1172328,8
1172360,74
1172390,5
1172414,7
1172436,13
1172463,14
1172482,16
1172504,14
1172544,5
1172574,7
1172592,14
1172624,6
1172657,7
1172686,17
1172719,77
1172744,28
1172767,6
1172787,8
1172813,5
1172839,8
1172863,5
1172888,7
1172916,14
1172951,5
1172989,28
1173006,14
1173030,7
1173060,6
1173086,36
1173118,5
1173146,6
1173173,36
1173192,13
1173223,28
1173255,5
1173290,5
1173321,23
1173352,7
1173385,31
1173412,23
1173438,7
1173468,8
1173494,16
1173536,7
1173560,7
1173583,23
1173606,6
1173629,15
1173660,11
1173682,190
1173720,5
1173740,7
1173762,14
1173797,21
1173823,40
1173848,11
1173880,19
1173910,5
1173931,12
1173959,8
1173989,45
1174014,6
1174042,42
1174060,11
1174097,20
1174125,5
1174149,9
1174177,9
1174201,14
1174230,56
1174253,9
1174281,17
1174308,13
1174338,6
1174368,15
1174391,10
1174421,128
1174451,9
1174478,7
1174511,92
1174533,8
1174565,136
1174594,5
1174619,5
1174648,5
1174676,6
1174700,5
1174724,27
1174750,8
1174770,22
1174803,6
1174836,8
1174857,12
1174883,39
1174914,11
1174943,13
1174971,495
1175000,8
1175033,62
1175059,6
1175082,8
1175101,5
1175120,16
1175149,1200
1175174,18
1175206,7
1175233,31
1175259,22
1175282,5
1175307,5
1175326,5
1175354,9
1175379,9
1175410,5
1175441,8
1175460,7
1175486,18
1175514,5
1175544,6
1175566,8
1175594,6
1175619,6
1175641,6
1175674,7
1175697,5
1175724,9
1175752,15
1175771,6
1175795,7
1175818,6
1175841,8
1175865,54
1175883,10
1175905,9
1175933,6
1175969,16
1176005,7
1176028,6
1176053,5
1176078,7
1176097,5
1176125,8
1176148,5
1176175,7
1176204,8
1176232,6
1176257,11
1176287,5
1176317,37
1176339,5
1176364,5
1176385,9
1176416,6
1176446,982
1176471,6
1176494,6
1176521,30
1176543,5
1176573,7
1176596,7
1176620,12
1176648,6
1176676,6
1176705,8
1176734,13
1176757,5
1176783,5
1176811,5
1176832,15
1176855,7
1176883,5
1176898,6
1176926,16
1176948,13
1176964,8
1176990,10
1177018,10
1177034,10
1177063,22
1177091,8
1177129,8
1177155,7
1177180,20
1177209,5
1177229,5
1177250,17
1177271,19
1177294,5
1177316,16
1177335,16
1177360,15
1177387,9
1177409,6
1177439,5
1177475,5
1177498,12
1177525,12
1177556,133
1177580,55
1177606,13
1177638,147
1177664,7
1177690,6
1177726,36
1177754,7
1177774,47
1177801,371
1177830,22
1177853,7
1177879,12
1177908,6
1177943,8
1177973,6
1178005,15
1178033,33
1178053,7
1178076,8
1178104,6
1178133,6
1178166,19
1178197,44
1178226,9
1178245,13
1178274,5
1178294,6
1178328,5
1178353,6
1178373,14
1178404,11
1178431,214
1178453,7
1178482,45
1178505,6
1178531,10
1178554,8
1178585,5
1178616,12
1178642,119
1178670,19
1178697,5
1178721,15
1178743,11
1178764,5
1178791,125
1178824,15
1178851,6
1178880,32
1178907,6
1178934,13
1178963,5
1178988,5
1179024,5
1179053,3344
1179079,6
1179103,22
1179124,7
1179154,10
1179184,80
1179212,6
1179234,5
1179260,12
1179294,6
1179313,16
1179334,12
1179360,8
1179379,14
1179402,13
1179431,5
1179455,9
1179475,28
1179496,7
1179532,13
1179553,16
1179575,5
1179607,17
1179629,9
1179663,11
1179696,9
1179723,21
1179748,5
1179768,7
1179800,8
1179827,5
1179854,5
1179885,5
1179912,149
1179943,11
1179967,5
1179984,6
1180007,5
1180036,6
1180067,6
1180090,10
1180117,6
1180144,6
1180175,6
1180202,6
1180218,6
1180251,15
1180278,5
1180304,7
1180333,11
1180363,6
1180387,5
1180418,23
1180453,6
1180492,13
1180520,10
1180545,10
1180567,5
1180593,8
1180620,59
1180649,6
1180669,5
1180695,8
1180720,15
1180741,17
1180765,7
1180788,5
1180816,5
1180837,11
1180857,6
1180876,9
1180908,5
1180931,38
1180950,13
1180981,6
1181010,11
1181038,16
1181066,5
1181092,5
1181126,10
1181155,8
1181188,8
1181207,6
1181230,8
1181252,5
1181290,5
1181323,33
1181360,8
1181387,12
1181406,6
1181435,7
1181463,27
1181496,17
1181527,299
1181547,12
1181573,282
1181595,10
1181624,7
1181655,6
1181683,6
1181710,11
1181730,8
1181756,8
1181783,16
1181809,7
1181831,9
1181860,7
1181890,6
1181918,13
1181947,5
1181970,9
1182001,17
1182021,9
1182062,27
1182093,7
1182123,16
1182149,10
1182176,18
1182199,5
1182222,34
1182248,24
1182282,11
1182308,9
1182335,5
1182356,8
1182383,5
1182404,8
1182432,77
1182453,13
1182477,15
1182515,12
1182538,5
1182559,20
1182585,6
1182609,23
1182639,11
1182667,7
1182698,10
1182726,5
1182761,11
1182788,14
1182814,10
1182833,6
1182857,5
1182879,24
1182894,6
1182921,17
1182950,6
1182979,7
1183000,8
1183036,52
1183076,5
1183107,7
1183130,33
1183165,5
1183191,20
1183211,7
1183229,163
1183251,72
1183280,6
1183308,7
1183335,24
1183353,15
1183382,52
1183406,5
1183438,6
1183460,6
1183482,9
1183506,5
1183539,41
1183555,6
1183574,8
1183597,5
1183624,5
1183647,5
1183668,5
1183699,6
1183728,7
1183751,8
1183768,9
1183795,7
1183816,6
1183835,19
1183857,6
1183879,25
1183908,460
1183940,5
1183969,10
1183998,12
1184028,7
1184047,5
1184069,15
1184100,11
1184129,21
1184159,5
1184188,6
1184213,90
1184236,7
1184259,14
1184297,7
1184316,6
1184347,6
1184381,22
1184407,6
1184430,8
1184453,34
1184488,19
1184511,17
1184533,30
1184561,8
1184593,14
1184618,8
1184637,22
1184660,5
1184684,21
1184702,20
1184725,5
1184753,6
1184778,7
1184803,6
1184836,9
1184863,5
1184890,5
1184925,15
1184949,12
1184968,6
1184993,10
1185017,19
1185040,7
1185070,7
1185096,6
1185123,12
1185148,8
1185168,9
1185194,5
1185223,5
1185242,5
1185268,5
1185289,13
1185312,5
1185335,6
1185353,7
1185378,7
1185398,7
1185421,5
1185454,21
1185487,35
1185509,10
1185535,12
1185559,5
1185593,8
1185617,5
1185648,7
1185680,6
1185706,6
1185738,7
1185762,74
1185790,25
1185811,11
1185832,6
1185856,11
1185883,9
1185914,7
1185942,9
1185969,7
1185992,23
1186022,9
1186051,26
1186077,5
1186113,6
1186140,107
1186164,59
1186183,18
1186209,5
1186232,38
1186254,10
1186284,11
1186309,6
1186333,6
1186346,6
1186376,5
1186404,6
1186437,673
1186465,50
1186493,5
1186524,12
1186555,12
1186576,7
1186611,6
1186641,13
1186658,6
1186683,10
1186712,9
1186747,7
1186772,9
1186793,7
1186824,5
1186851,6
1186874,6
1186902,5
1186934,8
1186959,11
1186988,19
1187016,6
1187045,5
1187066,42
1187094,11
1187123,11
1187142,8
1187171,11
1187206,7
1187231,65
1187254,12
1187270,107
1187297,6
1187321,6
1187342,8
1187376,15
1187394,6
1187411,5
1187430,45
1187457,5
1187477,6
1187506,15
1187531,36
1187565,5
1187589,6
1187614,19
1187642,7
1187663,23
1187688,8
1187710,50
1187727,18
1187751,8
1187770,6
1187801,8
1187821,23
1187842,9
1187865,6
1187887,7
1187907,9
1187939,7
1187966,16
1187990,14
1188008,6
1188041,5
1188068,13
1188093,6
1188128,6
1188162,5
1188185,6
1188213,13
1188239,6
1188253,21
1188291,5
1188319,19
1188347,6
1188376,8
1188402,13
1188419,24
1188448,6
1188473,8
1188496,12
1188521,6
1188545,7
1188571,35
1188604,5
1188629,7
1188664,5
1188687,9
1188709,12
1188735,5
1188758,26
1188785,11
1188814,24
1188843,5
1188868,6
1188891,5
1188916,5
1188947,15
1188971,6
1188994,27
1189023,9
1189046,16
1189072,5
1189112,5
1189133,20
1189166,23
1189189,5
1189221,14
1189246,5
1189274,5
1189304,211
1189332,20
1189359,21
1189387,5
1189413,10
1189437,7
1189459,8
1189488,15
1189523,5
1189560,11
1189581,31
1189610,6
1189637,22
1189665,5
1189684,6
1189709,6
1189741,5
1189769,34
1189797,66
1189817,7
1189846,10
1189873,19
1189891,78
1189918,5
1189940,5
1189962,11
1189992,33
1190013,5
1190033,13
1190060,8
1190081,27
1190106,33
1190130,6
1190154,8
1190176,7
1190198,10
1190223,8
1190241,10
1190273,6
1190309,5
1190342,17
1190368,7
1190388,6
1190411,5
1190433,20
1190456,10
1190488,35
1190509,28
1190531,17
1190559,8
1190580,27
1190608,9
1190634,19
1190659,73
1190692,66
1190711,53
1190738,18
1190765,5
1190807,6
1190828,8
1190848,9
1190881,36
1190906,6
1190935,120
1190963,9
1190987,6
1191011,22
1191042,18
1191059,7
1191083,5
1191112,5
1191140,14
1191172,19
1191207,6
1191231,10
1191257,6
1191279,23
1191303,5
1191328,19
1191350,5
1191380,5
1191413,53
1191446,13
1191469,12
1191490,107
1191518,9
1191537,39
1191570,19
1191596,9
1191622,23
1191643,8
1191662,34
1191690,5
1191715,8
1191740,14
1191757,6
1191778,5
1191802,6
1191822,7
1191854,16
1191879,7
1191905,12
1191931,15
1191963,13
1191991,8
1192013,11
1192039,35
1192066,9
1192092,22
1192124,11
1192157,7
1192186,9
1192211,5
1192242,6
1192265,5
1192301,179
1192322,6
1192347,5
1192374,9
1192398,6
1192431,13
1192466,9
1192495,5
1192521,5
1192548,69
1192569,16
1192593,11
1192617,7
1192641,5
1192675,27
1192702,7
1192726,15
1192753,11
1192778,8
1192813,6
1192838,130
1192860,6
1192882,6
1192906,10
1192924,7
1192953,22
1192979,5
1193003,76
1193023,5
1193050,9
1193073,10
1193109,6
1193137,162
1193157,7
1193180,7
1193216,5
1193235,16
1193254,36
1193291,19
1193314,7
1193337,10
1193378,9
1193402,5
1193437,11
1193469,5
1193502,490
1193540,298
1193563,27
1193584,7
1193605,18
1193627,10
1193650,45
1193671,6
1193702,6
1193722,8
1193742,10
1193766,6
1193788,9
1193814,6
1193830,15
1193860,5
1193888,5
1193912,5
1193937,10
1193956,10
1193989,12
1194005,15
1194027,8
1194053,56
1194076,6
1194100,44
1194119,6
1194144,49
1194168,12
1194188,26
1194208,5
1194234,10
1194261,68
1194285,5
1194314,5
1194341,5
1194362,6
1194382,21
1194406,5
1194425,9
1194454,7
1194480,5
1194501,39
1194524,11
1194551,26
1194574,6
1194597,5
1194615,5
1194638,19
1194668,6
1194703,7
1194730,5
1194752,33
1194776,5
1194805,5
1194830,12
1194865,5
1194894,7
1194915,14
1194948,11
1194978,31
1195008,8
1195029,12
1195049,10
1195082,46
1195104,5
1195128,17
1195148,11
1195170,15
1195196,11
1195222,29
1195245,9
1195263,8
1195290,7
1195312,6
1195338,12
1195362,7
1195397,118
1195423,9
1195459,9
1195484,7
1195508,9
1195531,10
1195557,6
1195575,20
1195596,6
1195617,8
1195642,8
1195665,93
1195687,6
1195710,44
1195741,5
1195769,7
1195789,12
1195816,7
1195843,37
1195877,12
1195899,5
1195931,23
1195954,6
1195981,6
1196003,12
1196024,6
1196043,7
1196072,9
1196097,5
1196129,5
1196160,13
1196181,33
1196226,34
1196265,7
1196298,10
1196323,41
1196344,5
1196374,11
1196397,90
1196424,5
1196452,6
1196478,10
1196507,21
1196539,14
1196566,6
1196587,64
1196612,6
1196635,6
1196660,12
1196683,5
1196713,7
1196742,24
1196762,10
1196778,51
1196814,25
1196845,6
1196880,7
1196906,7
1196937,5
1196963,6
1196983,13
1197003,6
1197035,5
1197058,11
1197090,5
1197124,5
1197148,14
1197173,6
1197204,7
1197230,7
1197261,26
1197285,20
1197309,7
1197332,5
1197363,5
1197384,7
1197410,38
1197445,26
1197475,19
1197498,12
1197527,5
1197545,5
1197575,49
1197607,7
1197629,44
1197653,11
1197669,13
1197688,9
1197716,7
1197746,10
1197776,11
1197801,28
1197830,35
1197857,6
1197892,11
1197918,7
1197941,7
1197965,5
1198000,8
1198011,6
1198037,26
1198061,6
1198086,8
1198108,14
1198136,6
1198168,51
1198196,6
1198226,34
1198252,6
1198271,12
1198304,11
1198331,7
1198357,8
1198382,5
1198407,5
1198433,37
1198453,6
1198478,10
1198516,6
1198546,9
1198571,9
1198604,5
1198632,6
1198662,15
1198683,5
1198710,5
1198735,15
1198759,19
1198794,5
1198821,9
1198860,6
1198890,581
1198923,6
1198940,6
1198963,9
1198989,5
1199016,10
1199047,5
1199079,6
1199102,6
1199128,5
1199159,9
1199181,5
1199214,8
1199249,6
1199273,6
1199308,23
1199332,16
1199364,58
1199389,5
1199420,9
1199440,5
1199460,50
1199491,8
1199512,5
1199542,22
1199574,5
1199598,9
1199627,13
1199656,13
1199690,6
1199727,34
1199762,5
1199783,9
1199809,10
1199835,65
1199853,88
1199881,9
1199907,15
1199935,13
1199965,7
1199992,21
1200018,5
1200047,8
1200073,18
1200102,10
1200135,29
1200170,5
1200197,30
1200215,8
1200233,8
1200261,5
1200287,24
1200317,9
1200344,5
1200365,12
1200392,27
1200415,5
1200438,27
1200462,8
1200493,6
1200519,5
1200544,21
1200574,5
1200593,17
1200632,6
1200654,7
1200684,6
1200714,8
1200740,36
1200760,19
1200792,35
1200818,7
1200845,10
1200875,5
1200896,12
1200921,7
1200954,5
1200980,5
1201003,5
1201032,17
1201053,6
1201070,6
1201099,15
1201119,10
1201143,36
1201168,21
1201193,45
1201217,9
1201248,36
1201273,8
1201292,14
1201307,11
1201341,8
1201379,24
1201398,6
1201420,5
1201448,47
1201481,5
1201506,9
1201532,9
1201565,9
1201586,7
1201615,19
1201637,9
1201664,8
1201682,8
1201700,8
1201726,24
1201752,7
1201785,5
1201809,23
1201830,10
1201855,48
1201882,8
1201905,8
1201931,6
1201961,5
1201989,33
1202010,5
1202034,7
1202057,8
1202079,5
1202107,9
1202132,5
1202154,5
1202172,17
1202198,5
1202240,11
1202267,13
1202288,7
1202315,38
1202336,107
1202360,7
1202383,5
1202420,52
1202452,5
1202482,8
1202510,5
1202534,9
1202552,8
1202585,8
1202607,33
1202641,7
1202661,9
1202684,81
1202712,7
1202733,19
1202754,12
1202779,5
1202796,5
1202823,11
1202860,8
1202889,27
1202918,30
1202945,6
1202964,5
1202990,6
1203017,15
1203052,5
1203075,47
1203095,12
1203125,153
1203153,27
1203183,6
1203206,13
1203229,8
1203253,7
1203292,12
1203319,9
1203345,7
1203368,28
1203393,5
1203417,7
1203451,8
1203482,5
1203508,12
1203535,5
1203566,5
1203595,184
1203616,8
1203632,5
1203653,5
1203679,13
1203703,6
1203729,7
1203753,26
1203771,30
1203808,17
1203840,9
1203862,5
1203886,6
1203912,7
1203942,5
1203969,5
1203999,8
1204018,8
1204041,6
1204064,7
1204085,7
1204111,5
1204135,7
1204157,20
1204180,5
1204205,9
1204227,5
1204243,6
1204268,5
1204297,22
1204321,5
1204353,6
1204373,10
1204399,6
1204424,5
1204446,56
1204469,11
1204491,12
1204516,5
1204549,221
1204578,5
1204599,14
1204629,9
1204653,8
1204672,6
1204700,8
1204726,15
1204753,8
1204777,22
1204801,6
1204827,11
1204852,15
1204881,5
1204906,7
1204938,15
1204965,6
1204990,18
1205015,8
1205041,7
1205054,41
1205076,8
1205112,7
1205148,8
1205183,8
1205190,26
1205215,5
1205237,6
1205259,87
1205287,7
1205308,10
1205333,68
1205361,7
1205383,5
1205408,13
1205430,5
1205450,13
1205475,10
1205503,5
1205521,7
1205548,12
1205575,5
1205601,9
1205634,5
1205666,6
1205691,10
1205723,5
1205746,11
1205769,17
1205791,7
1205813,11
1205847,6
1205882,9
1205903,6
1205922,13
1205948,10
1205974,6
1206006,14
1206026,5
1206047,19
1206083,6
1206113,22
1206136,20
1206163,27
1206188,5
1206220,8
1206251,250
1206278,24
1206303,7485
1206336,8
1206370,8
1206394,5
1206415,9
1206450,16
1206472,5
1206500,18
1206527,9
1206552,16
1206583,16
1206616,6
1206644,6
1206670,14
1206702,44
1206729,6
1206752,20
1206776,8
1206802,13
1206828,5
1206841,8
1206864,60
1206903,21
1206925,13
1206951,10
1206964,16
1206988,5
1207017,9
1207044,24
1207076,5
1207108,10
1207135,11
1207153,9
1207184,7
1207213,22
1207240,93
1207268,89
1207299,5
1207323,14
1207350,5
1207384,5
1207407,16
1207440,5
1207469,14
1207495,5
1207520,12
1207547,8
1207572,6
1207611,9
1207630,7
1207654,12
1207682,15
1207707,5
1207733,11
1207753,5
1207771,10
1207795,18
1207817,8
1207849,31
1207875,11
1207899,19
1207928,11
1207944,6
1207972,21
1207997,13
1208024,37
1208055,6
1208080,6
1208102,13
1208119,11
1208146,7
1208171,5
1208191,5
1208218,22
1208247,5
1208289,12
1208311,5
1208348,8
1208379,7
1208403,5
1208435,5
1208460,7
1208489,25
1208521,5
1208550,8
1208576,46
1208605,8
1208640,8
1208666,76
1208686,6
1208718,5
1208749,5
1208770,21
1208798,87
1208824,5
1208844,26
1208874,6
1208892,9
1208921,7
1208944,9
1208976,20
1209000,7
1209032,6
1209048,9
1209082,6
1209114,12
1209147,5
1209164,28
1209190,7
1209219,12
1209240,5
1209266,9
1209301,18
1209323,5
1209349,74
1209374,6
1209397,7
1209422,12
1209445,5
1209473,27
1209499,5
1209521,10
1209553,16
1209574,6
1209594,7
1209626,5
1209657,23
1209688,7
1209716,11
1209744,13
1209771,11
1209796,5
1209816,5
1209840,11
1209867,22
1209890,22
1209909,8
1209943,59
1209979,8
1210003,36
1210036,5
1210061,18
1210093,8
1210120,8
1210144,12
1210168,7
1210200,9
1210222,20
1210249,21
1210273,12
1210294,14
1210319,215
1210350,5
1210376,19
1210398,10
1210427,7
1210458,5
1210499,9
1210534,12
1210566,6
1210587,5
1210618,10
1210651,16
1210677,5
1210697,8
1210721,5
1210744,6
1210770,13
1210791,10
1210814,7
1210842,6
1210874,13
1210896,6
1210912,6
1210943,9
1210968,6
1210990,11
1211012,6
1211035,5
1211070,11
1211102,6
1211124,21
1211145,9
1211172,57
1211199,5
1211226,8
1211252,18
1211279,5
1211306,7
1211332,12
1211366,6
1211396,5
1211435,5
1211458,5
1211483,20
1211513,14
1211534,66
1211559,25
1211597,11
1211628,91
1211651,10
1211674,5
1211695,9
1211728,32
1211749,7
1211780,5
1211805,8
1211825,325
1211853,7
1211871,6
1211897,13
1211926,5
1211947,13
1211981,16
1212004,9
1212027,5
1212054,6
1212078,11
1212101,5
1212125,54
1212154,50
1212190,9
1212216,24
1212243,5
1212264,61
1212300,5
1212315,32
1212332,6
1212358,8
1212382,47
1212408,78
1212427,16
1212447,9
1212468,12
1212493,6
1212520,19
1212549,8
1212572,42
1212609,614
1212632,6
1212665,5
1212691,6
1212709,978
1212733,5
1212765,13
1212788,742
1212813,7
1212851,26
1212883,98
1212911,108
1212941,5
1212968,8
1212992,5
1213019,5
1213049,32
1213071,5
1213092,5
1213118,28
1213136,19
1213160,10
1213188,16
1213207,8
1213228,9
1213259,47
1213278,5
1213298,6
1213327,6
1213355,10
1213377,5
1213410,5
1213435,15
1213466,7
1213490,70
1213510,14
1213533,17
1213556,110
1213581,22
1213598,7
1213625,45
1213657,16
1213681,5
1213706,5
1213734,7
1213765,7
1213789,6
1213804,5
1213824,6
1213850,5
1213881,50
1213903,11
1213929,231
1213954,15
1213977,10
1214005,7
1214036,9
1214059,16
1214085,6
1214105,6
1214126,12
1214145,7
1214169,7
1214193,9
1214216,5
1214240,21
1214263,104
1214287,7
1214305,5
1214325,11
1214350,9
1214374,12
1214397,17
1214428,12
1214456,5
1214487,5
1214503,19
1214531,12
1214555,9
1214577,5
1214602,336
1214629,16
1214650,27
1214673,5
1214696,5
1214720,75
1214745,7
1214765,7
1214785,10
1214811,28
1214841,10
1214871,20
1214900,58
1214914,12
1214937,6
1214958,19
1214981,6
1215002,27
1215031,5
1215066,5
1215095,8
1215118,61
1215140,5
1215174,14
1215187,6
1215214,6
1215244,14
1215274,5
1215299,8
1215322,5
1215344,14
1215375,28
1215400,5
1215419,20
1215443,5
1215459,6
1215484,6
1215500,90
1215533,11
1215554,6
1215568,27
1215591,11
1215615,9
1215643,27
1215667,20
1215699,8
1215730,12
1215763,8
1215783,8
1215810,9
1215843,6
1215870,8
1215900,5
1215929,5
1215960,8
1215992,7
1216013,5
1216044,25
1216068,5
1216097,7
1216127,20
1216148,29
1216170,7
1216200,14
1216228,5
1216252,12
1216281,7
1216298,6
1216322,17
1216354,108
1216386,5
1216410,9
1216448,6
1216476,6
1216494,9
1216521,18
1216550,7
1216579,6
1216606,6
1216632,15
1216655,27
1216673,10
1216696,5
1216723,5
1216753,68
1216779,7
1216799,33
1216830,8
1216858,6
1216897,33
1216924,6
1216951,6
1216981,6
1217007,29
1217047,10
1217070,9
1217102,5
1217141,9
1217162,7
1217185,6
1217210,14
1217239,11
1217269,8
1217288,11
1217320,5
1217345,79
1217377,25
1217397,772
1217414,61
1217440,7
1217468,7
1217493,8
1217517,8
1217549,5
1217571,11
1217593,11
1217620,254
1217647,23
1217670,7
1217695,5
1217725,7
1217745,5
1217771,8
1217803,5
1217836,7
1217866,5
1217892,28
1217923,16
1217949,8
1217969,10
1217995,8
1218027,18
1218059,8
1218080,14
1218111,129
1218136,12
1218173,6
1218201,14
1218219,9
1218239,7
1218266,5
1218296,6
1218334,466
1218359,11
1218388,8
1218415,6
1218434,5
1218461,33
1218487,102
1218503,5
1218525,6
1218556,6
1218578,11
1218612,208
1218629,5
1218657,8
1218686,49
1218705,6
1218727,5
1218754,43
1218779,5
1218805,257
1218828,7
1218852,6
1218878,21
1218900,6
1218932,11
1218965,24
1218991,9
1219024,6
1219043,8
1219070,562
1219100,5
1219128,5
1219155,7
1219177,6
1219209,12
1219235,5
1219262,24
1219281,13
1219301,9
1219319,8
1219342,14
1219362,5
1219384,5
1219416,6
1219441,7
1219464,7
1219490,16
1219508,6
1219532,34
1219555,12
1219580,8
1219603,8
1219626,17
1219654,5
1219678,10
1219698,5
1219723,5
1219752,6
1219778,30
1219800,6
1219826,1040
1219847,22
1219872,132
1219895,5
1219914,10
1219938,80
1219958,6
1219985,5
1220007,6
1220028,266
1220050,6
1220081,16
1220107,5
1220125,11
1220149,7
1220177,6
1220203,13
1220234,8
1220264,12
1220284,6
1220306,13
1220329,12
1220348,5
1220376,13
1220394,6
1220415,8
1220440,5
1220454,6
1220486,21
1220514,5
1220538,7
1220562,8
1220588,8
1220613,8
1220627,5
1220654,5
1220674,37
1220698,11
1220724,5
1220753,6
1220773,7
1220803,147
1220825,8
1220859,6
1220878,5
1220902,5
1220929,6
1220945,5
1220974,6
1220992,5
1221015,25
1221038,5
1221066,5
1221101,15
1221138,5
1221165,7
1221189,21
1221213,13
1221235,5
1221257,9
1221283,8
1221311,346
1221336,18
1221365,7
1221392,7
1221420,8
1221438,5
1221459,8
1221483,5
1221511,14
1221534,10
1221563,11
1221583,5
1221608,25
1221643,21
1221664,5
1221692,8
1221717,9
1221741,15
1221761,22
1221791,5
1221813,6
1221840,24
1221872,8
1221896,24
1221923,7
1221948,6
1221969,11
1221995,15
1222025,5
1222055,36
1222089,5
1222112,9
1222139,22
1222164,7
1222185,33
1222213,6
1222247,5
1222274,5
1222297,8
1222327,10
1222350,31
1222379,5
1222420,7
1222443,5
1222472,7
1222491,5
1222520,5
1222543,15
1222568,5
1222595,8
1222627,8
1222644,5
1222672,5
1222692,5
1222724,5
1222754,5
1222786,13
1222813,5
1222850,61
1222879,5
1222904,5
1222940,14
1222973,18
1223007,10
1223035,6
1223068,5
1223095,28
1223120,11
1223141,11
1223169,7
1223198,8
1223227,5
1223258,34
1223290,6
1223315,7
1223340,18
1223367,21
1223399,9
1223426,5
1223459,36
1223486,8
1223507,6
1223538,20
1223561,5
1223588,7
1223613,5
1223643,10
1223669,8
1223691,127
1223722,63
1223746,12
1223771,10
1223791,7
1223816,5
1223845,7
1223877,10
1223897,193
1223925,18
1223947,5
1223973,20
1223994,12
1224023,6
1224052,26
1224077,22
1224100,6
1224121,8
1224145,8
1224162,9
1224190,19
1224215,6
1224243,13
1224271,16
1224294,142
1224318,10
1224344,6
1224358,5
1224386,5
1224401,5
1224422,5
1224449,7
1224484,25
1224503,5
1224531,10
1224570,5
1224590,13
1224624,63
1224657,54
1224679,145
1224709,6
1224732,7
1224759,11
1224788,45
1224811,988
1224842,8
1224876,5
1224903,7
1224930,127
1224955,7
1224978,7
1225009,9
1225028,49
1225048,9
1225081,7
1225120,9
1225141,67
1225172,9
1225193,6
1225223,54
1225247,7
1225277,23
1225300,26
1225327,6
1225357,5
1225383,7
1225409,11
1225437,17
1225467,6
1225492,8
1225517,6
1225542,5
1225572,5
1225598,18
1225630,7
1225649,8
1225675,7
1225702,16
1225722,7
1225759,102
1225787,23
1225818,10
1225844,14
1225864,130
1225885,264
1225905,246
1225925,8
1225955,15
1225983,288
1226014,5
1226033,7
1226055,5
1226076,10
1226106,48
1226130,78
1226158,67
1226183,7
1226212,5
1226238,9
1226270,15
1226291,6
1226317,6
1226340,91
1226363,7
1226395,12
1226406,5
1226433,6
1226457,6
1226491,1291
1226524,14
1226562,8
1226589,6
1226615,6
1226630,6
1226654,20
1226678,8
1226701,5
1226725,13
1226749,193
1226771,5
1226803,15
1226824,7
1226850,5
1226876,9
1226904,5
1226929,25
1226953,11
1226975,5
1226993,5
1227007,9
1227041,5
1227067,9
1227092,5
1227125,9
1227156,8
1227183,15
1227198,8
1227223,5
1227252,7
1227270,8
1227307,5
1227340,6
1227359,15
1227386,11
1227417,13
1227441,5
1227473,6
1227504,6
1227528,5
1227548,14
1227562,14
1227589,8
1227616,7
1227641,98
1227669,6
1227695,5
1227722,5
1227756,9
1227777,5
1227811,10
1227836,7
1227873,14
1227904,24
1227937,16
1227958,5
1227980,12
1227997,7
1228032,19
1228066,6
1228085,10
1228107,5
1228146,7
1228173,17
1228197,12
1228222,11
1228248,6
1228267,23
1228285,8
1228311,5
1228333,5
1228346,6
1228370,21
1228398,9
1228421,7
1228451,8
1228467,5
1228488,9
1228517,27
1228541,17
1228565,59
1228585,36
1228610,6
1228638,565
1228664,24
1228695,8
1228723,5
1228741,17
1228767,14
1228797,11
1228825,8
1228849,5
1228879,6
1228907,108
1228933,5
1228959,10
1228981,6
1229003,11
1229028,7
1229063,5
1229084,9
1229105,7
1229132,14
1229160,13
1229184,34
1229205,9
1229234,6
1229264,11
1229286,16
1229313,16
1229341,8
1229368,7
1229396,38
1229429,7
1229455,18
1229482,16
1229515,30
1229536,5
1229575,5
1229599,22
1229627,6
1229654,6
1229683,5
1229712,5
1229745,17
1229768,7
1229801,10
1229822,6
1229849,8
1229872,8
1229891,8
1229917,7
1229952,12
1229982,8
1230013,5
1230037,9
1230068,5
1230105,41
1230126,68
1230152,74
1230180,9
1230214,9
1230235,21
1230264,58
1230290,20
1230318,9
1230334,6
1230364,5
1230383,30
1230412,13
1230436,301
1230469,17
1230497,15
1230526,9
1230556,17
1230584,5
1230621,7
1230639,26
1230672,17
1230696,5
1230728,10
1230755,5
1230782,5
1230806,14
1230834,5
1230861,12
1230886,7
1230919,5
1230945,5
1230977,5
1231000,5
1231023,8
1231062,8
1231089,7
1231119,17
1231146,5
1231174,5
1231198,5
1231226,5
1231253,16
1231275,15
1231293,14
1231311,10
1231344,11
1231363,25
1231381,8
1231410,21
1231433,6
1231462,7
1231484,6
1231520,5
1231543,5
1231569,36
1231592,55
1231638,5
1231664,176
1231705,11
1231734,30
1231768,10
1231790,5
1231810,5
1231831,61
1231859,9
1231885,5
1231917,7
1231947,5
1231977,6
1232001,15
1232025,6
1232057,6
1232086,6
1232113,39
1232130,5
1232156,13
1232176,14
1232202,12
1232222,15
1232244,6
1232276,5
1232301,5
1232333,12
1232372,38
1232397,8
1232424,5
1232448,44
1232473,8
1232504,8
1232529,5
1232556,75
1232584,9
1232621,13
1232644,11
1232671,13
1232698,8
1232719,5
1232752,5
1232779,66
1232804,6
1232827,9
1232859,8
1232888,7
1232920,5
1232948,12
1232976,6
1233001,13
1233036,6
1233062,5
1233094,5
1233122,11
1233153,56
1233179,6
1233207,5
1233229,6
1233256,10
1233294,6
1233325,43
1233347,7
1233376,5
1233401,11
1233427,8
1233453,6
1233474,7
1233510,8
1233534,5
1233567,5
1233614,30
1233639,8
1233658,7
1233679,16
1233708,7
1233731,51
1233757,5
1233778,30
1233808,21
1233836,5
1233865,6
1233893,8
1233918,8
1233938,5
1233973,67
1234000,23
1234018,10
1234048,9
1234078,5
1234111,12
1234140,6
1234161,6
1234193,5
1234210,6
1234241,45
1234265,9
1234283,6
1234309,7
1234333,6
1234349,9
1234374,14
1234394,5
1234425,185
1234444,33
1234476,10
1234500,5
1234530,5
1234555,5
1234577,9
1234605,77
1234634,14
1234661,8
1234681,7
1234709,6
1234731,47
1234766,23
1234788,19
1234811,7
1234844,6
1234870,33
1234898,54
1234925,21
1234947,6
1234973,5
1234996,17
1235020,164
1235046,6
1235058,9
1235073,23
1235099,7
1235128,7
1235153,7
1235180,17
1235209,13
1235234,5
1235262,9
1235291,8
1235320,5
1235342,5
1235373,11
1235412,6
1235433,12
1235469,9
1235496,31
1235529,12
1235552,19
1235582,7
1235609,5
1235630,7
1235657,315
1235682,5
1235714,7
1235742,21
1235767,5
1235791,8
1235815,11
1235842,8
1235858,8
1235887,6
1235915,15
1235945,5
1235966,41
1235991,9
1236018,9
1236037,5
1236064,5
1236081,8
1236105,6
1236124,17
1236155,5
1236174,6
1236205,5
1236223,6
1236260,5
1236287,6
1236315,13
1236340,8
1236357,21
1236378,7
1236400,11
1236428,5
1236451,8
1236484,8
1236520,6
1236548,5
1236577,7
1236603,5
1236625,9
1236651,9
1236681,19
1236701,46
1236722,5
1236747,9
1236764,7
1236789,16
1236818,5
1236841,11
1236864,6
1236889,5
1236915,7
1236941,10
1236965,8
1236988,6
1237008,12
1237033,5
1237056,6
1237085,5
1237112,326
1237142,9
1237172,8
1237195,5
1237223,8
1237252,5
1237286,11
1237314,6
1237335,9
1237363,5
1237390,25
1237416,13
1237440,5
1237459,12
1237487,11
1237512,7
1237536,5
1237565,24
1237585,9
1237616,13
1237656,10
1237685,12
1237701,5
1237732,5
1237759,19
1237776,8
1237804,21
1237822,10
1237848,5
1237877,22
1237901,6
1237928,15
1237961,5
1237991,5
1238024,5
1238044,6
1238067,9
1238089,12
1238112,8
1238142,5
1238168,8
1238198,25
1238215,7
1238242,5
1238273,6
1238292,7
1238318,12
1238341,5
1238366,7
1238391,7
1238408,36
1238430,30
1238458,9
1238486,10
1238514,6
1238535,11
1238563,6
1238597,5
1238616,32
1238638,10
1238655,69
1238684,10
1238706,5
1238728,10
1238753,7
1238763,5
1238788,9
1238808,5
1238842,11
1238872,5
1238895,6
1238935,16
1238961,9
1238989,5
1239024,24
1239043,424
1239076,175
1239104,10
1239124,8
1239167,15
1239197,11
1239221,6
1239245,5
1239268,26
1239291,5
1239312,19
1239336,6
1239361,18
1239382,10
1239405,15
1239441,6
1239471,12
1239499,12
1239527,6
1239554,5
1239581,9
1239609,9
1239626,5
1239651,7
1239689,6
1239717,8
1239745,22
1239767,13
1239795,14
1239833,5
1239858,7
1239897,11
1239921,11
1239942,6
1239970,7
1239993,19
1240021,5
1240041,5
1240068,31
1240098,5
1240136,9
1240164,6
1240191,5
1240213,12
1240238,6
1240260,5
1240287,539
1240314,6
1240346,23
1240367,5
1240395,5
1240432,111
1240462,5
1240491,17
1240516,10
1240535,22
1240566,19
1240589,6
1240612,18
1240641,17
1240664,5
1240692,6
1240713,100
1240736,5
1240764,10
1240792,22
1240829,19
1240846,8
1240871,6
1240897,32
1240923,13
1240944,5
1240974,10
1241000,6
1241022,61
1241049,21
1241070,5
1241094,5
1241121,6
1241150,26
1241177,7
1241198,6
1241229,20
1241249,8
1241275,7
1241301,5
1241333,35
1241367,5
1241387,10
1241420,7
1241443,5
1241465,12
1241493,27
1241519,6
1241555,108
1241584,15
1241602,11
1241624,5
1241647,5
1241684,340
1241712,8
1241736,7
1241766,8
1241795,54
1241824,7
1241851,5
1241875,10
1241895,19
1241912,41
1241928,15
1241947,9
1241971,20
1241997,47
1242029,6
1242045,7
1242066,8
1242084,6
1242104,1388
1242131,8
1242164,116
1242193,5
1242219,6
1242249,6
1242271,11
1242297,29
1242315,8
1242335,23
1242364,11
1242383,5
1242416,11
1242439,17
1242471,6
1242498,8
1242526,6
1242552,128
1242583,38
1242608,6
1242631,46
1242649,6
1242676,14
1242701,5
1242726,11
1242754,16
1242783,5
1242808,10
1242829,8
1242853,10
1242879,13
1242910,33
1242949,20
1242972,7
1242997,45
1243028,16
1243060,6
1243086,5
1243106,7
1243120,8
1243149,9
1243173,5
1243198,10
1243225,7
1243248,6
1243267,8
1243292,19
1243317,13
1243337,7
1243355,135
1243381,46
1243405,6
1243429,5
1243461,7
1243483,32
1243503,47
1243536,8
1243563,6
1243589,7
1243616,5
1243633,7
1243662,5
1243692,16
1243723,5
1243753,5
1243768,16
1243796,13
1243824,6
1243845,6
1243868,9
1243892,9
1243922,8
1243947,282
1243974,12
1243992,8
1244016,6
1244034,5
1244058,6
1244073,9
1244109,5
1244130,9
1244158,7
1244183,33
1244203,6
1244227,5
1244254,8
1244282,6
1244316,7
1244335,5
1244363,14
1244382,5
1244417,60
1244448,8
1244487,7
1244511,6
1244548,6
1244574,8
1244603,6
1244637,15
1244659,9
1244691,32
1244713,50
1244733,6
1244764,11
1244790,12
1244822,29
1244854,13
1244881,11
1244904,5
1244924,5
1244946,7
1244976,70
1245001,58
1245025,11
1245057,81
1245086,10
1245109,24
1245138,13
1245157,5
1245183,151
1245208,9
1245242,13
1245265,5
1245287,7
1245315,20
1245340,5
1245366,6
1245394,58
1245428,12
1245458,6
1245477,143
1245505,22
1245533,6
1245560,7
1245578,5
1245606,6
1245635,5
1245656,51
1245677,5
1245705,22
1245728,21
1245751,5
1245779,5
1245804,26
1245828,29
1245849,145
1245874,112
1245889,45
1245915,33
1245941,12
1245957,5
1245983,9
1246008,5
1246036,10
1246056,7
1246076,7
1246101,14
1246124,17
1246143,20
1246179,7
1246205,14
1246222,106
1246252,6
1246269,6
1246296,14
1246323,5
1246346,9
1246375,6
1246406,6
1246439,5
1246460,5
1246484,39
1246510,22
1246535,5
1246561,5
1246582,5
1246602,10
1246632,21
1246667,24
1246700,277
1246722,6
1246744,13
1246766,6
1246786,5
1246814,6
1246846,16
1246875,6
1246893,5
1246918,7
1246944,11
1246971,18
1246994,36
1247015,7
1247039,31
1247062,44
1247093,10
1247121,8
1247142,11
1247168,6
1247194,7
1247223,10
1247247,5
1247269,6
1247289,6
1247311,7
1247336,8
1247362,5
1247386,31
1247413,9
1247439,13
1247467,7
1247498,5
1247529,10
1247560,5
1247588,5
1247615,62
1247641,16
1247669,39
1247698,5
1247731,6
1247760,7
1247790,10
1247815,6
1247842,11
1247870,7
1247901,11
1247929,6
1247951,5
1247969,578
1247988,9
1248016,9
1248045,7
1248076,5
1248094,19
1248124,7
1248158,248
1248188,44
1248213,5
1248239,5
1248262,5
1248301,8
1248335,6
1248363,7
1248391,15
1248424,6
1248459,39
1248487,7
1248517,24
1248546,22
1248577,5
1248596,27
1248622,80
1248659,9
1248695,5
1248718,22
1248743,5
1248767,6
1248794,5
1248821,6
1248848,6
1248881,5
1248906,35
1248932,5
1248970,6
1248998,6
1249026,8
1249052,15
1249079,6
1249091,10
1249114,7
1249144,13
1249175,186
1249198,36
1249222,9
1249257,167
1249282,589
1249300,20
1249328,12
1249363,31
1249390,5
1249417,6
1249438,10
1249466,5
1249487,28
1249522,91
1249547,31
1249568,10
1249590,6
1249623,7
1249656,5
1249679,5
1249709,8
1249734,21
1249760,15
1249793,10
1249835,5
1249860,6
1249874,28
1249901,16
1249925,18
1249950,5
1249977,5
1250009,5
1250041,16
1250074,12
1250106,18
1250132,8
1250155,5
1250175,10
1250202,8
1250223,17
1250246,38
1250274,5
1250295,7
1250320,5
1250346,5
1250370,8
1250394,10
1250422,68
1250443,5
1250463,8
1250486,5
1250514,6
1250545,5
1250572,5
1250608,14
1250628,8
1250647,6
1250665,20
1250685,6
1250704,33
1250733,5
1250753,5
1250779,7
1250800,8
1250826,8
1250852,42
1250888,268
1250919,10
1250952,5
1250999,5
1251028,5
1251053,6
1251077,5
1251100,8
1251120,6
1251139,9
1251160,6
1251188,17
1251217,5
1251249,6
1251279,5
1251313,1084
1251334,6
1251359,8
1251379,95
1251409,5
1251438,100
1251465,20
1251492,6
1251516,23
1251540,7
1251571,9
1251600,8
1251629,27
1251660,6
1251684,5
1251720,12
1251746,5
1251781,6
1251806,17
1251829,7
1251857,5
1251888,5
1251921,17
1251943,61
1251972,10
1252000,6
1252022,5
1252049,47
1252083,229
1252110,25
1252138,6
1252163,8
1252188,5
1252204,5
1252229,8
1252255,32
1252288,38
1252307,9
1252335,22
1252366,54
1252395,7
1252426,21
1252445,5
1252472,7
1252497,5
1252520,5
1252543,7
1252577,36
1252598,5
1252621,14
1252653,16
1252673,5
1252693,9
1252725,5
1252746,29
1252782,5
1252808,22
1252826,19
1252851,25
1252873,280
1252904,23
1252929,6
1252960,31
1252986,5
1253007,5
1253031,9
1253051,9
1253078,9
1253100,7
1253119,7
1253149,8
1253171,5
1253197,6
1253236,7
1253268,9
1253293,7
1253314,12
1253333,5
1253365,6
1253398,9
1253417,17
1253443,133
1253476,9
1253500,7
1253530,8
1253554,5
1253590,17
1253619,29
1253652,21
1253687,7
1253710,14
1253732,15
1253753,5
1253784,6
1253805,90
1253829,5
1253854,33
1253888,5
1253917,11
1253945,6
1253970,18
1253996,28
1254017,49
1254044,6
1254069,8
1254095,16
1254122,48
1254143,6
1254172,7
1254195,12
1254223,14
1254255,5
1254286,185
1254317,14
1254360,6
1254393,6
1254419,17
1254445,16
1254478,18
1254506,10
1254531,11
1254552,11
1254582,6
1254612,31
1254643,6
1254670,6
1254691,13
1254716,12
1254741,11
1254770,10
1254788,8
1254818,6
1254841,289
1254861,48
1254890,23
1254910,8
1254935,5
1254958,7
1254981,13
1255006,13
1255031,6
1255048,7
1255072,13
1255090,5
1255115,10
1255143,7
1255175,5
1255197,242
1255229,43
1255255,15
1255282,17
1255308,8
1255333,6
1255366,7
1255390,11
1255419,5
1255441,17
1255469,14
1255496,7
1255520,7
1255548,41
1255584,10
1255614,23
1255642,15
1255662,7
1255685,5
1255708,138
1255741,7
1255773,9
1255793,5
1255817,17
1255853,6
1255882,6
1255905,6
1255926,53
1255956,6
1255987,26
1256011,5
1256037,33
1256069,6
1256089,12
1256114,33
1256139,21
1256169,46
1256192,36
1256220,34
1256243,7
1256272,94
1256300,14
1256338,16
1256351,6
1256385,12
1256417,6
1256443,8
1256469,10
1256491,66
1256525,8
1256545,8
1256575,29
1256604,127
1256626,6
1256647,7
1256673,24
1256690,40
1256724,39
1256745,7
1256771,40
1256796,146
1256823,10
1256847,29
1256873,8
1256910,26
1256934,5
1256953,12
1256981,7
1257006,15
1257038,5
1257063,8
1257089,5
1257111,6
1257138,12
1257168,5
1257188,6
1257221,7
1257248,6
1257279,5
1257303,5
1257342,12
1257368,8
1257395,9
1257415,5
1257440,13
1257467,12
1257489,5
1257513,16
1257535,7
1257564,6
1257582,5
1257603,5
1257632,9
1257658,5
1257681,14
1257709,6
1257747,15
1257767,6
1257798,15
1257826,6
1257851,18
1257883,12
1257915,11
1257947,19
1257973,5
1257997,9
1258020,20
1258043,7
1258073,9
1258096,7
1258127,9
1258149,5
1258177,10
1258203,6
1258225,82
1258250,11
1258282,6
1258314,7
1258350,5
1258374,118
1258398,31
1258421,8
1258450,7
1258472,5
1258495,13
1258519,5
1258541,44
1258567,27
1258583,24
1258609,5
1258641,87
1258674,13
1258701,5
1258728,15
1258755,9
1258776,5
1258801,5
1258830,15
1258859,5
1258887,36
1258919,7
1258945,6
1258961,6
1258980,24
1259011,5
1259037,7
1259061,6
1259081,9
1259104,6
1259131,8
1259162,9
1259184,7
1259205,9
1259223,5
1259253,19
1259283,6
1259319,63
1259339,8
1259365,12
1259388,5
1259416,8
1259439,11
1259468,65
1259489,5
1259509,5
1259541,47
1259574,5
1259605,7
1259624,9
1259645,17
1259677,9
1259698,7
1259730,5
1259754,5
1259784,7
1259800,34
1259826,6
1259850,7
1259881,6
1259905,10
1259925,5
1259944,22
1259971,26
1260001,6
1260035,11
1260066,13
1260092,5
1260114,7
1260143,5
1260172,5
1260203,7
1260236,6
1260265,5
1260295,5
1260329,8
1260352,11
1260378,7
1260417,5
1260444,13
1260468,8
1260489,8
1260510,6
1260545,6
1260570,5
1260603,22
1260623,5
1260651,10
1260682,15
1260709,21
1260735,14
1260757,9
1260780,10
1260800,5
1260826,76
1260846,6
1260875,14
1260902,5
1260920,20
1260944,6
1260969,5
1260996,200
1261019,5
1261030,5
1261053,16
1261087,8
1261103,11
1261119,167
1261144,5
1261172,15
1261196,18
1261221,6
1261252,5
1261282,5
1261309,5
1261329,8
1261349,24
1261371,7
1261402,6
1261441,7
1261462,11
1261491,10
1261508,6
1261535,28
1261572,7
1261608,8
1261644,15
1261670,5
1261699,10
1261726,13
1261750,18
1261777,16
1261805,8
1261828,7
1261860,12
1261879,7
1261906,13
1261937,28
1261959,8
1261985,6
1262020,5
1262044,5
1262065,9
1262083,5
1262104,39
1262135,7
1262164,5
1262185,5
1262210,8
1262243,11
1262275,12
1262304,58
1262332,5
1262360,5
1262383,10
1262406,140
1262436,256
1262462,42
1262482,7
1262501,5
1262527,8
1262546,5
1262574,5
1262603,5
1262643,5
1262667,8
1262687,7
1262707,15
1262724,39
1262740,12
1262766,6
1262794,6
1262813,7
1262845,5
1262879,7
1262909,5
1262931,15
1262955,7
1262976,17
1263006,7
1263022,7
1263050,12
1263082,6
1263111,12
1263135,12
1263156,6
1263185,6
1263207,7
1263234,9
1263258,5
1263281,8
1263308,6
1263335,22
1263358,6
1263382,8
1263404,10
1263433,5
1263464,10
1263482,31
1263510,7
1263538,8
1263556,50
1263579,5
1263605,92
1263632,15
1263662,5
1263693,17
1263716,9
1263749,7
1263771,9
1263795,15
1263827,7
1263849,9
1263875,5
1263898,11
1263925,8
1263947,26
1263972,7
1263999,14
1264022,8
1264047,5
1264075,5
1264099,10
1264117,9
1264142,8
1264168,6
1264195,5
1264224,14
1264251,40
1264284,11
1264309,5
1264333,10
1264362,5
1264396,6
1264416,9
1264440,6
1264467,7
1264500,6
1264522,6
1264540,13
1264562,49
1264585,6
1264607,5
1264629,5
1264652,6
1264680,8
1264701,20
1264724,5
1264748,8
1264782,5
1264809,37
1264832,5
1264861,12
1264882,6
1264902,8
1264921,7
1264950,6
1264978,13
1265008,22
1265027,10
1265051,6
1265074,7
1265106,28
1265131,57
1265158,6
1265182,7
1265207,11
1265232,8
1265260,5
1265288,10
1265314,7
1265339,7
1265370,5
1265395,6
1265419,5
1265444,6
1265481,8
1265496,12
1265519,8
1265550,8
1265577,5
1265601,14
1265627,5
1265649,5
1265672,5
1265698,7
1265726,111
1265747,6
1265769,5
1265792,10
1265813,14
1265822,13
1265846,5
1265871,7
1265892,9
1265917,14
1265948,6
1265976,5
1265997,10
1266030,7
1266067,5
1266091,145
1266118,102
1266149,6
1266173,7
1266197,8
1266221,100
1266242,20
1266259,13
1266280,13
1266310,6
1266333,14
1266362,79
1266387,7
1266410,5
1266432,6
1266455,5
1266483,34
1266509,6
1266530,5
1266559,6
1266589,5
1266607,6
1266634,9
1266655,6
1266680,9
1266702,12
1266727,84
1266755,7
1266776,6
1266805,32
1266829,5
1266850,10
1266870,11
1266887,6
1266919,5
1266945,19
1266975,6
1266992,6
1267019,107
1267044,5
1267075,5
1267100,6
1267129,5
1267163,5
1267184,12
1267210,42
1267235,8
1267262,6
1267286,5
1267303,8
1267327,7
1267356,13
1267383,9
1267401,8
1267430,5
1267462,18
1267484,6
1267517,5
1267537,13
1267560,5
1267599,5
1267624,5
1267645,321
1267672,5
1267706,5
1267735,7
1267763,5
1267796,13
1267825,27
1267851,92
1267872,8
1267896,26
1267922,12
1267947,5
1267966,5
1267993,7
1268021,5
1268046,8
1268079,17
1268108,8
1268134,9
1268155,6
1268177,8
1268203,11
1268232,65
1268259,5
1268285,12
1268315,75
1268342,8
1268365,9
1268399,17
1268421,15
1268445,24
1268470,5
1268497,5
1268523,90
1268548,8
1268581,5
1268603,6
1268628,5
1268656,6
1268675,33
1268702,17
1268729,200
1268749,7
1268778,41
1268813,10
1268843,6
1268872,5
1268894,13
1268918,9
1268948,5
1268969,9
1268992,10
1269021,7
1269051,9
1269074,15
1269102,126
1269129,17
1269156,10
1269184,7
1269211,9
1269230,27
1269253,7
1269286,8
1269307,10
1269332,11
1269344,9
1269369,5
1269392,6
1269420,5
1269445,6
1269460,20
1269484,5
1269509,10
1269533,6
1269561,16
1269578,5
1269606,5
1269628,17
1269653,25
1269679,33
1269711,19
1269745,11
1269766,40
1269791,5
1269817,5
1269840,5
1269863,9
1269889,11
1269914,7
1269937,8
1269966,12
1269996,5
1270023,8
1270061,5
1270096,35
1270116,15
1270148,23
1270169,5
1270190,8
1270213,15
1270237,5
1270265,598
1270287,6
1270319,7
1270347,22
1270381,6
1270406,5
1270425,7
1270451,85
1270488,9
1270510,5
1270533,10
1270560,6
1270590,20
1270619,13
1270642,6
1270658,7
1270686,47
1270711,7
1270744,6
1270767,5
1270791,67
1270820,11
1270850,5
1270866,5
1270894,12
1270917,5
1270944,16
1270965,16
1270988,14
1271016,5
1271044,24
1271069,5
1271086,6
1271112,12
1271142,5
1271172,12
1271203,5
1271235,8
1271260,9
1271293,5
1271310,9
1271330,6
1271357,7
1271380,10
1271402,6
1271426,5
1271442,5
1271463,5
1271487,7
1271515,13
1271541,7
1271565,46
1271591,6
1271614,5
1271643,9
1271671,10
1271695,7
1271719,7
1271745,7
1271766,5
1271795,16
1271818,7
1271845,6
1271869,10
1271893,15
1271912,20
1271934,8
1271948,11
1271982,11
1271994,8
1272012,5
1272031,12
1272062,5
1272085,8
1272119,10
1272141,6
1272173,6
1272197,22
1272216,18
1272245,27
1272277,5
1272299,8
1272325,6
1272352,9
1272390,19
1272423,55
1272449,12
1272479,8
1272500,6
1272526,8
1272551,5
1272576,5
1272604,9
1272635,12
1272664,25
1272691,8
1272715,11
1272746,5
1272773,7
1272796,10
1272817,6
1272843,6
1272872,13
1272896,7
1272915,68
1272952,7
1272980,6
1273015,5
1273039,28
1273059,5
1273081,5
1273101,8
1273125,10
1273152,13
1273181,12
1273204,48
1273226,12
1273254,8
1273277,53
1273310,5
1273340,5
1273366,5
1273387,8
1273405,6
1273434,6
1273464,7
1273503,74
1273524,6
1273542,12
1273559,7
1273577,138
1273608,14
1273625,5
1273657,6
1273679,6
1273701,6
1273742,27
1273761,8
1273789,5
1273812,33
1273831,86
1273849,17
1273876,16
1273907,10
1273931,6
1273956,7
1273979,5
1273998,13
1274020,9
1274051,6
1274071,5
1274095,10
1274118,5
1274142,6
1274162,9
1274193,14
1274222,7
1274252,6
1274282,8
1274325,6
1274345,5
1274372,17
1274394,5
1274417,66
1274443,16
1274468,5
1274491,8
1274517,13
1274548,6
1274573,19
1274601,7
1274632,2155
1274656,5
1274685,10
1274716,8
1274740,5
1274760,6
1274793,12
1274823,12
1274852,6
1274882,16
1274901,21
1274928,5
1274946,14
1274978,7
1275000,17
1275027,44
1275049,6
1275071,14
1275093,9
1275114,5
1275138,13
1275166,6
1275184,11
1275199,5
1275219,174
1275240,295
1275263,7
1275284,6
1275305,6
1275331,37
1275356,5
1275392,13
1275418,5
1275440,5
1275470,25
1275499,9
1275523,10
1275552,7
1275575,143
1275602,18
1275629,1083
1275651,5
1275678,10
1275703,60
1275733,8
1275760,5
1275782,9
1275816,15
1275836,47
1275861,6
1275886,5
1275912,62
1275947,8
1275974,27
1276005,10
1276027,51
1276049,5
1276081,11
1276111,17
1276147,12
1276170,8
1276196,8
1276220,5
1276245,11
1276272,13
1276306,6
1276325,12
1276358,5
1276389,8
1276416,11
1276431,13
1276457,5
1276486,6
1276511,22
1276535,47
1276558,43
1276592,6
1276616,44
1276637,5
1276670,19
1276690,6
1276712,5
1276742,63
1276769,6
1276801,5
1276835,8
1276859,67
1276890,7
1276926,5
1276953,5
1276976,6
1277006,5
1277031,11
1277056,518
1277084,13
1277118,7
1277150,5
1277169,12
1277193,10
1277220,9
1277247,5
1277273,5
1277307,5
1277331,26
1277352,6
1277378,9
1277406,161
1277424,5
1277444,7
1277471,5
1277506,13
1277529,6
1277551,7
1277577,31
1277599,10
1277622,11
1277642,10
1277673,6
1277699,6
1277726,9
1277745,5
1277771,7
1277791,6
1277813,7
1277836,5
1277858,55
1277883,200
1277916,5
1277942,17
1277975,5
1278002,5
1278023,5
1278045,11
1278067,12
1278085,7
1278115,20
1278141,6
1278169,7
1278195,7
1278223,5
1278244,43
1278273,16
1278304,6
1278328,24
1278348,27
1278379,9
1278402,10
1278436,55
1278455,5
1278469,45
1278498,11
1278529,5
1278558,13
1278582,12
1278610,8
1278631,7
1278659,16
1278677,5
1278700,9
1278726,9
1278760,5
1278784,5
1278806,12
1278831,8
1278854,15
1278877,55
1278898,19
1278923,29
1278955,2797
1278984,77
1279010,7
1279037,42
1279076,44
1279100,31
1279127,8
1279157,104
1279193,38
1279213,7
1279243,16
1279260,7
1279290,6
1279324,15
1279346,6
1279363,15
1279395,8
1279421,6
1279443,9
1279463,153
1279493,6
1279513,7
1279542,6
1279580,13
1279607,6
1279642,12
1279663,30
1279688,5
1279724,12
1279749,17
1279771,333
1279800,9
1279824,6
1279850,5
1279877,8
1279899,6
1279928,20
1279953,5
1279974,5
1279996,135
1280031,8
1280055,5
1280081,11
1280103,136
1280127,5
1280153,10
1280177,8
1280196,6
1280224,6
1280243,8
1280265,5
1280281,155
1280310,10
1280338,6
1280366,9
1280394,9
1280419,21
1280451,5
1280475,29
1280497,6
1280515,16
1280545,33
1280567,6
1280589,5
1280605,8
1280636,19
1280656,5
1280678,11
1280702,28
1280726,5
1280750,6
1280773,19
1280794,5
1280815,5
1280833,18
1280860,5
1280886,5
1280914,9
1280937,5
1280966,6
1280988,8
1281010,6
1281033,37
1281058,6
1281078,47
1281101,7
1281127,11
1281149,6
1281190,5
1281223,7
1281248,6
1281265,7
1281282,9
1281307,307
1281328,5
1281360,14
1281379,10
1281406,7
1281434,8
1281460,5
1281485,13
1281519,6
1281540,35
1281561,5
1281583,221
1281607,7
1281633,5
1281655,8
1281678,5
1281697,10
1281724,6
1281744,8
1281773,7
1281802,6
1281824,6
1281848,7
1281869,6
1281897,7
1281933,6
1281947,6
1281969,12
1282000,8
1282030,5
1282043,7
1282073,5
1282101,11
1282130,9
1282157,5
1282182,102
1282207,10
1282227,6
1282263,6
1282292,9
1282316,8
1282349,8
1282377,5
1282415,22
1282440,7
1282473,5
1282506,11
1282540,25
1282565,19
1282585,18
1282606,20
1282641,5
1282676,5
1282707,6
1282731,6
1282753,5569
1282774,11
1282800,26
1282830,22
1282858,7
1282878,6
1282907,14
1282939,5
1282970,7
1282990,48
1283011,20
1283032,5
1283065,7
1283089,7
1283115,26
1283144,6
1283166,10
1283191,22
1283214,19
1283239,35
1283266,40
1283292,226
1283320,5
1283350,15
1283380,54
1283400,6
1283427,26
1283446,5
1283470,5
1283497,58
1283524,77
1283550,8
1283571,13
1283594,5
1283620,11
1283635,5
1283662,12
1283687,6
1283717,7
1283746,7
1283772,7
1283796,5
1283830,19
1283856,8
1283881,13
1283907,6
1283941,9
1283972,6
1284001,5
1284031,6
1284054,10
1284083,37
1284110,7
1284141,5
1284169,8
1284195,5
1284227,6
1284253,5
1284266,34
1284291,6
1284314,32
1284340,63
1284376,8
1284403,9
1284426,11
1284452,8
1284479,5
1284509,5
1284538,12
1284567,6
1284595,5
1284624,8
1284653,10
1284678,26
1284697,5
1284715,25
1284734,5
1284755,14
1284788,14
1284817,13
1284844,6
1284870,389
1284900,7
1284930,22
1284960,29
1284996,10
1285029,28
1285055,14
1285081,6
1285098,13
1285124,18
1285141,6
1285159,8
1285179,18
1285204,8
1285239,11
1285272,5
1285294,53
1285313,6
1285342,6
1285366,5
1285401,14
1285431,5
1285454,24
1285480,22
1285508,14
1285542,6
1285565,10
1285603,9
1285623,18
1285655,10
1285677,7
1285704,5
1285725,5
1285744,5
1285775,28
1285804,5
1285833,7
1285867,29
1285890,5
1285924,13
1285952,138
1285978,7
1286008,5
1286032,5
1286056,44
1286081,16
1286106,66
1286133,6
1286159,6
1286181,5
1286212,11
1286234,7
1286257,79
1286278,5
1286306,6
1286332,5
1286367,6
1286396,7
1286419,12
1286447,5
1286474,12
1286502,8
1286536,17
1286562,11
1286585,8
1286611,6
1286636,8
1286667,233
1286696,5
1286731,7
1286758,6
1286786,7
1286821,6
1286841,10
1286863,30
1286886,8
1286918,9
1286953,7
1286971,5
1287004,19
1287029,5
1287052,5
1287089,6
1287116,8
1287142,23
1287165,12
1287204,8
1287222,5
1287244,60
1287272,6
1287300,7
1287329,6
1287362,5
1287395,7
1287419,22
1287448,6
1287475,37
1287503,5
1287532,10
1287563,19
1287587,5
1287604,36
1287637,10
1287661,9
1287696,7
1287717,9
1287752,14
1287770,7
1287791,5
1287823,10
1287856,7
1287876,14
1287905,7
1287930,85
1287954,16
1287984,12
1287997,5
1288027,5
1288048,11
1288086,6
1288119,7
1288148,23
1288175,6
1288200,5
1288231,5
1288258,10
1288287,19
1288313,8
1288337,6
1288359,7
1288380,7
1288406,6
1288433,8
1288463,5
1288493,19
1288513,7
1288531,21
1288554,8
1288574,52
1288603,166
1288634,10
1288654,42
1288684,5
1288714,11
1288737,7
1288770,8
1288793,17
1288826,10
1288859,109
1288891,9
1288922,5
1288949,5
1288975,5
1289003,7
1289029,6
1289059,6
1289087,5
1289108,5
1289128,5
1289153,31
1289176,5
1289197,13
1289225,5
1289239,14
1289271,6
1289289,29
1289311,13
1289330,192
1289352,10
1289379,5
1289412,29
1289440,6
1289468,5
1289496,12
1289522,15
1289553,7
1289589,18
1289624,6
1289662,54
1289685,6
1289705,5
1289736,32
1289757,10
1289777,11
1289801,5
1289832,10
1289853,5
1289883,5
1289904,14
1289927,20
1289947,15
1289977,6
1290003,7
1290030,11
1290051,6
1290075,10
1290103,8
1290127,6
1290149,9
1290185,6
1290208,9
1290232,12
1290251,20
1290281,8
1290311,5
1290338,13
1290366,8
1290387,7
1290413,5
1290436,6
1290462,5
1290488,6
1290507,5
1290532,5
1290559,8
1290584,11
1290610,18
1290631,5
1290652,10
1290680,9
1290701,6
1290715,5
1290733,8
1290754,22
1290781,6
1290803,26
1290830,6
1290850,13
1290882,7
1290925,7
1290955,8
1290980,5
1291004,7
1291040,7
1291073,8
1291104,65
1291136,6
1291169,20
1291192,7
1291219,6
1291236,5
1291254,12
1291277,12
1291303,18
1291336,19
1291369,5
1291398,23
1291430,5
1291454,19
1291479,7
1291504,15
1291528,7
1291558,8
1291586,5
1291618,7
1291641,19
1291673,8
1291696,44
1291726,13
1291762,8
1291791,7
1291810,80
1291842,23
1291864,7
1291893,27
1291912,5
1291946,7
1291964,23
1291991,7
1292012,9
1292039,6
1292068,8
1292097,6
1292123,15
1292150,43
1292171,9
1292197,11
1292218,22
1292240,8
1292268,8
1292294,6
1292320,6
1292351,6
1292376,25
1292396,25
1292425,5
1292449,13
1292473,20
1292493,10
1292529,5
1292556,7
1292576,7
1292606,27
1292636,6
1292664,9
1292693,11
1292717,5
1292742,6
1292771,13
1292804,11
1292833,17
1292859,7
1292894,16
1292920,215
1292937,5
1292964,5
1292993,9
1293022,5
1293049,14
1293081,19
1293111,11
1293133,6
1293158,5
1293190,6
1293219,5
1293247,5
1293269,10
1293286,5
1293314,5
1293339,5
1293366,14
1293393,22
1293423,10
1293449,5
1293478,45
1293498,5
1293526,55
1293552,6
1293580,6
1293599,5
1293625,6
1293646,5
1293663,28
1293685,6
1293710,12
1293736,6
1293762,9
1293801,5
1293827,26
1293847,32
1293880,5
1293904,7
1293932,6
1293955,9
1293980,7
1294019,31
1294040,10
1294072,7
1294097,7
1294128,94
1294148,11
1294179,24
1294206,7
1294236,5
1294262,5
1294281,40
1294311,7
1294341,14
1294368,6
1294391,6
1294414,44
1294434,6
1294465,5
1294487,8
1294519,6
1294549,53
1294576,6
1294608,6
1294632,81
1294657,5
1294681,6
1294711,6
1294740,5
1294769,5
1294800,21
1294825,5
1294849,11
1294873,6
1294907,43
1294924,13
1294948,60
1294974,170
1295004,13
1295035,158
1295064,15
1295087,22
1295112,32
1295140,7
1295170,10
1295190,5
1295209,5
1295243,7
1295278,5
1295307,9
1295327,7
1295355,5
1295384,8
1295419,13
1295445,31
1295468,6
1295489,5
1295513,8
1295533,6
1295565,5
1295604,6
1295625,10
1295659,6
1295679,14
1295697,14
1295727,23
1295754,16
1295782,16
1295811,14
1295841,8
1295859,23
1295891,5
1295916,5
1295944,21
1295970,6
1295985,108
1296012,8
1296039,5
1296060,6
1296087,31
1296117,7
1296136,5
1296172,27
1296195,6
1296223,13
1296247,7
1296269,10
1296296,12
1296317,13
1296341,6
1296372,7
1296393,165
1296416,42
1296440,14
1296455,23
1296477,5
1296502,66
1296517,12
1296538,5
1296572,6
1296599,19
1296629,5
1296659,5
1296689,16
1296719,5
1296737,31
1296764,17
1296794,10
1296825,6
1296853,11
1296875,31
1296903,5
1296936,13
1296963,5
1296984,8
1297020,36
1297050,5
1297077,18
1297108,145
1297130,10
1297158,5
1297177,5
1297202,6
1297222,8
1297250,5
1297278,25
1297309,7
1297336,6
1297359,15
1297388,5
1297418,26
1297441,6
1297474,5
1297499,71
1297527,6
1297551,21
1297571,25
1297592,9
1297624,6
1297651,5
1297688,5
1297717,6
1297735,6
1297763,6
1297781,29
1297809,6
1297830,26
1297853,7
1297884,5
1297914,6
1297942,5
1297971,5
1297999,7
1298030,5
1298062,23
1298092,9
1298118,6
1298144,113
1298167,48
1298197,5
1298223,91
1298252,6
1298276,5
1298301,9
1298330,5
1298349,8
1298376,15
1298403,19
1298427,34
1298450,72
1298480,9
1298495,6
1298534,22
1298562,5
1298591,8
1298615,5
1298634,6
1298660,17
1298690,5
1298713,8
1298741,8
1298773,10
1298798,6
1298821,242
1298859,7
1298878,5
1298904,8
1298926,5
1298954,5
1298977,13
1299003,5
1299031,6
1299061,6
1299087,6
1299110,15
1299136,7
1299158,21
1299179,6
1299202,12
1299226,5
1299245,9
1299267,61
1299291,6
1299317,28
1299344,8
1299369,6
1299386,73
1299404,7
1299425,6
1299447,8
1299472,6
1299497,45
1299522,13
1299554,24
1299585,14
1299607,15
1299640,7
1299673,5
1299700,5
1299723,5
1299757,6
1299786,8
1299816,8
1299843,5
1299874,6
1299903,6
1299927,6
1299949,9
1299975,7
1300003,15
1300032,15
1300057,16
1300085,13
1300108,8
1300144,55
1300170,12
1300190,7
1300215,5
1300248,43
1300269,11
1300292,48
1300316,9
1300344,7
1300367,6
1300403,6
1300427,11
1300462,41
1300492,76
1300513,5
1300534,5
1300557,5
1300572,6
1300597,15
1300628,12
1300655,8
1300680,5
1300710,6
1300735,138
1300753,33
1300783,9
1300809,16
1300839,5
1300860,5
1300888,60
1300909,10
1300929,17
1300960,8
1300984,16
1301009,9
1301035,8
1301064,11
1301102,12
1301123,10
1301146,17
1301172,7
1301195,6
1301227,15
1301248,8
1301280,5
1301304,8
1301344,5
1301370,5
1301402,10
1301436,6
1301475,7
1301496,5
1301516,8
1301550,6
1301567,13
1301597,6
1301625,5
1301657,7
1301684,43
1301704,5
1301735,7
1301762,7
1301784,5
1301806,5
1301830,5
1301854,29
1301878,5
1301914,5
1301939,8
1301964,6
1301987,7
1302006,67
1302036,60
1302071,6
1302101,7
1302126,5
1302150,27
1302175,5
1302204,64
1302229,8
1302256,13
1302286,5
1302316,17
1302342,126
1302372,8
1302406,13
1302428,5
1302446,38
1302477,5
1302508,62
1302536,11
1302562,6
1302592,11
1302612,9
1302637,5
1302663,14
1302696,7
1302723,8
1302745,14
1302767,7
1302787,35
1302812,5
1302842,6
1302865,18
1302890,41
1302918,10
1302945,6
1302963,8
1302986,8
1303018,5
1303054,6
1303078,6
1303103,12
1303123,5
1303157,8
1303184,78
1303211,8
1303240,6
1303269,10
1303286,21
1303319,7
1303344,8
1303376,5
1303405,9
1303429,10
1303456,5
1303480,14
1303511,5
1303543,24
1303570,5
1303592,5
1303617,100
1303645,6
1303681,5
1303710,107
1303735,6
1303761,7
1303784,5
1303807,16
1303840,6
1303859,10
1303885,7
1303906,7
1303943,41
1303975,14
1304000,6
1304022,15
1304047,7
1304070,5
1304100,15
1304125,9
1304152,10
1304183,5
1304216,8
1304248,10
1304271,22
1304292,6
1304320,30
1304357,7
1304388,8
1304414,5
1304437,10
1304462,8
1304502,8
1304529,7
1304545,55
1304569,20
1304596,12
1304621,5
1304656,5
1304683,23
1304705,6
1304725,87
1304749,8
1304776,22
1304795,7
1304828,7
1304849,5
1304871,20
1304894,6
1304917,7
1304945,5
1304968,5
1304984,7
1305007,37
1305023,16
1305048,20
1305065,5
1305088,22
1305116,10
1305134,6
1305158,8
1305186,32
1305217,16
1305244,57
1305274,207
1305299,59
1305327,82
1305355,113
1305386,11
1305410,5
1305440,7
1305463,10
1305492,6
1305517,8
1305548,12
1305581,8
1305604,5
1305623,5
1305655,6
1305684,445
1305711,21
1305736,11
1305763,8
1305787,7
1305820,24
1305844,5
1305876,7
1305910,23
1305939,5
1305964,5
1305991,5
1306017,44
1306048,14
1306070,5
1306100,7
1306129,5
1306153,8
1306173,14
1306193,5
1306224,8
1306241,9
1306269,5
1306289,14
1306324,5
1306354,6
1306372,13
1306401,5
1306417,8
1306445,13
1306472,5
1306503,5
1306536,74
1306558,12
1306590,28
1306610,28
1306638,16
1306669,5
1306699,7
1306723,9
1306749,88
1306772,6
1306796,25
1306821,5
1306841,7
1306865,8
1306888,7
1306908,8
1306937,18
1306967,11
1306983,10
1306996,7
1307014,37
1307046,10
1307075,5
1307090,5
1307129,7
1307147,45
1307170,8
1307202,7
1307230,19
1307255,8
1307281,5
1307313,6
1307334,7
1307368,6
1307387,34
1307415,17
1307440,11
1307461,8
1307488,12
1307513,9
1307536,5
1307556,24
1307587,65
1307610,6
1307630,7
1307657,10
1307674,5
1307703,9
1307731,8
1307766,11
1307804,5
1307828,6
1307853,8
1307886,22
1307913,13
1307934,5
1307969,15
1307994,6
1308015,5
1308037,6
1308061,6
1308086,6
1308115,7
1308149,7
1308165,9
1308197,5
1308218,12
1308242,6
1308260,10
1308289,7
1308319,19
1308353,32
1308373,12
1308404,5
1308440,9
1308461,7
1308491,8
1308512,8
1308532,8
1308559,6
1308582,5
1308606,6
1308629,10
1308647,9
1308668,9
1308684,5
1308715,5
1308745,8
1308769,31
1308806,5
1308838,15
1308860,23
1308895,7
1308920,6
1308952,10
1308980,14
1309003,5
1309027,7
1309054,6
1309080,5
1309105,5
1309128,7
1309158,12
1309183,5
1309203,134
1309226,32
1309244,12
1309271,7
1309293,16
1309326,11
1309347,6
1309366,13
1309401,10
1309422,140
1309446,10
1309467,8
1309493,7
1309513,8
1309538,16
1309571,20
1309594,17
1309623,6
1309651,12
1309677,6
1309696,8
1309710,52
1309730,10
1309749,15
1309773,5
1309813,13
1309839,21
1309864,6
1309891,9
1309916,44
1309933,10
1309960,18
1309991,6
1310023,5
1310046,6
1310074,22
1310096,6
1310121,6
1310156,35
1310181,6
1310204,10
1310237,8
1310264,5
1310300,8
1310323,7
1310344,5
1310364,5
1310404,687
1310428,5
1310455,26
1310480,20
1310508,5
1310536,5
1310568,59
1310596,5
1310625,5
1310643,24
1310672,8
1310703,12
1310732,6
1310757,5
1310782,9
1310803,32
1310825,68
1310854,7
1310882,10
1310909,12
1310942,8
1310971,5
1311003,74
1311025,6
1311048,7
1311072,14
1311100,18
1311121,22
1311150,8
1311170,5
1311188,10
1311212,6
1311239,13
1311273,19
1311302,12
1311328,5
1311355,6
1311389,14
1311415,6
1311439,5
1311461,5
1311481,59
1311508,17
1311536,5
1311556,6
1311584,6
1311599,5
1311629,5
1311656,6
1311680,6
1311709,9
1311728,39
1311755,7
1311791,8
1311817,8
1311845,16
1311877,368
1311897,60
1311930,15
1311965,25
1311996,14
1312017,10
1312048,5
1312077,33
1312103,9
1312127,6
1312149,6
1312176,21
1312201,25
1312224,15
1312258,6
1312294,8
1312314,41
1312331,9
1312354,5
1312381,11
1312403,5
1312429,12
1312448,7
1312474,17
1312502,6
1312529,14
1312544,5
1312571,5
1312610,13
1312636,5
1312657,5
1312677,17
1312706,6
1312730,5
1312766,5
1312789,6
1312822,7
1312844,5
1312874,5
1312909,6
1312929,8
1312965,6
1312987,5
1313015,13
1313047,6
1313079,6
1313093,7
1313115,6
1313141,9
1313174,6
1313201,239
1313223,7
1313254,5
1313271,6
1313299,9
1313322,9
1313349,5
1313372,9
1313400,100
1313428,5
1313459,9
1313494,5
1313520,12
1313546,20
1313570,5
1313592,105
1313619,6
1313643,9
1313674,8
1313698,13
1313724,9
1313754,10
1313781,9
1313808,5
1313838,7
1313867,17
1313891,12
1313925,10
1313958,7
1313984,46
1314006,25
1314031,5
1314056,7
1314083,5
1314117,8
1314145,7
1314172,36
1314202,11
1314235,16
1314260,11
1314283,8
1314309,5
1314324,20
1314340,7
1314367,8
1314390,13
1314413,7
1314434,6
1314460,10
1314478,200
1314501,10
1314519,7
1314547,25
1314565,8
1314588,6
1314610,6
1314637,5
1314659,16
1314688,11
1314702,10
1314742,8
1314764,34
1314788,8
1314815,54
1314843,5
1314864,7
1314895,5
1314918,10
1314942,5
1314969,7
1314992,5
1315016,5
1315045,26
1315072,98
1315091,363
1315124,11
1315145,10
1315162,55
1315192,14
1315215,9
1315236,33
1315266,5
1315293,19
1315315,786
1315345,5
1315372,7
1315397,10
1315419,5
1315448,13
1315473,5
1315501,5
1315527,8
1315556,7
1315588,20
1315618,14
1315650,6
1315669,5
1315700,5
1315735,28
1315761,87
1315782,10
1315825,10
1315857,10
1315881,468
1315904,13
1315931,255
1315962,2686
1315983,11
1316011,8
1316039,49
1316070,5
1316107,12
1316137,7
1316157,7
1316193,19
1316220,30
1316241,7
1316254,6
1316272,36
1316297,6
1316314,7
1316347,21
1316380,10
1316416,6
1316437,5
1316478,9
1316504,6
1316529,5
1316550,6
1316578,5
1316599,22
1316625,5
1316657,5
1316676,10
1316709,5
1316733,5
1316764,679
1316783,5
1316812,12
1316843,65
1316876,38
1316907,7
1316924,10
1316948,10
1316966,11
1316993,7
1317025,9
1317048,18
1317083,5
1317110,66
1317138,34
1317170,26
1317202,48
1317236,15
1317260,6
1317290,11
1317321,6
1317354,16
1317386,6
1317407,25
1317435,6
1317456,5
1317483,79
1317516,8
1317536,81
1317564,102
1317582,5
1317606,6
1317638,17
1317664,6
1317686,6
1317707,5
1317735,5
1317763,5
1317782,5
1317804,9
1317830,13
1317860,5
1317884,6
1317921,16
1317955,92
1317980,6
1318016,8
1318039,5
1318069,9
1318100,18
1318128,7
1318153,7
1318173,16
1318198,9
1318222,22
1318240,5
1318267,7
1318299,8
1318331,7
1318361,36
1318392,16
1318415,9
1318440,9
1318458,17
1318479,31
1318502,64
1318530,6
1318565,5
1318592,9
1318621,6
1318642,9
1318666,11
1318697,10
1318720,16
1318751,14
1318778,5
1318801,5
1318821,7
1318842,6
1318868,12
1318897,16
1318917,36
1318949,8
1318971,5
1318997,6
1319031,5
1319058,9
1319098,5
1319138,12
1319164,25
1319181,50
1319206,10
1319233,6
1319251,8
1319270,9
1319302,7
1319327,5
1319357,6
1319379,5
1319408,23
1319427,20
1319468,5
1319493,8
1319511,7
1319537,6
1319565,30
1319597,11
1319615,8
1319649,8
1319670,19
1319711,69
1319740,6
1319758,31
1319798,6
1319829,5
1319859,11
1319893,8
1319917,5
1319943,5
1319969,16
1320002,5
1320026,6
1320051,6
1320076,11
1320107,5
1320128,11
1320153,21
1320186,7
1320209,42
1320236,5
1320269,19
1320295,15
1320326,5
1320356,5
1320381,5
1320407,7
1320432,11
1320448,6
1320470,8
1320491,6
1320523,6
1320552,44
1320573,43
1320606,20
1320633,6
1320656,20
1320689,25
1320704,7
1320731,8
1320752,7
1320772,6
1320803,8
1320822,5
1320851,87
1320879,18
1320896,5
1320923,8
1320951,7
1320978,12
1320998,6
1321024,33
1321063,33
1321088,5
1321107,5
1321130,13
1321158,146
1321178,14
1321210,7
1321236,6
1321267,5
1321294,5
1321315,7
1321339,13
1321362,7
1321396,5
1321429,25
1321455,8
1321474,6
1321512,15
1321541,8
1321556,163
1321575,22
1321594,8
1321623,37
1321647,23
1321690,5
1321717,5
1321746,10
1321777,5
1321811,5
1321846,8
1321873,7
1321905,9
1321924,7
1321955,5
1321978,31
1321991,25
1322013,37
1322045,7
1322069,104
1322090,27
1322113,22
1322136,5
1322160,10
1322184,7
1322208,11
1322233,23
1322260,23
1322280,40
1322308,6
1322334,6
1322359,7
1322380,7
1322400,5
1322431,5
1322462,6
1322483,6
1322502,54
1322516,5
1322551,15
1322576,6
1322613,7
1322639,7
1322655,31
1322680,14
1322706,5
1322738,6
1322762,6
1322794,10
1322819,7
1322843,5
1322877,21
1322907,6
1322930,28
1322963,7
1322995,8
1323023,5
1323047,12
1323071,5
1323098,13
1323130,5
1323168,6
1323192,31
1323220,5
1323251,5
1323276,11
1323304,47
1323337,8
1323357,12
1323385,159
1323413,6
1323437,5
1323462,57
1323488,23
1323510,12
1323538,5
1323556,6
1323590,6
1323616,5
1323647,5
1323671,10
1323684,5
1323710,14
1323747,6
1323768,10
1323791,19
1323816,24
1323843,19
1323871,5
1323898,79
1323932,6
1323958,6
1323983,7
1324013,5
1324039,28
1324058,15
1324091,909
1324109,5
1324143,11
1324161,21
1324186,25
1324211,5
1324234,12
1324258,17
1324278,5
1324311,7
1324337,7
1324362,8
1324385,8
1324411,6
1324439,8
1324465,5
1324494,8
1324519,7
1324541,6
1324567,10
1324600,14
1324621,8
1324650,11
1324679,54
1324713,5
1324730,29
1324762,11
1324778,9
1324801,5
1324829,15
1324854,8
1324884,9
1324907,7
1324922,83
1324956,31
1324983,56
1325007,12
1325029,6
1325056,7
1325085,94
1325108,5
1325133,18
1325156,6
1325183,11
1325203,8
1325227,5
1325243,9
1325264,7
1325294,17
1325322,18
1325351,6
1325381,19
1325409,12
1325432,6
1325453,132
1325476,7
1325500,17
1325521,6
1325543,5
1325552,5
1325574,5
1325596,5
1325628,52
1325658,33
1325683,5
1325709,8
1325734,28
1325752,7
1325771,11
1325795,10
1325819,5
1325843,12
1325865,14
1325902,12
1325927,9
1325946,7
1325971,7
1325997,6
1326019,6
1326043,5
1326066,6
1326093,22
1326120,8
1326147,17
1326175,10
1326201,44
1326232,5
1326255,7
1326279,21
1326296,6
1326325,9
1326355,6
1326381,7
1326410,27
1326426,12
1326446,6
1326473,6
1326498,282
1326512,9
1326544,31
1326571,43
1326603,19
1326628,5
1326651,7
1326675,9
1326703,16
1326725,34
1326747,23
1326767,11
1326791,23
1326817,5
1326846,6
1326872,7
1326896,27
1326927,5
1326950,13
1326979,5
1327005,13
1327038,5
1327063,6
1327096,5
1327121,5
1327146,14
1327164,20
1327183,6
1327213,9
1327238,41
1327265,7
1327289,5
1327317,11
1327341,9
1327365,6
1327397,213
1327416,6
1327443,13
1327472,6
1327500,6
1327530,6
1327557,22
1327590,20
1327608,6
1327638,9
1327675,9
1327709,5
1327741,6
1327768,9
1327795,5
1327834,9
1327869,25
1327899,11
1327920,9
1327946,8
1327963,33
1328002,5
1328034,7
1328059,7
1328091,20
1328121,33
1328153,5
1328181,8
1328202,5
1328220,5
1328235,8
1328262,6
1328281,40
1328303,10
1328324,6
1328354,5
1328386,5
1328407,29
1328430,9
1328458,6
1328476,6
1328500,11
1328528,8
1328554,6
1328579,10
1328605,5
1328639,10
1328662,13
1328689,8
1328711,118
1328731,7
1328760,95
1328788,5
1328820,10
1328854,6
1328884,67
1328906,7
1328931,5
1328955,11
1328983,7
1329012,6
1329033,7
1329077,135
1329103,10
1329124,10
1329148,5
1329171,9
1329191,8
1329214,7
1329239,18
1329259,7
1329287,13
1329314,26
1329340,6
1329363,7
1329395,6
1329428,5
1329456,6
1329487,6
1329515,7
1329538,5
1329566,12
1329585,23
1329612,14
1329636,58
1329655,12
1329684,28
1329706,5
1329731,9
1329749,7
1329778,42
1329814,6
1329846,9
1329870,31
1329893,7
1329917,10
1329946,8
1329968,8
1329987,6
1330010,6
1330045,6
1330070,5
1330088,5
1330107,39
1330126,8
1330152,5
1330172,19
1330200,72
1330235,10
1330264,5
1330286,5
1330304,36
1330326,7
1330344,32
1330368,6
1330396,5
1330424,36
1330445,7
1330469,8
1330496,8
1330526,5
1330552,7
1330579,23
1330599,11
1330619,8
1330643,12
1330665,5
1330692,6
1330709,14
1330735,6
1330761,8
1330791,7
1330816,18
1330840,5
1330867,13
1330892,5
1330927,8
1330960,6
1330986,116
1331007,13
1331031,22
1331059,12
1331085,6
1331115,5
1331153,6
1331175,7
1331203,6
1331230,5
1331256,6
1331288,6
1331316,5
1331342,7
1331374,6
1331395,9
1331421,6
1331448,7
1331470,11
1331489,14
1331511,6
1331536,6
1331556,7
1331585,6
1331611,17
1331635,36
1331659,11
1331683,5
1331717,28
1331750,226
1331775,11
1331801,6
1331820,125
1331841,5
1331860,6
1331886,5
1331910,41
1331935,54
1331964,7
1331990,5
1332010,11
1332040,6
1332075,5
1332098,49
1332126,5
1332145,8
1332172,9
1332196,6
1332218,5
1332238,7
1332264,40
1332291,6
1332321,10
1332340,7
1332375,7
1332404,12
1332426,7
1332451,7
1332474,15
1332496,6
1332523,15
1332564,6
1332594,11
1332623,5
1332649,12
1332675,9
1332698,5
1332711,13
1332733,6
1332761,9
1332784,7
1332806,30
1332830,5
1332853,5
1332878,6
1332899,13
1332925,5
1332951,9
1332974,5
1332995,13
1333021,19
1333056,822
1333085,22
1333106,7
1333133,8
1333154,9
1333182,5
1333209,132
1333236,5
1333269,11
1333295,8
1333320,8
1333349,15
1333369,23
1333398,9
1333423,27
1333452,5
1333475,16
1333494,7
1333520,31
1333545,7
1333564,26
1333580,5
1333601,10
1333634,5
1333666,5
1333678,7
1333699,14
1333716,5
1333740,11
1333759,19
1333791,5
1333819,6
1333851,44
1333876,9
1333901,15
1333918,5
1333936,5
1333964,28
1333993,7
1334019,14
1334045,43
1334060,9
1334080,6
1334111,16
1334144,6
1334177,5
1334204,5
1334227,19
1334255,24
1334287,10
1334315,6
1334329,5
1334356,13
1334381,5
1334402,9
1334431,8
1334464,10
1334487,5
1334510,7
1334537,5
1334558,11
1334584,8
1334609,14
1334631,5
1334661,5
1334679,60
1334716,8
1334732,26
1334758,9
1334784,93
1334812,6
1334828,5
1334862,35
1334886,6
1334919,49
1334939,13
1334965,5
1334989,5
1335013,5
1335031,22
1335063,10
1335090,6
1335117,5
1335151,5
1335185,7
1335216,9
1335238,5
1335267,35
1335294,12
1335313,10
1335356,20
1335378,19
1335404,144
1335430,5
1335451,6
1335476,9
1335501,32
1335526,6
1335553,11
1335581,5
1335611,9
1335636,17
1335665,7
1335687,74
1335713,33
1335745,22
1335766,10
1335789,16
1335813,5
1335826,9
1335846,28
1335874,8
1335905,6
1335928,11
1335952,31
1335990,29
1336016,6
1336046,8
1336076,15
1336101,6
1336116,5
1336150,19
1336175,10
1336206,5
1336227,5
1336257,91
1336286,6
1336307,6
1336339,5
1336369,13
1336398,7
1336429,6
1336468,71
1336493,5
1336508,21
1336540,6
1336567,5
1336590,10
1336609,7
1336635,5
1336668,8
1336696,17
1336730,101
1336757,21
1336788,45
1336811,287
1336838,6
1336864,8
1336885,6
1336908,7
1336938,25
1336964,6
1336989,7
1337017,6
1337040,19
1337061,29
1337087,5
1337106,15
1337128,6
1337161,6
1337188,9
1337217,16
1337240,5
1337261,8
1337291,30
1337319,12
1337350,12
1337384,5
1337409,5
1337430,6
1337450,13
1337469,150
1337491,7
1337510,5
1337542,7
1337568,5
1337602,45
1337631,27
1337657,7
1337681,5
1337707,5
1337736,7
1337757,5
1337793,5
1337822,15
1337849,212
1337878,22
1337909,5
1337931,5
1337963,38
1337980,5
1338002,12
1338025,48
1338057,7
1338072,7
1338103,9
1338127,7
1338149,5
1338176,8
1338198,5
1338227,80
1338255,6
1338281,5
1338309,9
1338327,5
1338349,6
1338372,6
1338400,9
1338420,8
1338443,5
1338465,6
1338492,35
1338525,9
1338559,27
1338584,8
1338609,6
1338627,5
1338656,161
1338682,7
1338710,5
1338746,5
1338768,10
1338794,7
1338823,8
1338847,6
1338871,7
1338908,7
1338940,6
1338965,7
1338996,9
1339019,59
1339050,9
1339071,13
1339096,7
1339128,5
1339157,8
1339189,10
1339213,5
1339242,63
1339267,5
1339292,11
1339322,9
1339350,10
1339370,13
1339397,7
1339426,5
1339449,5
1339469,7
1339492,7
1339518,9
1339546,5
1339577,16
1339599,12
1339626,42
1339657,5
1339677,11
1339700,6
1339732,5
1339756,7
1339791,5
1339821,7
1339841,7
1339864,7
1339886,9
1339911,63
1339930,32
1339951,11
1339974,10
1340001,15
1340036,9
1340060,10
1340075,10
1340097,5
1340117,5
1340141,9
1340171,115
1340202,5
1340226,16
1340245,41
1340268,23
1340297,7
1340317,6
1340344,19
1340369,27
1340397,47
1340426,5
1340453,7
1340486,16
1340504,6
1340524,7
1340554,5
1340578,9
1340600,6
1340627,7
1340653,12
1340681,8
1340701,11
1340728,5
1340751,5
1340775,11
1340811,8
1340827,13
1340853,5
1340876,5
1340903,45
1340929,102
1340957,36
1340977,12
1340999,6
1341024,6
1341057,5
1341094,36
1341120,7
1341145,5
1341168,8
1341189,10
1341218,5
1341246,5
1341273,7
1341301,10
1341322,5
1341338,6
1341369,9
1341394,5
1341418,6
1341443,48
1341473,19
1341503,14
1341524,5
1341551,5
1341586,15
1341613,6
1341639,6
1341674,19
1341697,6
1341726,5
1341759,11
1341790,5
1341824,29
1341842,21
1341879,5
1341908,9
1341937,13
1341961,5
1341983,7
1342007,5
1342039,12
1342060,7
1342086,15
1342107,19
1342131,9
1342166,6
1342201,214
1342220,6
1342247,46
1342276,105
1342302,9
1342325,10
1342347,8
1342372,6
1342399,39
1342417,8
1342445,6
1342478,5
1342500,5
1342528,24
1342546,45
1342574,11
1342598,9
1342627,7
1342663,109
1342690,7
1342728,21
1342758,6
1342785,7
1342813,16
1342841,5
1342862,177
1342891,7
1342914,27
1342939,5
1342964,6
1342992,5
1343023,13
1343043,8
1343082,6
1343108,20
1343132,7
1343155,11
1343180,10
1343205,6
1343228,25
1343243,5
1343272,11
1343297,8
1343320,70
1343358,5
1343382,8
1343417,6
1343438,9
1343466,5
1343488,17
1343513,14
1343539,36
1343564,19
1343588,11
1343608,8
1343637,54
1343666,8
1343713,9
1343739,136
1343766,10
1343788,13
1343810,79
1343833,9
1343850,8
1343877,9
1343899,17
1343920,14
1343949,9
1343978,36
1343999,5
1344033,9
1344064,10
1344089,9
1344114,809
1344142,10
1344166,11
1344185,17
1344206,25
1344225,15
1344250,8
1344267,6
1344291,5
1344304,5
1344324,8
1344352,6
1344384,12
1344405,29
1344431,6
1344456,6
1344478,8
1344496,13
1344521,6
1344550,7
1344574,59
1344606,12
1344627,15
1344654,7
1344675,5
1344707,5
1344736,32
1344756,96
1344782,5
1344810,9
1344845,10
1344876,5
1344911,5
1344944,11
1344974,8
1345002,65
1345032,5
1345072,9
1345095,8
1345132,5
1345165,5
1345190,11
1345210,5
1345233,6
1345260,113
1345287,9
1345311,5
1345335,6
1345360,5
1345382,24
1345411,44
1345438,5
1345460,5
1345482,39
1345502,53
1345528,7
1345547,10
1345566,5
1345602,9
1345626,53
1345660,45
1345684,17
1345718,24
1345747,144
1345779,11
1345801,8
1345833,14
1345856,6
1345891,8
1345915,10
1345948,6
1345975,5
1345996,6
1346024,31
1346049,5
1346075,6
1346104,6
1346134,7
1346158,19
1346184,22
1346214,10
1346247,5
1346264,5
1346293,6
1346321,19
1346335,15
1346367,5
1346390,6
1346426,53
1346454,9
1346483,7
1346503,7
1346526,5
1346560,75
1346583,18
1346610,6
1346635,8
1346660,6
1346682,15
1346703,8
1346729,6
1346753,23
1346773,5
1346798,8
1346821,11
1346845,13
1346868,30
1346897,32
1346925,6
1346946,8
1346979,9
1347002,6
1347027,8
1347053,6
1347083,13
1347112,9
1347144,15
1347176,65
1347195,6
1347220,13
1347248,15
1347268,18
1347295,19
1347319,5
1347345,6
1347368,5
1347397,18
1347425,15
1347457,5
1347482,16
1347510,11
1347533,11
1347557,30
1347578,31
1347603,14
1347628,8
1347651,42
1347669,7
1347694,12
1347728,5
1347753,5
1347784,8
1347805,5
1347834,5
1347859,25
1347881,5
1347905,43
1347937,5
1347963,5
1347987,12
1348011,30
1348041,5
1348072,11
1348101,29
1348139,5
1348173,11
1348198,5
1348227,6
1348248,5
1348279,16
1348298,61
1348322,9
1348354,10
1348378,12
1348400,5
1348416,13
1348447,8
1348468,32
1348497,10
1348517,10
1348547,36
1348572,7
1348598,7
1348616,5
1348646,9
1348679,6
1348698,5
1348719,8
1348745,13
1348768,5
1348797,17
1348824,6
1348856,17
1348886,8
1348907,5
1348938,7
1348966,13
1348997,7
1349018,16
1349040,15
1349065,5
1349086,22
1349115,12
1349141,30
1349185,5
1349213,11
1349236,5
1349254,58
1349286,7
1349306,259
1349333,5
1349354,8
1349387,6
1349415,35
1349443,8
1349462,9
1349487,13
1349510,7
1349537,9
1349554,6
1349584,7
1349615,5
1349641,65
1349660,7
1349687,5
1349713,6
1349738,5
1349759,5
1349791,6
1349809,6
1349831,5
1349852,10
1349881,5
1349908,5
1349941,6
1349967,5
1349988,6
1350016,5
1350042,26
1350068,11
1350096,13
1350126,8
1350161,19
1350187,24
1350212,74
1350239,14
1350270,25
1350291,8
1350316,7
1350338,8
1350357,11
1350384,5
1350407,7
1350432,11
1350454,15
1350482,5
1350504,33
1350529,7
1350556,13
1350588,7
1350610,17
1350638,5
1350670,17
1350699,8
1350729,6
1350754,7
1350786,15
1350813,46
1350840,9
1350867,23
1350895,5
1350920,6
1350951,5
1350988,6
1351013,7
1351038,35
1351062,7
1351087,9
1351110,6
1351133,6
1351148,6
1351174,13
1351191,6
1351220,10
1351249,6
1351278,5
1351304,6
1351330,5
1351363,5
1351389,70
1351408,8
1351432,8
1351466,5
1351500,8
1351542,5
1351571,32
1351591,10
1351618,6
1351638,5
1351669,6
1351695,5
1351720,13
1351748,10
1351777,6
1351808,5
1351831,40
1351855,70
1351888,8
1351917,6
1351937,7
1351964,20
1351999,80
1352022,6
1352053,8
1352087,5
1352113,5
1352139,13
1352164,14
1352194,5
1352230,5
1352247,5
1352267,9
1352299,13
1352321,17
1352348,11
1352385,6
1352421,6
1352444,6
1352463,5
1352485,13
1352508,9
1352534,12
1352559,9
1352588,5
1352620,5
1352646,10
1352676,9
1352703,105
1352732,5
1352761,10
1352785,5
1352810,5
1352833,53
1352860,25
1352888,5
1352916,12
1352936,6
1352957,5
1352982,17
1353001,5
1353031,105
1353055,5
1353083,7
1353113,16
1353133,6
1353151,7
1353176,7
1353203,5
1353232,16
1353262,9
1353290,43
1353306,12
1353334,13
1353352,7
1353378,6
1353392,8
1353414,5
1353437,5
1353461,8
1353486,8
1353519,26
1353540,5
1353560,6
1353578,42
1353599,71
1353628,8
1353644,96
1353676,13
1353698,20
1353733,9
1353758,5
1353786,37
1353809,9
1353841,11
1353861,8
1353896,6
1353907,11
1353928,42
1353959,18
1353981,9
1354005,13
1354037,6
1354058,11
1354085,53
1354104,6
1354130,386
1354151,10
1354165,12
1354193,45
1354209,11
1354233,6
1354257,5
1354283,6
1354313,7
1354350,26
1354372,24
1354404,13
1354422,6
1354440,5
1354467,15
1354493,9
1354528,9
1354557,13
1354577,9
1354605,12
1354635,7
1354668,17
1354690,5
1354721,5
1354744,7
1354779,6
1354816,62
1354836,12
1354862,12
1354881,13
1354902,5
1354921,19
1354936,8
1354969,23
1355003,7
1355033,5
1355068,40
1355091,25
1355113,9
1355139,7
1355164,6
1355188,99
1355214,6
1355243,5
1355270,8
1355300,7
1355331,5
1355353,7
1355388,14
1355419,7
1355447,6
1355470,13
1355495,5
1355514,7
1355553,6
1355579,16
1355610,6
1355625,6
1355647,5
1355667,5
1355690,31
1355710,347
1355740,19
1355767,5
1355784,8
1355812,6
1355838,8
1355862,20
1355900,5
1355927,5
1355953,117
1355981,13
1356005,15
1356034,6
1356057,11
1356085,20
1356116,8
1356144,28
1356167,20
1356190,7
1356222,5
1356247,9
1356275,17
1356295,9
1356317,61
1356343,15
1356372,51
1356406,9
1356429,7
1356456,79
1356466,6
1356495,72
1356509,7
1356528,25
1356551,10
1356572,5
1356602,7
1356627,5
1356652,6
1356689,5
1356707,19
1356726,29
1356756,65
1356780,18
1356801,5
1356820,58
1356848,6
1356877,5
1356897,12
1356926,11
1356947,7
1356978,10
1356998,26
1357025,6
1357055,7
1357077,15
1357109,5
1357123,8
1357154,73
1357189,11
1357228,33
1357260,7
1357290,5
1357323,6
1357347,7
1357373,94
1357399,9
1357417,82
1357445,21
1357471,12
1357486,10
1357509,195
1357538,11
1357563,12
1357599,5
1357626,5
1357654,7
1357677,15
1357700,5
1357724,9
1357753,6
1357789,10
1357816,5
1357837,48
1357867,5
1357900,5
1357925,41
1357950,9
1357988,32
1358006,6
1358028,5
1358054,7
1358082,9
1358119,5
1358146,74
1358175,31
1358195,10
1358220,5
1358243,11
1358275,6
1358307,8
1358335,11
1358358,6
1358378,144
1358403,6
1358432,6
1358462,5
1358481,6
1358507,6
1358536,23
1358561,13
1358582,6
1358605,6
1358631,10
1358668,5
1358684,9
1358707,6
1358745,9
1358766,14
1358788,18
1358812,5
1358842,5
1358868,5
1358902,7
1358921,6
1358945,5
1358974,8
1359002,12
1359028,42
1359062,8
1359090,12
1359117,39
1359138,7
1359158,7
1359179,15
1359208,23
1359230,7
1359249,54
1359271,8
1359297,9
1359319,7
1359331,16
1359353,7
1359370,5
1359398,9
1359426,10
1359447,11
1359477,18
1359500,8
1359526,19
1359553,15
1359591,11
1359624,6
1359644,34
1359676,12
1359699,6
1359734,15
1359762,7
1359789,64
1359815,11
1359837,7
1359869,5
1359900,6
1359933,6
1359955,5
1359975,11
1360006,9
1360031,41
1360054,6
1360082,115
1360112,9
1360138,8
1360165,9
1360193,13
1360219,6
1360244,6
1360273,5
1360291,14
1360321,7
1360351,5
1360370,9
1360395,6
1360424,27
1360442,24
1360459,7
1360486,6
1360518,12
1360540,9
1360565,8
1360592,5
1360617,9
1360643,5
1360661,6
1360689,13
1360721,18
1360749,11
1360777,10
1360797,9
1360826,9
1360849,42
1360867,22
1360899,10
1360928,6
1360959,6
1360989,169
1361005,12
1361028,25
1361050,5
1361072,7
1361089,5
1361109,6
1361131,95
1361166,12
1361195,1351
1361217,6
1361251,41
1361274,28
1361302,5
1361332,8
1361360,20
1361385,5
1361403,5
1361421,8
1361439,12
1361473,8
1361498,22
1361528,6
1361543,12
1361560,5
1361591,7
1361618,16
1361636,18
1361665,8
1361692,52
1361719,5
1361753,6
1361780,44
1361802,17
1361827,18
1361848,6
1361864,10
1361888,9
1361910,5
1361933,7
1361963,5
1361990,8
1362017,10
1362046,20
1362070,8
1362103,10
1362122,7
1362152,6
1362180,7
1362197,7
1362224,38
1362253,6
1362282,7
1362304,7
1362341,7
1362373,5
1362402,5
1362433,47
1362457,5
1362483,6
1362515,8
1362535,10
1362555,11
1362577,40
1362600,6
1362620,6
1362645,21
1362685,5
1362695,21
1362711,18
1362733,509
1362758,21
1362786,57
1362820,25
1362857,14
1362885,20
1362912,20
1362943,28
1362960,142
1362989,5
1363016,5
1363038,5
1363065,13
1363096,6
1363125,17
1363159,7
1363181,6
1363206,142
1363239,38
1363268,20
1363295,5
1363336,12
1363361,7
1363387,5
1363417,15
1363449,23
1363483,5
1363519,12
1363544,5
1363573,37
1363597,6
1363611,10
1363633,5
1363659,348
1363686,24
1363711,10
1363728,14
1363756,21
1363780,12
1363803,63
1363821,11
1363846,10
1363872,8
1363894,7
1363919,6
1363944,5
1363971,9
1363995,6
1364023,7
1364051,5
1364074,5
1364099,6
1364123,9
1364158,13
1364178,7
1364209,135
1364240,9
1364269,116
1364295,7
1364330,6
1364358,7
1364380,16
1364405,7
1364441,53
1364475,45
1364496,5
1364528,9
1364574,6
1364606,44
1364627,43
1364650,5
1364673,11
1364696,9
1364723,13
1364748,8
1364773,5
1364799,5
1364820,7
1364841,5
1364873,8
1364913,20
1364932,33
1364959,5
1364978,8
1365002,9
1365032,8
1365063,159
1365100,14
1365123,30
1365152,5
1365172,45
1365202,6
1365230,47
1365258,10
1365281,18
1365303,5
1365322,6
1365338,11
1365369,7
1365402,9
1365432,102
1365466,6
1365495,30
1365517,8
1365543,17
1365572,9
1365592,11
1365617,16
1365646,7
1365662,13
1365687,48
1365707,5
1365728,12
1365756,8
1365787,5
1365822,11
1365868,5
1365894,7
1365917,7
1365943,5
1365971,8
1365997,19
1366030,5
1366055,11
1366074,53
1366108,12
1366131,32
1366151,6
1366174,8
1366198,6
1366225,6
1366257,8
1366283,7
1366315,62
1366345,5
1366364,6
1366393,7
1366418,9
1366430,32
1366452,5
1366491,8
1366514,10
1366543,6
1366567,7
1366590,5
1366617,5
1366642,11
1366674,71
1366703,5
1366733,14
1366758,88
1366789,9
1366815,29
1366847,5
1366869,6
1366890,6
1366910,6
1366936,5
1366964,6
1366996,20
1367022,3766
1367044,5
1367073,5
1367097,7
1367115,50
1367139,7
1367168,6
1367186,7
1367208,6
1367231,14
1367269,7
1367299,5
1367325,7
1367354,10
1367378,46
1367410,5
1367435,5
1367460,7
1367475,9
1367499,8
1367522,5
1367546,19
1367575,7
1367603,17
1367628,5
1367651,52
1367669,21
1367697,14
1367725,12
1367755,5
1367787,5
1367818,10
1367848,7
1367871,10
1367899,7
1367924,10
1367946,7
1367968,9
1367991,6
1368012,6
1368033,6
1368053,6
1368078,33
1368108,18
1368129,6
1368155,8
1368178,1954
1368204,9
1368229,18
1368253,11
1368282,5
1368296,6
1368321,5
1368353,118
1368388,14
1368415,16
1368448,6
1368474,24
1368507,355
1368538,9
1368563,106
1368584,13
1368611,21
1368636,6
1368652,5
1368670,13
1368696,10
1368723,14
1368748,16
1368784,9
1368810,7
1368838,8
1368862,5
1368894,5
1368914,5
1368940,6
1368970,8
1369004,27
1369032,5
1369051,6
1369074,11
1369102,5
1369129,7
1369148,18
1369169,8
1369191,7
1369215,6
1369250,9
1369270,9
1369299,34
1369322,11
1369346,20
1369365,100
1369394,5
1369417,6
1369442,9
1369458,10
1369478,9
1369505,63
1369525,14
1369548,7
1369566,17
1369595,10
1369612,11
1369640,6
1369666,6
1369693,17
1369713,291
1369739,6
1369758,48
1369781,8
1369815,20
1369833,20
1369852,12
1369880,7
1369905,5
1369927,36
1369951,8
1369974,139
1370004,9
1370027,5
1370063,5
1370094,9
1370125,5
1370139,5
1370160,5
1370180,38
1370218,6
1370241,5
1370262,11
1370284,5
1370314,17
1370354,11
1370377,11
1370400,6
1370425,5
1370451,11
1370470,111
1370496,6
1370520,7
1370545,104
1370563,8
1370583,14
1370607,9
1370640,6
1370657,7
1370683,8
1370702,10
1370728,7
1370754,5
1370786,6
1370813,5
1370836,5
1370860,18
1370882,219
1370922,6
1370944,7
1370966,24
1370984,7
1371003,6
1371037,7
1371062,5
1371089,5
1371104,39
1371125,5
1371147,11
1371178,16
1371207,5
1371229,6
1371256,7
1371287,9
1371311,12
1371335,25
1371355,12
1371381,5
1371418,9
1371447,9
1371471,7
1371500,5
1371538,7
1371561,9
1371583,6
1371603,7
1371629,42
1371657,6
1371675,6
1371708,20
1371737,82
1371768,14
1371791,5
1371817,10
1371837,25
1371873,20
1371898,5
1371919,5
1371946,5
1371973,6
1372008,5
1372030,18
1372055,7
1372075,11
1372107,10
1372141,7
1372168,15
1372191,15
1372218,14
1372241,6
1372264,5
1372289,5
1372311,6
1372335,7
1372356,5
1372377,13
1372399,5
1372432,9
1372468,32
1372496,22
1372517,6
1372547,14
1372567,6
1372597,6
1372618,7
1372638,22
1372670,5
1372692,5
1372721,6
1372752,22
1372773,28
1372799,9
1372825,65
1372851,17
1372872,6
1372897,50
1372932,5
1372954,5
1372982,6
1373006,9
1373039,24
1373050,5
1373084,13
1373104,7
1373132,5
1373158,6
1373181,5
1373210,9
1373231,9
1373252,5
1373278,8
1373303,11
1373321,8
1373351,7
1373377,35
1373394,7
1373415,19
1373449,5
1373473,8
1373507,12
1373536,12
1373561,7
1373588,8
1373627,6
1373661,5
1373679,10
1373714,6
1373742,6
1373765,351
1373792,5
1373817,5
1373845,5
1373869,20
1373889,6
1373911,5
1373938,7
1373962,8
1373991,44
1374017,19
1374038,8
1374066,6
1374090,221
1374107,17
1374133,7
1374159,32
1374183,7
1374212,7
1374242,5
1374265,17
1374294,6
1374320,5
1374354,8
1374381,5
1374411,7
1374435,5
1374461,22
1374487,5
1374514,5
1374544,7
1374578,65
1374597,20
1374622,9
1374646,31
1374678,11
1374701,195
1374723,5
1374755,6
1374785,20
1374818,5
1374853,8
1374877,19
1374909,29
1374938,6
1374961,338
1374991,13
1375012,6
1375037,6
1375058,5
1375098,21
1375130,11
1375156,11
1375183,15
1375210,12
1375232,47
1375259,18
1375282,12
1375301,5
1375329,142
1375357,5
1375391,5
1375421,5
1375444,5
1375470,8
1375500,10
1375520,9
1375540,19
1375562,10
1375594,11
1375620,10
1375643,6
1375673,47
1375697,6
1375721,31
1375745,6
1375765,6
1375785,7
1375803,51
1375827,8
1375853,6
1375876,5
1375907,29
1375929,12
1375950,22
1375973,16
1376006,6
1376043,5
1376070,6
1376094,5
1376115,7
1376137,16
1376168,5
1376210,6
1376232,5
1376254,46
1376278,14
1376300,10
1376331,6
1376361,22
1376384,5
1376409,5
1376451,13
1376468,5
1376493,10
1376519,8
1376552,7
1376579,6
1376605,11
1376633,6
1376662,6
1376682,10
1376704,67
1376732,5
1376759,65
1376789,6
1376819,76
1376842,20
1376867,17
1376896,9
1376923,9
1376948,18
1376974,7
1376999,6
1377025,8
1377059,12
1377076,6
1377107,7
1377137,9
1377167,6
1377190,7
1377213,6
1377238,6
1377265,11
1377290,9
1377318,7
1377347,7
1377376,7
1377402,9
1377428,7
1377452,189
1377481,20
1377516,7
1377535,8
1377566,6
1377589,5
1377613,17
1377637,5
1377668,7
1377692,1787
1377716,88
1377733,5
1377763,6
1377797,5
1377820,9
1377839,6
1377868,6
1377893,9
1377919,6
1377942,12
1377982,5
1378008,16
1378033,6
1378054,8
1378080,9
1378113,11
1378141,7
1378165,33
1378192,22
1378223,5
1378248,20
1378275,8
1378302,5
1378325,10
1378364,10
1378390,6
1378412,11
1378441,5
1378473,11
1378498,6
1378526,8
1378559,5
1378580,5
1378610,6
1378639,9
1378668,5
1378694,6
1378721,9
1378749,5
1378787,7
1378814,6
1378844,8
1378875,6
1378904,46
1378929,9
1378960,12
1378986,5
1379010,8
1379031,6
1379064,34
1379094,11
1379118,6
1379145,9
1379164,5
1379190,31
1379209,7
1379245,10
1379272,59
1379297,7
1379322,10
1379344,10
1379382,8
1379406,9
1379438,5
1379463,6
1379489,24
1379511,6
1379537,63
1379565,8
1379589,5
1379614,6
1379640,5
1379658,5
1379676,10
1379702,31
1379731,6
1379757,6
1379778,6
1379798,9
1379822,10
1379852,5
1379877,10
1379914,6
1379934,5
1379956,18
1379977,6
1380006,6
1380030,5
1380055,7
1380080,6
1380106,5
1380134,19
1380163,11
1380189,11
1380216,8
1380255,18
1380283,27
1380305,5
1380327,6
1380353,52
1380376,32
1380398,6
1380422,5
1380456,16281
1380477,8
1380493,5
1380526,9
1380557,12
1380586,12
1380610,9
1380633,11
1380664,36
1380694,9
1380729,5
1380757,5
1380789,10
1380812,5
1380831,10
1380852,5
1380879,8
1380895,9
1380926,6
1380960,9
1380980,15
1381006,7
1381026,13
1381055,14
1381083,7
1381107,7
1381136,33
1381157,25
1381185,38
1381204,9
1381227,6
1381254,5
1381280,7
1381303,5
1381319,6
1381343,17
1381366,10
1381396,5
1381417,39
1381441,5
1381461,6
1381490,5
1381509,16
1381535,5
1381559,163
1381585,8
1381611,5
1381639,6
1381663,6
1381678,6
1381711,5
1381741,24
1381764,10
1381787,5
1381816,12
1381838,17
1381861,6
1381893,22
1381920,17
1381954,7
1381987,26
1382007,10
1382028,15
1382059,5
1382088,7
1382118,78
1382142,6
1382170,14
1382194,14
1382222,6
1382251,25
1382271,7
1382288,12
1382307,7
1382330,6
1382353,7
1382383,8
1382404,19
1382433,7
1382454,13
1382483,10
1382513,5
1382544,5
1382570,35
1382598,65
1382627,10
1382654,41
1382684,5
1382715,17
1382731,30
1382762,7
1382799,26
1382826,10
1382858,6
1382888,42
1382916,10
1382942,6
1382968,11
1382993,33
1383020,7
1383057,15
1383086,78
1383114,7
1383135,10
1383156,5
1383181,26
1383210,5
1383239,17
1383274,33
1383300,6
1383333,17
1383358,5
1383386,26
1383412,10
1383438,30
1383463,26
1383497,13
1383532,5
1383554,25
1383578,6
1383606,8
1383632,8
1383661,6
1383686,7
1383719,40
1383739,16
1383766,24
1383788,243
1383819,6
1383841,10
1383877,14
1383901,6
1383932,30
1383958,24
1383993,6
1384017,19
1384037,8
1384062,16
1384089,6
1384118,11
1384141,5
1384166,8
1384184,5
1384196,8
1384227,11
1384249,6
1384275,81
1384295,21
1384324,8
1384349,9
1384375,7
1384400,9
1384429,11
1384452,6
1384472,7
1384494,8
1384522,8
1384552,8
1384573,6
1384588,14
1384620,40
1384654,8
1384677,8
1384707,8
1384729,7
1384763,5
1384792,14
1384818,8
1384848,5
1384869,7
1384887,20
1384912,5
1384942,19
1384962,5
1384983,16
1385007,17
1385033,21
1385058,5
1385083,13
1385112,6
1385136,6
1385156,36
1385179,7
1385210,5
1385238,101
1385263,5
1385281,8
1385316,17
1385339,23
1385377,15
1385393,9
1385423,55
1385440,3210
1385470,45
1385500,7
1385522,14
1385545,9
1385571,8
1385597,15
1385627,11
1385642,6
1385667,6
1385700,42
1385721,9
1385744,6
1385778,42
1385806,7
1385839,8
1385865,6
1385884,5
1385914,6
1385941,14
1385964,12
1385998,46
1386023,10
1386054,10
1386079,60
1386109,9
1386135,10
1386152,10
1386173,6
1386195,17
1386228,7
1386256,40
1386285,256
1386302,11
1386326,6
1386351,7
1386380,91
1386406,5
1386435,7
1386458,7
1386489,130
1386511,5
1386535,5
1386562,5
1386590,5
1386618,5
1386650,5
1386673,5
1386697,21
1386715,5
1386740,16
1386764,14
1386795,7
1386829,5
1386861,40
1386884,6
1386912,5
1386932,44
1386960,10
1386987,6
1387010,7
1387031,6
1387060,23
1387086,5
1387107,9
1387140,9
1387167,9
1387192,62
1387215,8
1387241,29
1387270,5
1387301,35
1387328,6
1387347,67
1387381,7
1387401,10
1387421,5
1387445,6
1387474,9
1387505,11
1387536,8
1387561,6
1387584,5
1387610,11
1387638,8
1387667,9
1387694,12
1387724,17
1387754,6
1387781,5
1387814,154
1387836,6
1387862,10
1387895,9
1387919,6
1387954,6
1387982,6
1388003,24
1388030,7
1388054,19
1388087,6
1388098,13
1388123,15
1388153,9
1388183,12
1388208,12
1388232,9
1388257,178
1388290,7
1388318,9
1388344,12
1388370,7
1388395,5
1388416,48
1388436,13
1388455,7
1388483,7
1388514,8
1388533,6
1388555,5
1388576,7
1388604,5
1388629,7
1388654,8
1388687,14
1388711,28
1388734,7
1388758,115
1388778,5
1388813,143
1388850,12
1388877,5
1388905,5
1388930,17
1388953,9
1388977,5
1388995,32
1389033,20
1389057,5
1389083,7
1389113,6
1389143,6
1389174,9
1389198,13
1389222,9
1389245,5
1389274,7
1389306,9
1389339,38
1389369,543
1389397,9
1389423,5
1389448,7
1389472,11
1389499,6
1389525,18
1389554,6
1389585,6
1389605,6
1389637,5
1389665,9
1389682,9
1389710,5
1389742,18
1389772,19
1389810,10
1389838,11
1389866,5
1389900,17
1389923,21
1389944,5
1389966,6
1389983,6
1390007,9
1390034,5
1390054,13
1390089,15
1390112,7
1390142,5
1390156,7
1390175,7
1390199,12
1390222,6
1390247,6
1390275,6
1390304,7
1390334,6
1390353,7
1390378,10
1390395,8
1390414,12
1390440,5
1390466,8
1390490,6
1390511,6
1390539,5
1390568,5
1390600,7
1390630,7
1390660,7
1390687,18
1390724,5
1390747,5
1390768,10
1390796,16
1390808,9
1390836,18
1390859,5
1390884,28
1390909,5
1390936,7
1390973,27
1391002,7
1391030,5
1391059,9
1391076,19
1391098,6
1391121,5
1391141,16
1391166,5
1391189,5
1391205,6
1391230,6
1391259,5
1391282,5
1391299,16
1391332,8
1391363,6
1391385,137
1391412,5
1391437,22
1391463,7
1391482,10
1391503,15
1391531,7
1391557,7
1391583,6
1391609,30
1391639,7
1391668,19
1391698,16
1391729,11
1391756,8
1391785,11
1391816,17
1391841,264
1391872,5
1391904,5
1391931,7
1391954,5
1391981,8
1392007,14
1392033,34
1392062,14
1392090,15
1392112,6
1392141,16
1392170,7
1392197,5
1392227,6
1392250,6
1392275,5
1392301,7
1392335,170
1392358,5
1392389,10
1392416,5
1392442,9
1392466,10
1392488,5
1392519,5
1392543,6
1392569,5
1392592,7
1392621,9
1392646,11
1392677,5
1392699,6
1392732,38
1392759,5
1392781,8
1392813,11
1392832,5
1392853,32
1392878,34
1392901,14
1392932,7
1392957,117
1392985,5
1393012,29
1393045,6
1393063,36
1393093,8
1393118,9
1393134,8
1393156,7
1393183,12
1393211,65
1393238,6
1393268,16
1393294,8
1393326,6
1393345,9
1393381,5
1393406,48
1393423,13
1393456,30
1393487,6
1393518,6
1393548,5
1393579,6
1393602,7
1393626,29
1393654,5
1393690,7
1393723,14
1393757,6
1393781,9
1393807,18
1393837,47
1393859,6
1393887,7
1393923,26
1393944,11
1393969,6
1393987,6
1394016,16
1394039,5
1394059,38
1394081,5
1394104,54
1394126,8
1394150,5
1394181,24
1394207,5
1394233,6
1394253,22
1394274,5
1394298,11
1394326,12
1394360,9
1394394,96
1394420,6
1394450,8
1394474,5
1394495,5
1394523,10
1394544,10
1394573,11
1394604,8
1394621,12
1394645,6
1394668,5
1394687,6
1394719,8
1394743,5
1394766,5
1394794,26
1394820,8
1394845,12
1394868,25
1394895,5
1394925,20
1394948,8
1394971,9
1394995,5
1395015,5
1395043,16
1395073,6
1395097,9
1395129,12
1395158,5
1395182,5
1395212,11
1395240,5
1395266,5
1395288,6
1395308,13
1395337,6
1395363,5
1395393,10
1395421,9
1395444,8
1395464,12
1395492,5
1395522,26
1395545,6
1395573,5
1395586,25
1395609,5
1395638,17
1395660,24
1395694,5
1395724,7
1395746,6
1395765,5
1395798,5
1395832,6
1395856,93
1395881,28
1395912,9
1395945,41
1395971,9
1396001,5
1396038,22
1396061,9
1396082,22
1396107,8
1396139,5
1396168,5
1396196,5
1396224,6
1396252,9
1396280,7
1396301,14
1396324,18
1396349,7
1396374,10
1396391,13
1396420,8
1396443,6
1396475,7
1396505,5
1396528,216
1396551,7
1396572,5
1396601,12
1396626,5
1396645,5
1396666,7
1396694,7
1396717,8
1396734,5
1396762,6
1396788,29
1396809,8
1396841,58
1396873,93
1396906,6
1396939,6
1396966,7
1396984,83
1397006,6
1397036,14
1397063,56
1397080,15
1397111,17
1397133,17
1397159,8
1397179,5
1397201,20
1397220,8
1397243,10
1397263,7
1397288,103
1397317,7
1397339,9
1397372,6
1397392,7
1397414,16
1397440,106
1397461,10
1397484,6
1397507,39
1397539,5
1397569,27
1397606,15
1397631,7
1397648,5
1397665,10
1397692,7
1397725,5
1397754,6
1397780,7
1397805,5
1397839,6
1397875,6
1397903,10
1397932,7
1397964,5
1397979,6
1397997,102
1398018,26
1398039,472
1398058,7
1398082,5
1398112,5
1398143,6
1398162,5
1398189,8
1398220,10
1398248,5
1398271,7
1398300,5
1398322,7
1398357,5
1398396,5
1398418,11
1398446,13
1398482,7
1398504,41
1398531,5
1398554,9
1398583,7
1398605,5
1398635,6
1398662,6
1398688,32
1398707,22
1398732,5
1398759,11
1398777,5
1398814,7
1398832,11
1398864,5
1398880,12
1398904,120
1398930,7
1398955,5
1398984,8
1399012,94
1399040,5
1399067,9
1399097,5
1399119,281
1399146,5
1399170,18
1399197,9
1399225,8
1399246,19
1399279,9
1399300,6
1399324,899
1399354,24
1399374,8
1399401,11
1399422,151
1399445,15
1399465,9
1399501,8
1399531,7
1399550,236
1399574,7
1399601,5
1399620,7
1399652,6
1399681,7
1399711,15
1399740,5
1399766,109
1399790,6
1399811,8
1399841,23
1399867,10
1399896,6
1399916,66
1399942,12
1399969,8
1399993,11
1400023,6
1400038,5
1400055,41
1400088,7
1400109,5
1400136,10
1400165,9
1400197,5
1400215,22
1400238,17
1400269,6
1400296,20
1400322,33
1400343,11
1400373,5
1400397,5
1400426,7
1400452,13
1400490,26
1400508,7
1400529,17
1400552,82
1400584,54
1400614,8
1400640,8
1400669,5
1400703,7
1400733,94
1400756,5
1400769,5
1400793,14
1400822,9
1400850,7
1400874,12
1400900,5
1400926,25
1400946,8
1400971,5
1401001,18
1401017,7
1401036,14
1401067,5
1401096,5
1401119,7
1401151,5
1401174,5
1401202,6
1401223,7
1401248,5
1401278,15
1401299,24
1401326,24
1401358,9
1401383,31
1401403,5
1401434,13
1401467,7
1401485,10
1401511,48
1401532,7
1401557,5
1401581,11
1401608,35
1401634,6
1401660,7
1401696,5
1401716,10
1401738,5
1401757,24
1401786,11
1401808,11
1401835,5
1401860,9
1401885,9
1401914,5
1401938,7
1401971,13
1402000,7
1402033,18
1402066,5
1402087,6
1402117,55
1402145,5
1402170,5
1402189,7
1402211,7
1402230,17
1402258,14
1402291,5
1402320,8
1402348,11
1402379,10
1402407,5
1402426,17
1402452,6
1402482,35
1402506,37
1402539,8
1402560,6
1402581,95
1402604,22
1402626,6
1402647,8
1402673,8
1402698,5
1402725,6
1402750,8
1402775,6
1402794,8
1402824,5
1402853,52
1402877,5
1402894,5
1402930,14
1402968,5
1402988,6
1403014,5
1403038,5
1403065,9
1403095,6
1403116,5
1403146,6
1403172,6
1403189,12
1403213,5
1403228,32
1403260,5
1403288,70
1403321,809
1403341,17
1403369,17
1403390,5
1403413,106
1403441,10
1403466,32
1403489,6
1403510,5
1403536,9
1403559,7
1403583,503
1403616,6
1403638,33
1403663,18
1403688,6
1403720,7
1403749,9
1403780,6
1403802,20
1403830,9
1403855,21
1403879,11
1403900,7
1403930,46
1403959,5
1403982,5
1404018,13
1404041,10
1404067,10
1404089,75
1404114,9
1404145,8
1404174,5
1404201,8
1404223,11
1404249,18
1404278,160
1404304,7
1404339,39
1404358,6
1404385,6
1404407,5
1404437,5
1404457,7
1404487,6
1404512,5
1404541,10
1404570,9
1404598,7
1404623,7
1404645,9
1404683,6
1404700,9
1404735,21
1404759,7
1404784,10
1404806,26
1404828,7
1404852,38
1404884,5
1404910,10
1404941,9
1404974,10
1405002,11
1405026,9
1405059,6
1405083,5
1405105,5
1405126,6
1405151,5
1405176,6
1405204,8
1405233,6
1405263,8
1405282,5
1405300,5
1405326,7
1405352,5
1405382,5
1405402,47
1405422,9
1405453,9
1405482,6
1405510,13
1405534,8
1405561,23
1405576,22
1405606,9
1405635,27
1405673,8
1405700,5
1405721,8
1405748,6
1405766,6
1405798,8
1405819,7
1405846,6
1405872,5
1405892,15
1405917,23
1405948,160
1405981,158
1406011,5
1406038,7
1406067,5
1406087,5
1406110,10
1406135,10
1406165,9
1406188,5
1406214,7
1406242,10
1406259,5
1406284,11
1406312,13
1406341,5
1406364,50
1406385,6
1406416,7
1406446,16
1406470,5
1406510,12
1406533,70
1406556,21
1406578,8
1406604,6
1406626,6
1406650,7
1406676,30
1406701,18
1406729,5
1406753,18
1406779,5
1406803,14
1406823,5
1406848,8
1406878,5
1406899,10
1406923,5
1406951,12
1406969,7
1406994,5
1407023,14
1407059,6
1407080,6
1407111,6
1407132,8
1407155,8
1407173,8
1407196,11
1407220,5
1407250,17
1407286,15
1407307,6
1407336,10
1407367,9
1407400,8
1407419,9
1407450,13
1407479,14
1407511,13
1407533,8
1407557,5
1407583,13
1407607,6
1407629,11
1407657,18
1407683,8
1407706,13
1407736,6
1407762,6
1407789,5
1407816,9
1407842,10
1407867,19
1407892,13
1407925,9
1407949,11
1407970,27
1408000,6
1408022,6
1408038,10
1408058,9
1408082,5
1408098,9
1408124,8
1408152,10
1408174,16
1408198,7
1408224,6
1408251,19
1408267,16
1408292,108
1408316,5
1408340,9
1408378,17
1408393,6
1408422,27
1408449,22
1408473,5
1408496,8
1408522,5
1408545,5
1408574,6
1408602,7
1408625,18
1408655,8
1408685,7
1408712,11
1408734,6
1408757,5
1408783,59
1408812,12
1408840,5
1408860,6
1408880,34
1408900,5
1408928,15
1408946,7
1408971,26
1408985,7
1409009,6
1409035,5
1409067,6
1409092,5
1409119,8
1409151,7
1409179,11
1409210,20
1409242,10
1409275,6
1409306,14
1409333,18
1409360,9
1409378,5
1409409,5
1409435,7
1409457,6
1409494,5
1409513,23
1409539,6
1409572,5
1409599,37
1409627,6
1409645,49
1409662,45
1409686,6
1409718,6
1409746,10
1409772,11
1409793,5
1409814,5
1409840,47
1409863,16
1409891,33
1409913,7
1409938,7
1409977,7
1409998,8
1410025,5
1410056,22
1410078,9
1410108,7
1410127,26
1410149,6
1410184,7
1410218,16
1410243,7
1410274,14
1410305,20
1410322,14
1410353,20
1410375,5
1410400,12
1410419,5
1410443,5
1410471,46
1410492,8
1410526,5
1410553,7
1410580,14
1410610,159
1410640,7
1410671,10
1410708,5
1410729,12
1410751,5
1410766,5
1410789,13
1410815,8
1410834,7
1410859,6
1410882,8
1410912,14
1410945,20
1410980,6
1411005,15
1411033,9
1411072,33
1411099,13
1411121,6
1411149,11
1411172,18
1411206,6
1411235,5
1411262,5
1411296,7
1411319,6
1411343,6
1411358,7
1411381,57
1411407,13
1411433,8
1411462,8
1411484,12
1411500,22
1411531,5
1411559,25
1411587,10
1411608,7
1411631,5
1411659,20
1411684,6
1411706,11
1411737,26
1411757,7
1411780,5
1411804,5
1411838,54
1411861,6
1411886,9
1411916,22
1411943,6
1411974,7
1411994,39
1412025,11
1412055,10
1412082,216
1412115,16
1412135,6
1412164,8
1412185,24
1412210,29
1412231,14
1412256,22
1412280,5
1412297,10
1412332,8
1412362,7
1412390,6
1412416,6
1412439,8
1412470,5
1412501,10
1412534,10
1412559,5
1412581,115
1412602,34
1412620,5
1412643,7
1412663,10
1412685,18
1412705,6
1412736,45
1412756,5
1412784,8
1412815,7
1412838,26
1412861,8744
1412884,7
1412905,9
1412932,1659
1412949,102
1412978,26
1413007,7
1413037,55
1413059,8
1413082,9
1413111,7
1413133,5
1413149,45
1413175,28
1413189,6
1413215,11
1413235,6
1413256,6
1413283,17
1413318,6
1413343,7
1413379,47
1413405,12
1413429,8
1413458,6
1413483,20
1413511,11
1413542,6
1413570,8
1413593,12
1413613,8
1413642,17
1413670,5
1413691,13
1413708,8
1413733,10
1413759,40
1413786,5
1413819,10
1413854,74
1413876,5
1413900,7
1413934,5
1413961,31
1413987,8
1414012,113
1414045,388
1414078,8
1414102,111
1414136,7
1414158,25
1414195,26
1414215,6
1414245,135
1414269,27
1414288,5
1414328,567
1414355,30
1414393,6
1414416,5
1414436,7
1414461,8
1414495,19
1414518,28
1414542,7
1414572,5
1414600,14
1414637,5
1414662,10
1414699,9
1414725,7
1414749,7
1414779,6
1414798,11
1414821,5
1414842,8
1414872,63
1414895,5
1414923,5
1414946,239
1414970,10
1414997,6
1415022,17
1415047,5
1415084,29
1415107,7
1415132,5
1415163,28
1415201,9
1415233,6
1415259,30
1415283,9
1415312,5
1415349,8
1415385,13
1415408,7
1415430,8
1415453,1719
1415477,110
1415502,6
1415528,14
1415555,7
1415583,5
1415604,5
1415624,8
1415644,26
1415670,6
1415706,5
1415736,5
1415748,13
1415773,19
1415791,7
1415823,5
1415851,5
1415880,8
1415910,5
1415935,55
1415958,9
1415984,5
1416018,12
1416049,14
1416076,5
1416104,5
1416126,5
1416156,34
1416176,9
1416191,6
1416214,8
1416237,7
1416259,9
1416292,20
1416327,11
1416353,10
1416378,13
1416400,5
1416430,8
1416466,10
1416491,6
1416515,7
1416546,9
1416583,5
1416608,6
1416627,5
1416652,5
1416678,5
1416710,27
1416733,19
1416760,21
1416784,8
1416812,5
1416843,7
1416876,7
1416899,10
1416933,9
1416961,15
1416995,5
1417012,28
1417039,7
1417062,5
1417087,11
1417111,15
1417138,26
1417162,11
1417186,5
1417215,46
1417251,10
1417279,83
1417296,6
1417314,7
1417340,25
1417373,6
1417405,8
1417422,25
1417463,7
1417490,9
1417519,9
1417542,5
1417561,6
1417590,5
1417612,20
1417636,5
1417663,5
1417693,7
1417712,5
1417738,18
1417768,7
1417801,8
1417835,5
1417868,1411
1417897,5
1417925,8
1417947,5
1417962,8
1417982,7
1418007,6
1418032,19
1418056,267
1418085,13
1418106,16
1418128,5
1418153,6
1418186,77
1418209,13
1418241,15
1418257,5
1418289,51
1418314,5
1418345,5
1418358,15
1418382,6
1418406,5
1418428,5
1418456,83
1418484,6
1418513,155
1418539,5
1418570,5
1418598,8
1418622,25
1418651,16
1418672,123
1418705,11
1418730,32
1418753,7
1418779,22
1418810,10
1418840,5
1418866,13
1418887,13
1418912,22
1418941,8
1418971,6
1418991,5
1419015,5
1419052,9
1419076,7
1419102,20
1419121,9
1419151,5
1419186,25
1419218,10
1419238,10
1419274,14
1419295,17
1419320,5
1419342,6
1419368,7
1419396,9
1419421,11
1419440,6
1419474,25
1419502,1028
1419532,16
1419563,8
1419592,5
1419611,36
1419630,41
1419656,9
1419691,6
1419720,9
1419750,5
1419782,45
1419811,5
1419832,10
1419858,6
1419888,8
1419903,5
1419931,5
1419962,8
1419990,40
1420012,13
1420048,5
1420071,6
1420097,7
1420120,9
1420142,6
1420169,7
1420194,36
1420223,15
1420246,7
1420270,6
1420288,7
1420304,23
1420330,7
1420351,6
1420377,10
1420400,5
1420428,2970
1420463,5
1420489,9
1420522,7
1420547,8
1420572,7
1420602,6
1420621,7
1420648,22
1420675,8
1420694,5
1420715,10
1420744,33
1420775,44
1420806,9
1420831,50
1420855,13
1420880,25
1420910,8
1420940,5
1420968,7
1420999,13
1421017,43
1421039,9
1421062,5
1421086,14
1421109,50
1421136,5
1421165,5
1421191,20
1421209,12
1421240,8
1421275,5
1421303,6
1421326,5
1421349,5
1421371,8
1421405,5
1421439,6
1421464,7
1421481,5
1421498,6
1421528,25
1421559,7
1421581,7
1421603,5
1421631,33
1421653,5
1421682,5
1421712,7
1421730,6
1421760,8
1421788,6
1421805,27
1421830,8
1421854,7
1421884,7
1421903,43
1421929,6
1421958,5
1421979,13
1422004,7
1422028,6
1422049,5
1422077,11
1422110,6
1422137,11
1422164,10
1422198,5
1422230,6
1422257,5
1422276,6
1422314,5
1422345,11
1422368,18
1422399,11
1422426,42
1422456,5
1422479,5
1422504,9
1422537,5
1422556,84
1422582,9
1422606,6
1422628,5
1422647,6
1422676,10
1422703,36
1422730,7
1422757,128
1422779,7
1422807,15
1422831,5
1422855,6
1422882,6
1422907,27
1422931,8
1422954,5
1422977,13
1423010,8
1423039,18
1423069,7
1423087,7
1423119,11
1423149,5
1423177,5
1423208,10
1423235,5
1423269,6
1423299,5
1423322,8
1423340,5
1423368,16
1423395,7
1423418,17
1423455,5
1423476,14
1423500,5
1423522,35
1423548,7
1423577,12
1423602,7
1423629,7
1423663,14
1423692,6
1423722,7
1423750,64
1423774,5
1423797,25
1423828,6
1423851,5
1423877,6
1423895,35
1423923,5
1423958,8
1423976,6
1424002,14
1424023,6
1424062,5
1424087,8
1424110,6
1424132,6
1424161,9
1424191,38
1424217,7
1424247,9
1424283,5
1424310,21
1424327,8
1424358,37
1424377,9
1424410,9
1424431,101
1424453,5
1424474,5
1424496,5
1424518,7
1424543,5
1424575,8
1424605,6
1424632,6
1424661,11
1424687,5
1424713,12
1424742,6
1424766,5
1424791,6
1424816,51
1424842,11
1424873,13
1424897,32
1424918,6
1424936,9
1424957,5
1424977,23
1424999,42
1425025,8
1425055,5
1425086,8
1425116,20
1425140,7
1425157,9
1425178,21
1425209,5
1425233,9
1425249,5
1425272,6
1425299,11
1425321,6
1425354,12
1425373,8
1425397,9
1425422,6
1425444,5
1425473,14
1425499,31
1425525,29
1425562,7
1425588,11
1425604,34
1425625,15
1425653,28
1425677,29
1425708,5
1425740,6
1425769,12
1425798,5
1425819,33
1425843,7
1425871,13
1425895,16
1425923,6
1425957,5
1425976,8
1425995,10
1426018,6
1426043,43
1426063,6
1426082,20
1426111,17
1426141,5
1426169,5
1426192,5
1426231,58
1426255,6
1426275,7
1426300,27
1426336,7
1426358,35
1426387,7
1426407,10
1426426,8
1426457,8
1426481,9891
1426507,51
1426538,22
1426564,10
1426594,114
1426618,36
1426640,7
1426671,5
1426703,9
1426734,8
1426768,14
1426795,7
1426819,9
1426844,8
1426869,27
1426897,7
1426917,5
1426941,6
1426959,5
1426976,5
1426997,5
1427014,5
1427037,8
1427060,5
1427090,7
1427112,15
1427137,20
1427151,66
1427183,11
1427210,11
1427233,131
1427265,20
1427284,15
1427313,119
1427333,6
1427361,5
1427383,5
1427403,7
1427425,5
1427454,5
1427475,9
1427493,5
1427522,5
1427551,6
1427576,5
1427600,12
1427620,22
1427648,9
1427687,13
1427713,9
1427745,5
1427778,8
1427800,6
1427821,6
1427849,7
1427874,31
1427897,8
1427933,7
1427971,10
1427995,6
1428032,8
1428063,10
1428081,22
1428104,61
1428130,8
1428150,5
1428178,5
1428213,217
1428232,20
1428258,10
1428287,6
1428309,5
1428337,5
1428362,16
1428384,9
1428412,5
1428445,12
1428480,6
1428506,9
1428537,5
1428555,10
1428576,58
1428598,107
1428618,12
1428638,7
1428662,21
1428686,14
1428710,5
1428734,5
1428760,3671
1428786,7
1428809,24
1428839,5
1428867,5
1428890,5
1428908,11
1428942,23
1428969,42
1428997,7
1429020,124
1429050,5
1429079,16
1429104,17
1429133,36
1429157,11
1429182,6
1429219,9
1429238,19
1429264,15
1429282,11
1429303,23
1429328,12
1429360,5
1429386,16
1429407,17
1429429,10
1429451,7
1429472,18
1429499,22
1429529,6
1429558,5
1429589,7
1429615,8
1429642,5
1429675,5
1429696,7
1429718,10
1429743,6
1429773,14
1429799,13
1429832,10
1429857,15
1429884,7
1429906,10
1429940,5
1429977,14
1430006,5
1430032,5
1430052,5
1430092,5
1430117,55
1430138,10
1430164,7
1430193,6
1430218,8
1430238,5
1430267,13
1430284,6
1430305,20
1430324,5
1430352,134
1430379,21
1430399,5
1430428,9
1430463,6
1430491,174
1430517,6
1430548,24
1430575,8
1430593,9
1430615,6
1430642,8
1430657,5
1430689,6
1430713,19
1430739,5
1430759,8
1430786,6
1430804,6
1430825,6
1430849,7
1430882,10
1430914,74
1430937,5
1430967,113
1430992,7
1431017,24
1431041,58
1431063,7
1431082,5
1431109,15
1431133,16
1431160,14
1431181,5
1431209,6
1431247,6
1431274,23
1431301,7
1431327,9
1431350,15
1431366,5
1431401,5
1431425,237
1431447,6
1431473,13
1431491,6
1431521,11
1431547,10
1431574,6
1431607,27
1431633,8
1431666,5
1431698,68
1431722,6
1431742,9
1431771,7
1431795,72
1431813,17
1431833,64
1431855,7
1431882,5
1431905,13
1431934,5
1431950,45
1431980,9
1432001,64
1432024,10
1432044,6
1432067,265
1432093,8
1432127,8
1432163,5
1432197,15
1432223,17
1432248,15
1432277,8
1432303,5
1432329,23
1432346,118
1432371,17
1432399,7
1432424,6
1432452,5
1432481,24
1432505,5
1432534,19
1432556,55
1432586,10
1432606,8
1432634,6
1432659,6
1432686,9
1432721,5
1432743,11
1432762,11
1432795,6
1432817,6
1432839,5
1432874,7
1432905,1756
1432922,5
1432950,10
1432975,60
1433000,7
1433025,6
1433048,6
1433067,12
1433098,16
1433121,5
1433150,8
1433178,9
1433206,9
1433229,20
1433253,6
1433273,5
1433293,11
1433309,5
1433332,10
1433363,5
1433388,9
1433412,5
1433438,9
1433470,54
1433498,11
1433515,5
1433546,26
1433577,12
1433596,5
1433622,5
1433662,7
1433687,13
1433708,7
1433731,64
1433758,15
1433787,5
1433817,11
1433842,23
1433869,5
1433886,6
1433921,21
1433948,5
1433976,21
1434002,5
1434031,8
1434055,6
1434086,11
1434111,6
1434136,12
1434164,34
1434184,16
1434210,10
1434232,8
1434251,8
1434279,6
1434298,17
1434322,6
1434351,5
1434377,151
1434401,32
1434427,13
1434457,5
1434482,5
1434507,26
1434529,5
1434556,8
1434582,8
1434610,7
1434630,5
1434659,11
1434688,7
1434716,5
1434743,7
1434772,6
1434800,9
1434831,5
1434865,5
1434882,8
1434910,5
1434935,19
1434961,6
1434990,18
1435016,11
1435039,5
1435068,5
1435091,5
1435117,42
1435140,172
1435158,5
1435187,21
1435212,5
1435233,18
1435257,11
1435282,6
1435307,89
1435329,29
1435357,6
1435383,34
1435417,7
1435440,16
1435460,5
1435485,29
1435516,20
1435544,8
1435569,8
1435594,10
1435621,17
1435653,8
1435679,45
1435704,7
1435737,6
1435765,5
1435796,14
1435814,11
1435843,44
1435861,5
1435881,65
1435899,5
1435922,8
1435937,14
1435960,5
1435983,39
1436009,7
1436041,39
1436064,48
1436085,7
1436118,6
1436149,7
1436174,11
1436205,5
1436226,27
1436249,10
1436276,6
1436302,5
1436324,15
1436354,10
1436379,6
1436411,5
1436439,27
1436470,10
1436492,10
1436510,9
1436538,6
1436564,11
1436595,7
1436619,18
1436655,26
1436675,13
1436705,28
1436729,7
1436763,19
1436787,5
1436811,5
1436833,10
1436862,7
1436898,14
1436919,93
1436940,10
1436971,10
1437000,104
1437029,5
1437053,40
1437075,5
1437103,18
1437126,5
1437156,6
1437184,10
1437204,18
1437230,6
1437265,6
1437291,5
1437312,5
1437334,8
1437358,194
1437385,5
1437413,5
1437443,6
1437470,10
1437488,5
1437512,5
1437543,8
1437567,7
1437595,7
1437618,6
1437655,11
1437681,6
1437705,33
1437725,7
1437758,5
1437786,6
1437810,10
1437837,21
1437875,5
1437900,5
1437929,6
1437954,5
1437971,85
1437995,16
1438019,7
1438040,63
1438071,6
1438097,7
1438135,5
1438157,5
1438181,1622
1438203,9
1438232,6
1438264,6
1438286,7
1438308,12
1438337,6
1438365,5
1438394,9
1438406,6
1438438,5
1438464,9
1438490,8
1438513,5
1438539,5
1438564,6
1438585,5
1438611,8
1438635,6
1438670,12
1438696,5
1438723,5
1438764,7
1438798,5
1438819,6
1438846,44
1438873,20
1438901,70
1438928,7
1438958,9
1438990,23
1439015,5
1439049,5
1439081,8
1439122,6
1439157,180
1439180,17
1439200,6
1439228,9
1439250,8
1439265,5
1439293,7
1439319,7
1439362,9
1439381,7
1439407,7
1439426,54
1439458,17
1439480,5
1439505,59
1439535,48
1439564,5
1439597,29
1439633,6
1439663,23
1439681,9
1439713,5
1439744,5
1439764,8
1439792,6
1439830,5
1439849,12
1439873,5
1439903,6
1439941,5
1439976,5
1439994,15
1440019,13
1440051,12
1440077,13
1440097,8
1440125,5
1440146,18
1440176,6
1440196,5
1440227,60
1440255,5
1440276,8
1440303,9
1440324,6
1440350,5
1440375,14
1440394,6
1440421,5
1440443,5
1440477,11
1440504,10
1440523,6
1440545,9
1440561,8
1440589,7
1440618,5
1440644,5
1440677,5
1440693,11
1440711,6
1440732,8
1440757,16
1440786,26
1440810,5
1440840,6
1440863,6
1440885,58
1440908,4705
1440935,33
1440950,6
1440975,8
1441001,5
1441024,5
1441049,8
1441072,12
1441097,86
1441117,28
1441133,9
1441158,5
1441187,7
1441213,10
1441239,20
1441270,9
1441291,5
1441319,5
1441339,6
1441367,9
1441393,15
1441414,12
1441438,5
1441471,5
1441491,10
1441520,8
1441547,6
1441575,5
1441595,9
1441622,10
1441646,7
1441673,6
1441706,7
1441740,5
1441766,5
1441791,6
1441808,9
1441842,15
1441867,18
1441896,5
1441920,9
1441943,27
1441971,13
1441996,6
1442015,97
1442040,33
1442068,6
1442102,16
1442128,7
1442150,6
1442170,7
1442186,10
1442225,6
1442250,24
1442280,5
1442307,21
1442343,9
1442377,11
1442403,6
1442428,10
1442450,9
1442481,9
1442509,5
1442532,23
1442559,6
1442589,12
1442619,8
1442636,68
1442660,24
1442677,10
1442711,12
1442739,5
1442773,7
1442794,9
1442828,8
1442852,7
1442884,7
1442918,5
1442939,6
1442958,6
1442981,6
1443012,5
1443035,12
1443062,9
1443089,6
1443117,5
1443140,8
1443181,6
1443211,9
1443235,5
1443256,8
1443278,5
1443303,6
1443324,8
1443350,35
1443375,6
1443396,11
1443436,17
1443458,938
1443489,6
1443521,7
1443546,10
1443574,5
1443602,24
1443622,8
1443641,7
1443658,7
1443691,6
1443718,8
1443739,5
1443764,8
1443795,16
1443834,12
1443859,7
1443885,6
1443911,12
1443946,6
1443976,5
1443998,12
1444026,21
1444052,11
1444078,8
1444098,6
1444116,14
1444140,31
1444166,7
1444189,5
1444211,7
1444251,6
1444282,7
1444306,135
1444336,7
1444360,19
1444381,8
1444409,7
1444433,6
1444461,6
1444482,5
1444508,20
1444530,7
1444559,22
1444592,12
1444624,5
1444654,7
1444684,5
1444712,5
1444738,17
1444765,5
1444794,5
1444820,279
1444861,16
1444880,31
1444894,5
1444922,109
1444953,5
1444975,5
1445002,10
1445029,5
1445059,5
1445080,8
1445118,5
1445145,5
1445167,150
1445190,5
1445215,6
1445236,9
1445269,5
1445293,6
1445327,8
1445352,5
1445378,11
1445404,11
1445419,5
1445446,18
1445462,5
1445483,6
1445512,8
1445532,6
1445557,6
1445584,5
1445614,5
1445637,11
1445671,9
1445701,27
1445729,19
1445753,36
1445776,10
1445813,6
1445838,15
1445860,5
1445891,7
1445917,13
1445944,7
1445964,13
1445987,32
1446011,5
1446041,21
1446069,8
1446094,21
1446115,6
1446140,9
1446163,8
1446199,10
1446231,34
1446265,7
1446290,5
1446319,6
1446343,10
1446373,5
1446395,6
1446421,6
1446452,46
1446480,11
1446507,7
1446530,17
1446559,111
1446583,16
1446609,23
1446633,8
1446649,5
1446680,13
1446706,8
1446731,8
1446759,5
1446787,159
1446820,5
1446845,12
1446870,5
1446893,5
1446918,5
1446945,171
1446970,7
1446990,56
1447020,5
1447049,5
1447083,20
1447109,13
1447141,12
1447172,8
1447204,19
1447232,5
1447256,22
1447273,18
1447303,42
1447331,8
1447361,16
1447380,6
1447414,7
1447436,198
1447467,7
1447493,15
1447514,10
1447551,14
1447576,5
1447608,6
1447637,125
1447653,5
1447685,11
1447719,7
1447740,7
1447777,6
1447802,11
1447820,5
1447841,9
1447865,5
1447896,34
1447923,14
1447946,9
1447975,7
1448004,5
1448027,11
1448050,11
1448068,20
1448086,5
1448118,7
1448143,67
1448168,5
1448209,13
1448240,6
1448273,5
1448301,6
1448337,11
1448369,10
1448394,5
1448413,6
1448440,6
1448464,6
1448483,5
1448508,6
1448540,19
1448573,21
1448597,7
1448617,92
1448634,5
1448663,5
1448688,5
1448711,7
1448743,15
1448771,7
1448796,12
1448824,10
1448858,70
1448877,5
1448892,5
1448919,8
1448940,7
1448966,455
1448986,8
1449024,6
1449054,5
1449083,6
1449106,37
1449122,9
1449156,8
1449180,144
1449210,5
1449228,5
1449244,6
1449269,7
1449296,6
1449324,26
1449353,9
1449380,10
1449404,13
1449431,5
1449457,7
1449487,7
1449510,43
1449545,5
1449581,16
1449611,11
1449640,8
1449662,5
1449692,44
1449713,37
1449739,6
1449769,5
1449800,74
1449830,18
1449856,5
1449881,5
1449905,6
1449935,11
1449965,50
1449983,49
1450007,11
1450036,7
1450063,5
1450091,6
1450111,6
1450140,5
1450167,5
1450182,6
1450204,6
1450225,18
1450251,5
1450288,6
1450313,22
1450341,7
1450367,17
1450393,6
1450422,6
1450440,35
1450465,31
1450483,13
1450510,13
1450546,18
1450576,10
1450603,5
1450634,14
1450663,6
1450694,5
1450725,7
1450759,12
1450795,6
1450814,7
1450843,11
1450865,9
1450882,5
1450898,10
1450930,12
1450958,12
1450986,5
1451018,6
1451046,5
1451079,7
1451099,7
1451129,21
1451151,10
1451189,5
1451228,6
1451252,36
1451272,6
1451297,6
1451318,5
1451347,6
1451380,5
1451404,8
1451442,5
1451473,5
1451498,8
1451521,9
1451545,5
1451566,450
1451598,5
1451626,5
1451654,10
1451676,9
1451703,6
1451725,8
1451765,6
1451800,68
1451831,12
1451854,8
1451874,10
1451901,5
1451920,27
1451950,7
1451974,11
1451993,5
1452014,5
1452038,5
1452076,46
1452111,9
1452126,10
1452152,11
1452165,7
1452190,7
1452217,10
1452244,8
1452270,5
1452293,5
1452312,6
1452336,5
1452366,31
1452388,6
1452419,10
1452453,5
1452483,5
1452506,14
1452534,26
1452555,9
1452581,6
1452606,5
1452633,6
1452657,7
1452677,9
1452710,23
1452735,10
1452759,5
1452788,7
1452807,6
1452830,10
1452865,8
1452894,26
1452918,9
1452947,12
1452969,9
1452988,8
1453013,21
1453037,9
1453061,6
1453090,7
1453115,7
1453133,6
1453160,6
1453192,5
1453216,12
1453238,7
1453259,6
1453281,9
1453308,6
1453336,20
1453355,7
1453385,7
1453412,36
1453444,5
1453476,9
1453499,57
1453518,84
1453544,18
1453571,9
1453599,38
1453622,9
1453647,135
1453674,7
1453695,24
1453726,22
1453752,6
1453784,10
1453809,8
1453834,7
1453857,5
1453892,23
1453920,373
1453949,13
1453979,7
1454001,5
1454025,6
1454048,10
1454077,7
1454107,5
1454148,5
1454170,39
1454196,6
1454214,26
1454237,5
1454266,5
1454301,9
1454331,11
1454361,7
1454381,141
1454405,7
1454428,6
1454456,28
1454481,9
1454505,7
1454531,5
1454575,7
1454592,6
1454614,10
1454651,8
1454679,6
1454709,10
1454738,6
1454756,8
1454791,5
1454811,5
1454832,6
1454862,5
1454897,26
1454922,21
1454951,19
1454974,28
1455000,14
1455035,5
1455066,10
1455091,7
1455116,5
1455142,5
1455164,16
1455190,33
1455210,12
1455230,7
1455250,131
1455276,11
1455305,9
1455328,6
1455355,7
1455386,6
1455415,8
1455436,7
1455466,5
1455491,6
1455522,150
1455542,5
1455561,32
1455582,5
1455602,5
1455638,9
1455666,7
1455691,6
1455712,7
1455737,12
1455765,64
1455791,6
1455814,5
1455839,21
1455861,5
1455882,16
1455902,19
1455925,5
1455954,18
1455978,5
1456007,11
1456024,84
1456047,22
1456083,5
1456108,7
1456133,7
1456157,7
1456186,12
1456210,75
1456237,8
1456271,18
1456297,6
1456323,9
1456356,5
1456385,5
1456411,17
1456436,20
1456463,11
1456490,6
1456519,17
1456545,6
1456569,31
1456591,6
1456621,6
1456643,17
1456659,6
1456676,9
1456696,38
1456721,26
1456755,7
1456781,7
1456798,27
1456826,6
1456856,5
1456885,8
1456904,279
1456924,6
1456947,5
1456967,6
1456997,7
1457019,14
1457037,12
1457061,5
1457091,11
1457110,5
1457134,7
1457160,41
1457182,89
1457216,24
1457243,6
1457269,5
1457302,6
1457322,8
1457350,6
1457379,5
1457407,11
1457438,12
1457467,12
1457497,15
1457526,13
1457540,8
1457558,11
1457587,7
1457616,12
1457651,5
1457674,6
1457696,7
1457725,8
1457754,27
1457774,6
1457803,7
1457819,24
1457854,6
1457876,12
1457902,5
1457929,35
1457955,5
1457979,17
1458009,13
1458038,53
1458061,15
1458087,5
1458105,8
1458131,22
1458155,23
1458180,5
1458205,9
1458229,8
1458256,7
1458281,464
1458311,6
1458335,23
1458357,35
1458386,5
1458414,17
1458431,5
1458460,7
1458492,8
1458508,9
1458541,7
1458562,18
1458588,6
1458617,77
1458643,207
1458667,9
1458697,8
1458723,6
1458748,26
1458774,8
1458798,9
1458839,9
1458862,29
1458891,5
1458921,20
1458942,6
1458966,18
1458986,7
1459012,6
1459039,8
1459077,47
1459106,13
1459132,14
1459152,5
1459187,8
1459214,13
1459243,7
1459268,15
1459299,9
1459323,6
1459357,5
1459380,7
1459409,5
1459439,8
1459460,5
1459490,5
1459509,5
1459538,8
1459561,8
1459583,5
1459609,6
1459632,103
1459656,8
1459678,5
1459707,9
1459738,5
1459766,9
1459790,5
1459813,9
1459835,11
1459862,5
1459879,21
1459905,7
1459937,5
1459966,6
1459993,8
1460018,5
1460042,38
1460073,10
1460101,289
1460130,19
1460161,12
1460188,13
1460212,10
1460236,6
1460253,6
1460280,7
1460318,5
1460349,14
1460378,5
1460406,6
1460426,10
1460447,19
1460463,6
1460489,6
1460523,6
1460554,5
1460573,17
1460600,5
1460627,48
1460653,12
1460670,5
1460695,9
1460718,6
1460749,9
1460777,5
1460800,6
1460828,9
1460856,7
1460878,6
1460903,6
1460928,6
1460945,10
1460963,131
1460995,10
1461011,6
1461037,7
1461066,7
1461090,5
1461116,6
1461137,20
1461158,19
1461182,14
1461205,6
1461229,5
1461258,147
1461282,6
1461302,5
1461326,6
1461353,5
1461374,12
1461394,6
1461427,20
1461451,10
1461470,5
1461488,12
1461516,9
1461537,9
1461560,26
1461588,5
1461610,10
1461634,5
1461664,16
1461687,17
1461710,10
1461739,16
1461760,5
1461789,7
1461813,7
1461853,11
1461871,6
1461899,87
1461925,5
1461949,6
1461981,5
1462010,9
1462029,17
1462050,6
1462081,5
1462101,6
1462134,6
1462153,5
1462176,29
1462204,5
1462233,9
1462255,5
1462287,33
1462318,9
1462341,14
1462366,5
1462390,6
1462422,27
1462453,5
1462482,6
1462509,6
1462531,8
1462567,142
1462598,5
1462624,21
1462662,11
1462691,11
1462718,5
1462744,12
1462777,7
1462807,13
1462835,5
1462860,9
1462879,5
1462904,23
1462935,29
1462957,6
1462981,5
1463010,21
1463033,7
1463060,18
1463091,5
1463118,60
1463143,18
1463166,7
1463192,21
1463217,15
1463244,16
1463282,12
1463304,6
1463326,17
1463354,51
1463383,9
1463408,5
1463430,10
1463450,9
1463485,5
1463507,72
1463531,25
1463549,34
1463573,6
1463600,14
1463628,6
1463651,12
1463679,81
1463717,626
1463738,5
1463764,5
1463794,18
1463817,5
1463851,6
1463863,17
1463888,5
1463917,6
1463942,5
1463963,33
1463984,5
1464018,5
1464043,5
1464075,20
1464100,9
1464116,9
1464143,6
1464168,91
1464196,8
1464218,10
1464242,13
1464263,11
1464288,10
1464314,5
1464330,509
1464353,7
1464370,23
1464391,13
1464421,23
1464457,10
1464483,15
1464518,6
1464547,8
1464566,5
1464593,39
1464615,6
1464639,110
1464665,8
1464690,15
1464712,9
1464730,5
1464754,250
1464788,8
1464815,7
1464836,16
1464859,11
1464909,6
1464926,5
1464955,21
1464986,8
1465012,120
1465047,6
1465070,30
1465094,7
1465118,7
1465138,39
1465163,15
1465186,13
1465218,5
1465246,6
1465274,5
1465303,138
1465342,14
1465370,20
1465395,13
1465422,7
1465446,307
1465474,18
1465489,5
1465519,5
1465551,153
1465585,5
1465606,7
1465630,13
1465662,10
1465677,7
1465707,8
1465723,5
1465750,15
1465776,9
1465801,14
1465830,74
1465848,7
1465875,6
1465897,10
1465921,7
1465944,24
1465975,39
1466007,7
1466034,7
1466059,8
1466090,35
1466119,9
1466142,5
1466170,11
1466203,17
1466227,6
1466253,11
1466292,7
1466316,5
1466328,7
1466344,5
1466373,6
1466396,11
1466421,8
1466453,10
1466478,5
1466513,9
1466532,9
1466553,6
1466570,7
1466600,5
1466623,33
1466638,14
1466664,5
1466691,6
1466729,7
1466754,13
1466781,7
1466806,10
1466834,6
1466864,26
1466887,5
1466910,9
1466933,18
1466958,8
1466981,65
1467011,5
1467039,22
1467073,5
1467102,13
1467125,19
1467155,10
1467185,5
1467210,10
1467233,144
1467260,6
1467290,5
1467311,5
1467334,11
1467360,5
1467387,5
1467417,7
1467443,6
1467474,9
1467506,12
1467535,10
1467556,12
1467576,14
1467599,9
1467629,7
1467658,9
1467685,5
1467710,6
1467743,5
1467765,5
1467799,7
1467826,6
1467851,7
1467876,7
1467896,5
1467929,8
1467962,9
1467992,6
1468015,6
1468042,10
1468062,51
1468087,172
1468114,5
1468148,7
1468168,7
1468200,6
1468228,7
1468261,10
1468292,9
1468324,5
1468350,130
1468364,37
1468395,35
1468419,6
1468447,5
1468472,15
1468496,9
1468521,176
1468544,45
1468569,5
1468585,6
1468602,6
1468633,14
1468663,17
1468685,15
1468707,25
1468725,5
1468747,13
1468770,8
1468789,18
1468814,5
1468834,5
1468864,11
1468894,7
1468912,10
1468937,5
1468957,17
1468984,5
1469009,72
1469033,63
1469060,1359
1469087,10
1469106,7
1469129,6
1469164,5
1469188,116
1469213,6
1469243,11
1469272,5
1469293,26
1469325,46
1469347,8
1469369,10
1469392,9
1469409,7
1469436,5
1469463,5
1469492,101
1469516,11
1469547,5
1469568,6
1469592,16
1469613,7
1469642,5
1469669,5
1469688,8
1469702,72
1469719,15
1469742,6
1469766,15
1469796,10
1469823,9
1469854,5
1469882,24
1469914,9
1469948,7
1469981,15
1470010,34
1470032,5
1470064,17
1470099,5
1470122,12
1470140,6
1470157,16
1470186,8
1470223,9
1470249,6
1470284,7
1470307,6
1470330,126
1470347,22
1470374,12
1470393,9
1470418,13
1470448,7
1470473,7
1470505,11
1470531,5
1470555,7
1470579,15
1470606,7
1470628,21
1470655,5
1470675,8
1470702,27
1470720,184
1470746,12
1470771,5
1470795,5
1470822,5
1470852,8
1470874,5
1470887,146
1470913,28
1470936,5
1470957,7
1470985,6
1471006,5
1471035,10
1471062,8
1471086,5
1471117,28
1471153,7
1471178,200
1471206,7
1471232,13
1471254,5
1471271,6
1471306,6
1471333,11
1471360,5
1471391,5
1471416,9
1471438,5
1471472,5
1471497,5
1471528,12
1471561,10
1471595,9
1471620,5
1471655,6
1471681,63
1471705,14
1471731,7
1471745,23
1471761,10
1471781,6
1471799,10
1471827,6
1471848,5
1471876,10
1471901,7
1471932,9
1471963,5
1471984,7
1472007,6
1472027,20
1472049,22
1472080,5
1472098,9
1472127,41
1472157,5
1472186,8
1472207,46
1472235,5
1472262,5
1472289,58
1472312,6
1472339,6
1472360,6
1472382,13
1472411,11
1472431,23
1472462,10
1472481,152
1472511,9
1472539,15
1472555,10
1472581,9
1472610,7
1472629,5
1472658,9
1472675,34
1472702,5
1472726,5
1472750,6
1472773,9
1472790,11
1472811,6
1472835,43
1472861,9
1472884,12
1472904,29
1472924,5
1472943,5
1472970,57
1472994,10
1473017,5
1473047,5
1473064,5
1473094,5
1473131,8
1473150,11
1473171,33
1473190,11
1473212,5
1473228,16
1473264,5
1473295,5
1473321,6
1473347,6
1473369,8
1473402,5
1473432,10
1473462,14
1473486,7
1473508,12
1473535,8
1473557,12
1473583,6
1473604,18
1473629,7
1473656,7
1473676,11
1473698,5
1473720,24
1473749,6
1473770,19
1473791,5
1473823,7
1473847,8
1473864,6
1473889,15
1473911,6
1473938,8
1473962,5
1473984,6
1474011,30
1474037,115
1474055,6
1474086,5
1474105,59
1474125,81
1474147,6
1474172,15
1474206,16
1474225,5
1474247,6
1474269,14
1474294,15
1474321,18
1474346,6
1474368,18
1474395,8
1474426,12
1474442,21
1474463,12
1474496,6
1474534,22
1474555,17
1474587,68
1474607,10
1474626,41
1474649,9
1474679,12
1474703,5
1474734,6
1474764,13
1474794,6
1474825,16
1474846,6
1474872,12
1474889,23
1474907,18
1474926,12
1474952,5
1474981,32
1475010,5
1475033,14
1475061,6
1475087,11
1475113,20
1475135,9
1475154,8
1475178,48
1475206,17
1475226,17
1475251,5
1475276,13
1475294,11
1475321,109
1475344,8
1475358,5
1475390,10
1475417,9
1475434,7
1475460,5
1475486,12
1475519,7
1475551,11
1475579,12
1475609,17
1475638,5
1475666,33
1475687,5
1475722,101
1475750,6
1475770,5
1475796,11
1475815,10
1475837,16
1475855,5
1475880,9
1475907,5
1475932,8
1475954,9
1475978,6
1476007,13
1476035,5
1476056,7
1476080,8
1476115,12
1476137,5
1476172,5
1476201,15
1476232,9
1476253,35
1476279,9
1476304,10
1476338,6
1476355,11
1476378,5
1476411,5
1476437,12
1476463,5
1476490,5
1476509,20
1476538,8
1476553,125
1476584,5
1476603,35
1476637,34
1476665,18
1476698,378
1476720,12
1476748,8
1476769,11
1476798,5
1476831,6
1476857,37
1476876,7
1476893,5
1476924,6
1476948,5
1476977,9
1477007,5
1477036,148
1477059,9
1477092,8
1477111,5
1477139,12
1477168,6
1477195,5
1477224,12
1477258,5
1477285,6
1477299,6
1477321,10
1477346,259
1477374,6
1477396,6
1477423,5
1477448,5
1477472,5
1477499,12
1477538,13
1477564,122
1477585,5
1477613,8
1477646,7
1477674,10
1477697,99
1477723,7
1477758,14
1477785,6
1477808,134
1477837,7
1477860,7
1477884,7
1477913,6
1477937,5
1477957,155
1477986,6
1478016,5
1478045,14
1478072,5
1478096,6
1478122,20
1478145,5
1478175,5
1478202,5
1478227,10
1478257,5
1478285,16
1478308,5
1478340,9
1478376,7
1478401,6
1478435,6
1478468,5
1478507,35
1478534,12
1478560,18
1478580,6
1478617,6
1478645,6
1478673,10
1478701,20
1478729,6
1478751,10
1478775,10
1478804,20
1478827,5
1478855,99
1478882,6
1478907,61
1478924,57
1478958,5
1478984,6
1479009,79
1479037,10
1479060,7
1479080,8
1479097,12
1479123,7
1479145,40
1479174,8
1479192,7
1479219,5
1479247,7
1479280,26
1479312,6
1479339,5
1479364,5
1479389,12
1479421,92
1479448,113
1479474,6
1479505,80
1479534,7
1479566,8
1479591,5
1479614,6
1479631,5
1479658,764
1479676,9
1479700,5
1479732,10
1479757,5
1479784,5
1479809,5
1479839,7
1479855,15
1479884,7
1479905,6
1479928,7
1479947,16
1479969,23
1479990,19
1480015,29
1480047,28
1480078,183
1480112,8
1480133,5
1480157,6
1480183,5
1480211,7
1480228,11
1480267,5
1480296,34
1480326,5
1480363,5
1480396,5
1480424,5
1480441,9
1480470,11
1480507,9
1480531,5
1480557,6
1480577,35
1480595,7
1480615,5
1480638,9
1480667,13
1480693,5
1480720,8
1480753,6
1480780,5
1480807,5
1480829,5
1480845,7
1480874,9
1480891,6
1480919,9
1480951,6
1480978,186
1481007,9
1481024,5
1481046,5
1481066,12
1481087,9
1481115,41
1481139,8
1481167,10
1481191,12
1481214,13
1481238,5
1481265,11
1481287,5
1481312,28
1481340,9
1481375,24
1481397,5
1481428,7
1481457,52
1481484,18
1481518,15
1481539,5
1481556,6
1481585,5
1481618,42
1481641,6
1481666,6
1481702,7
1481725,7
1481746,6
1481768,21
1481796,9
1481811,6
1481833,17
1481858,7
1481885,15
1481916,90
1481944,5
1481969,15
1481995,15
1482017,6
1482044,12
1482078,5
1482103,12
1482125,5
1482148,6
1482167,43
1482197,5
1482230,6
1482255,5
1482281,7
1482304,6
1482328,11
1482349,44
1482378,9
1482399,10
1482430,6
1482455,9
1482476,13
1482510,16
1482537,7
1482565,5
1482590,6
1482624,7
1482652,41
1482676,9
1482693,5
1482717,21
1482736,6
1482759,6
1482785,11
1482818,6
1482852,5
1482879,7
1482900,7
1482926,6
1482960,8
1482984,5
1483006,5
1483032,5
1483057,5
1483077,10
1483100,10
1483123,10
1483148,30
1483178,7
1483201,30
1483228,6
1483257,7
1483278,44
1483300,48
1483325,5
1483353,11
1483380,22
1483405,5
1483423,11
1483447,6
1483464,14
1483488,16
1483519,5
1483538,44
1483562,5
1483585,5
1483622,10
1483642,10
1483667,19
1483694,5
1483719,14
1483759,5
1483778,8
1483802,7
1483831,6
1483859,5
1483884,5
1483906,10
1483931,46
1483957,10
1483986,7
1484015,5
1484039,14
1484066,34
1484080,22
1484103,38
1484124,6
1484144,7
1484167,39
1484189,7
1484203,12
1484233,9
1484266,5
1484295,7
1484321,6
1484350,10
1484372,7
1484397,21
1484416,61
1484435,8
1484451,5
1484480,5
1484510,5
1484527,37
1484553,7
1484571,5
1484591,5
1484614,14
1484644,6
1484669,5
1484702,7
1484723,12
1484750,10
1484771,14
1484790,24
1484819,5
1484854,35
1484881,12
1484904,11
1484941,5
1484970,39
1484998,8
1485021,11
1485048,6
1485068,27
1485109,6
1485135,10
1485162,5
1485190,29
1485214,522
1485237,6
1485267,31
1485291,6
1485312,5
1485335,13
1485363,5
1485385,13
1485412,10
1485439,106
1485471,9
1485488,8
1485511,5
1485540,7
1485558,7
1485585,5
1485612,5
1485642,117
1485679,6
1485700,5
1485728,6
1485754,5
1485787,13
1485809,9
1485830,14
1485855,8
1485879,15
1485903,10
1485929,10
1485952,6
1485975,9
1486000,8
1486022,5
1486052,27
1486081,6
1486099,6
1486126,17
1486152,7
1486184,32
1486210,24
1486235,132
1486253,10
1486274,5
1486290,16
1486310,5
1486333,63
1486355,5
1486384,5
1486404,196
1486438,12
1486467,24
1486502,9
1486512,9
1486540,18
1486563,12
1486587,5
1486615,5
1486639,10
1486669,39
1486690,30
1486711,5
1486741,6
1486767,5
1486797,5
1486826,12
1486866,5
1486881,6
1486911,7
1486929,14
1486957,5
1486981,9
1487006,18
1487029,5
1487060,44
1487091,80
1487113,42
1487134,8
1487157,18
1487181,6
1487209,5
1487232,6
1487255,13
1487276,6
1487299,5
1487327,6
1487356,14
1487384,17
1487408,7
1487428,5
1487457,5
1487480,5
1487502,15
1487529,59
1487554,15
1487580,7
1487604,8
1487625,7
1487667,5
1487694,5
1487724,13
1487759,96
1487785,7
1487812,8
1487848,5
1487878,5
1487909,5
1487944,5
1487973,48
1488004,46
1488036,12
1488055,6
1488079,40
1488108,10
1488130,7
1488159,13
1488185,5
1488216,6
1488233,5
1488261,13
1488287,13
1488319,5
1488341,9
1488371,6
1488402,29
1488434,12
1488457,5
1488484,5
1488510,7
1488532,41
1488557,7
1488581,8
1488612,37
1488645,7
1488668,5
1488698,8
1488718,6
1488741,9
1488763,6
1488790,119
1488815,6
1488840,10
1488870,23
1488890,9
1488915,22
1488946,5
1488978,32
1489017,43
1489046,18
1489078,7
1489107,7
1489138,9
1489171,11
1489193,7
1489224,38
1489243,7
1489271,17
1489300,6
1489330,5
1489361,6
1489385,43
1489411,16
1489425,7
1489454,12
1489483,18
1489508,10
1489538,19
1489563,5
1489589,7
1489615,5
1489635,5
1489662,5
1489692,8
1489723,165
1489748,6
1489772,7
1489797,20
1489824,5
1489847,12
1489870,5
1489897,7
1489923,6
1489953,19
1489983,28
1490011,6
1490026,68
1490054,7
1490076,36
1490097,6
1490119,15
1490147,12
1490167,5
1490191,28
1490214,6
1490232,8
1490259,7
1490291,18
1490320,5
1490343,5
1490374,5
1490399,5
1490420,10
1490450,9
1490472,6
1490500,5
1490521,9
1490536,6
1490555,16
1490575,5
1490605,18
1490629,7
1490655,5
1490681,10
1490707,5
1490738,10
1490770,24
1490796,5
1490815,9
1490834,10
1490860,13
1490882,7
1490910,13
1490942,7
1490964,18
1490995,5
1491027,59
1491056,6
1491084,14
1491111,5
1491137,6
1491168,9
1491203,5
1491230,5
1491250,12
1491278,17
1491304,9
1491333,7
1491361,8
1491393,7
1491413,10
1491441,13
1491464,209
1491487,6
1491513,7
1491542,27
1491567,9
1491596,8
1491625,24
1491652,12
1491682,6
1491710,18
1491735,57
1491761,8
1491785,8
1491810,38
1491829,16
1491856,32
1491875,7
1491899,10
1491925,19
1491957,575
1491984,7
1492006,10
1492033,16
1492068,6
1492098,25
1492120,31
1492140,6
1492168,13
1492202,6
1492218,5
1492253,5
1492277,15
1492303,10
1492329,5
1492353,154
1492369,5
1492399,7
1492421,5
1492438,25
1492473,11
1492502,27
1492531,39
1492556,16
1492588,6
1492610,5
1492636,7
1492668,5
1492691,11
1492716,8
1492744,5
1492776,11
1492813,12
1492833,44
1492863,5
1492887,8
1492921,154
1492949,7
1492984,7
1493008,77
1493040,64
1493076,13
1493093,6
1493125,7
1493159,7
1493179,22
1493215,11
1493233,13
1493254,7
1493285,5
1493310,8
1493333,6
1493357,49
1493383,23
1493407,30
1493428,8
1493454,29
1493484,5
1493507,5
1493526,20
1493549,5
1493575,5
1493597,8
1493620,5
1493647,55
1493669,7
1493693,12
1493709,8
1493732,74
1493771,5
1493799,16
1493820,8
1493848,6
1493874,5
1493898,8
1493924,9
1493957,5
1493992,6
1494026,7
1494054,21
1494078,26
1494104,855
1494130,14
1494168,6
1494189,16
1494213,459
1494237,7
1494266,15
1494290,8
1494315,7
1494346,10
1494367,7
1494398,6
1494417,27
1494444,95
1494468,10
1494493,17
1494513,8
1494536,6
1494564,5
1494603,7
1494635,5
1494663,13
1494683,7
1494705,7
1494726,14
1494754,270
1494776,34
1494803,5
1494824,8
1494846,9
1494871,25
1494898,11
1494927,21
1494958,46
1494979,9
1495015,5
1495031,5
1495060,10
1495085,6
1495112,13
1495145,8
1495170,14
1495188,8
1495216,57
1495251,5
1495272,51
1495291,5
1495312,28
1495339,5
1495368,5
1495395,8
1495415,7
1495444,19
1495471,7
1495501,5
1495524,6
1495553,25
1495576,6
1495603,5
1495621,6
1495646,27
1495670,5
1495708,5
1495741,28
1495762,14
1495789,120
1495812,12
1495836,5
1495855,11
1495888,10
1495909,11
1495938,10
1495965,13
1495991,5
1496011,5
1496033,23
1496057,9
1496086,14
1496109,12
1496145,27
1496172,14
1496206,10
1496238,7
1496266,7
1496297,7
1496323,50
1496341,6
1496364,7
1496390,7
1496413,14
1496446,7
1496469,5
1496491,5
1496517,19
1496546,39
1496573,28
1496593,7
1496618,21
1496631,86
1496653,5
1496684,153
1496715,6
1496748,12
1496774,30
1496794,13
1496829,10
1496858,18
1496889,10
1496917,111
1496935,9
1496959,9
1496984,7
1497011,14
1497040,5
1497069,11
1497100,6
1497130,5
1497160,8
1497189,7
1497223,5
1497255,5
1497286,14
1497312,5
1497338,5
1497364,6
1497399,6
1497427,5
1497445,5
1497467,5
1497487,5
1497506,7
1497527,9
1497558,5
1497587,8
1497611,7
1497641,5
1497659,6
1497684,9
1497710,33
1497744,6
1497772,8
1497790,5
1497820,7
1497843,19
1497864,5
1497887,5
1497913,6
1497946,5
1497974,6
1497993,6
1498021,13
1498059,6
1498084,16
1498111,19
1498134,6
1498158,128
1498179,15
1498197,6
1498229,13
1498260,51
1498291,9
1498315,9
1498339,7
1498363,10
1498392,18
1498415,6
1498452,8
1498481,11
1498514,14
1498541,28
1498565,20
1498589,5
1498605,8
1498634,6
1498661,7
1498693,6
1498728,10
1498758,6
1498787,13
1498817,12
1498840,13
1498860,5
1498892,12
1498928,7
1498953,12
1498981,10
1499012,301
1499036,67
1499065,10
1499085,7
1499112,6
1499138,8
1499165,6
1499197,8
1499218,178
1499242,7
1499265,5
1499292,52
1499324,17
1499353,5
1499374,13
1499406,12
1499430,6
1499449,25
1499476,31
1499504,6
1499524,5
1499553,6
1499598,102
1499618,9
1499640,7
1499666,5
1499699,6
1499727,9
1499759,16
1499786,9
1499805,19
1499831,27
1499852,13
1499889,6
1499908,11
1499923,5
1499958,5
1499983,15
1500007,12
1500030,5
1500056,5
1500091,8
1500124,9
1500144,8
1500178,5
1500202,5
1500232,7
1500258,13
1500288,6
1500303,62
1500320,21
1500346,6
1500373,5
1500393,5
1500423,13
1500447,5
1500474,60
1500505,38
1500523,5
1500548,7
1500572,5
1500591,16
1500619,6
1500644,21
1500674,18
1500697,18
1500720,7
1500744,7
1500776,7
1500800,10
1500827,6
1500850,5
1500872,6
1500905,14
1500933,8
1500949,7
1500972,18
1500999,8
1501019,5
1501052,22
1501074,6
1501095,6
1501124,6
1501153,7
1501174,5
1501199,8
1501229,5
1501252,5
1501277,17
1501301,9
1501328,5
1501347,5
1501369,5
1501386,32
1501407,7
1501431,7
1501465,13
1501497,5
1501523,35
1501538,7
1501561,90
1501590,7
1501615,8
1501641,7
1501666,15
1501699,23
1501715,11
1501737,26
1501758,12
1501782,8
1501804,6
1501831,9
1501859,6
1501886,5
1501907,77
1501931,8
1501961,35
1501986,7
1502010,7
1502034,5
1502059,44
1502093,49
1502117,5
1502143,30
1502159,19
1502182,5
1502209,63
1502240,6
1502264,5
1502296,6
1502325,7
1502349,5
1502370,6
1502400,5
1502436,7
1502466,5
1502498,5
1502526,12
1502557,15
1502575,9
1502605,185
1502627,11
1502651,8
1502678,5
1502706,5
1502723,8
1502746,6
1502767,5
1502787,7
1502817,6
1502841,8
1502863,15
1502886,6
1502911,11
1502938,51
1502964,15
1502994,7
1503016,9
1503039,9
1503062,8
1503081,5
1503110,6
1503138,10
1503162,6
1503186,71
1503223,6
1503241,6
1503265,6
1503293,6
1503329,9
1503357,5
1503382,60
1503417,5
1503442,9
1503468,5
1503495,16
1503524,5
1503547,6
1503564,9
1503595,11
1503628,5
1503658,5
1503681,22
1503709,135
1503731,49
1503759,6
1503781,7
1503812,60
1503834,99
1503864,7
1503888,5
1503908,18
1503933,6
1503950,6
1503980,5
1504003,6
1504034,5
1504059,10
1504083,11
1504110,6
1504140,11
1504170,5
1504196,10
1504219,5
1504241,23
1504271,9
1504300,8
1504324,7
1504344,13
1504370,13
1504390,7
1504417,5
1504437,7
1504472,12
1504503,7
1504519,5
1504551,70
1504576,15
1504602,9
1504629,12
1504651,6
1504679,6
1504703,211
1504718,17
1504744,15
1504770,5
1504795,36
1504823,17
1504851,5
1504877,8
1504892,9
1504920,9
1504939,110
1504965,49
1504998,9
1505022,8
1505043,5
1505076,39
1505103,5
1505129,44
1505152,5
1505177,7
1505200,9
1505226,5
1505260,7
1505283,6
1505299,8
1505320,16
1505337,5
1505362,5
1505382,5
1505406,8
1505425,9
1505452,15
1505473,5
1505500,8
1505530,25
1505554,45
1505584,8
1505624,13
1505654,30
1505688,19
1505714,9
1505738,18
1505764,6
1505787,5
1505821,5
1505837,6
1505867,39
1505892,11
1505922,6
1505953,51
1505978,29
1506008,6
1506027,6
1506055,10
1506076,11
1506102,9
1506120,15
1506148,6
1506171,12
1506194,6
1506211,12
1506236,18
1506260,6
1506282,16
1506307,5
1506329,5
1506349,5
1506379,7
1506402,5
1506434,6
1506451,11
1506477,32
1506503,7
1506529,7
1506553,5
1506578,344
1506605,5
1506640,13
1506672,8
1506705,10
1506733,16
1506760,5
1506792,6
1506821,5
1506852,5
1506882,7
1506905,11
1506944,7
1506963,9
1506987,10
1507015,6
1507047,23
1507067,12
1507090,6
1507118,5
1507153,8
1507180,5
1507209,16
1507239,10
1507256,5
1507274,18
1507303,8
1507328,10
1507354,10
1507377,5
1507407,6
1507432,55
1507455,6
1507484,48
1507522,6
1507547,19
1507575,5
1507603,6
1507620,5
1507647,6
1507666,11
1507701,255
1507723,5
1507758,8
1507773,5
1507802,7
1507837,10
1507862,22
1507897,15
1507921,10
1507954,7
1507988,6
1508019,6
1508061,5
1508081,13
1508109,7
1508134,6
1508163,13
1508191,5
1508206,17
1508233,19
1508257,355
1508288,10
1508313,8
1508337,5
1508368,5
1508390,9
1508420,28
1508442,7
1508465,5
1508495,11
1508519,5
1508545,8
1508567,5
1508590,5
1508612,7
1508639,5
1508675,10
1508704,17
1508729,5
1508755,6
1508772,28
1508798,7
1508821,9
1508849,8
1508877,4933
1508900,8
1508924,5
1508956,5
1508982,5
1509005,15
1509034,5
1509059,6
1509082,5
1509105,5
1509143,7
1509173,6
1509196,5
1509226,6
1509261,6
1509285,47
1509304,5
1509330,6
1509371,5
1509401,79
1509432,12
1509454,5
1509477,5
1509504,7
1509528,9
1509553,12
1509576,23
1509599,5
1509624,6
1509655,11
1509678,20
1509701,31
1509725,20
1509755,69
1509778,15
1509796,11
1509817,9
1509839,6
1509860,22
1509880,50
1509911,6
1509945,5
1509971,5
1510005,12
1510030,5
1510054,5
1510090,8
1510114,10
1510140,56
1510167,8
1510201,6
1510228,9
1510267,10
1510287,5
1510310,316
1510335,12
1510355,5
1510375,5
1510400,15
1510424,6
1510452,5
1510473,6
1510503,8
1510517,5
1510542,5
1510574,63
1510593,19
1510618,6
1510638,5
1510665,7
1510697,10
1510714,15
1510732,16
1510761,7
1510785,6
1510816,14
1510839,16
1510864,7
1510886,20
1510911,35
1510932,8
1510949,70
1510976,7
1511007,20
1511032,27
1511053,7
1511072,6
1511094,9
1511123,11
1511150,56
1511184,21
1511209,6
1511244,8
1511269,14
1511290,12
1511315,9
1511333,14
1511363,14
1511380,6
1511403,5
1511431,11
1511455,5
1511479,14
1511513,9
1511535,12
1511566,9
1511599,7
1511610,17
1511639,18
1511664,5
1511696,14
1511716,8
1511744,24
1511768,63
1511791,10
1511818,28
1511839,20
1511862,5
1511885,5
1511910,153
1511938,24
1511960,7
1511981,62
1512002,126
1512023,30
1512034,13
1512065,5
1512089,193
1512118,5
1512144,5
1512169,5
1512193,13
1512224,26
1512255,11
1512280,5
1512306,58
1512343,10
1512369,8
1512401,11
1512429,5
1512454,6
1512469,13
1512489,6
1512527,17
1512554,6
1512569,8
1512591,16
1512618,11
1512640,11
1512659,7
1512685,10
1512712,12
1512728,13
1512753,44
1512783,24
1512815,16
1512839,6
1512861,30
1512885,10
1512900,6
1512933,11
1512956,8
1512978,6
1513008,7
1513040,5
1513061,11
1513090,8
1513118,8
1513147,68
1513177,42
1513206,28
1513234,5
1513258,5
1513282,5
1513304,7
1513327,5
1513355,6
1513381,5
1513413,18
1513431,30
1513455,17
1513477,10
1513504,6
1513531,6
1513560,6
1513588,8
1513609,7
1513630,16
1513659,9
1513681,8
1513716,6
1513738,5
1513767,20
1513785,5
1513818,51
1513837,9
1513867,5
1513890,9
1513918,20
1513948,6
1513971,15
1513989,8
1514012,7
1514038,5
1514060,54
1514086,5
1514118,6
1514151,10
1514189,9
1514220,36
1514252,6
1514283,11
1514308,18
1514333,30
1514359,6
1514391,8
1514420,6
1514451,61
1514476,5
1514501,6
1514536,50
1514564,5
1514588,5
1514620,5
1514648,8
1514672,7
1514706,7
1514738,12
1514766,8
1514792,10
1514815,6
1514842,19
1514878,8
1514914,5
1514950,5
1514968,11
1514993,39
1515020,5
1515046,8
1515069,11
1515103,10
1515134,43
1515158,11
1515178,6
1515209,5
1515238,11
1515256,18
1515279,18
1515300,8
1515322,14
1515345,18
1515373,21
1515407,23
1515440,7
1515460,6
1515483,23
1515512,15
1515544,5
1515567,14
1515603,5
1515637,5
1515658,9
1515680,6
1515710,21
1515734,8
1515759,7
1515785,10
1515813,5
1515838,10
1515872,7
1515895,56
1515920,5
1515946,35
1515966,5
1515991,5
1516019,8
1516036,6
1516054,6
1516075,18
1516100,26
1516123,16
1516148,29
1516170,13
1516190,7
1516211,6
1516230,11
1516262,5
1516282,6
1516315,13
1516342,6
1516365,6
1516397,9
1516426,21
1516449,5
1516480,28
1516501,116
1516533,7
1516554,7
1516573,7
1516611,7
1516637,211
1516676,14
1516705,26
1516731,31
1516759,12
1516791,11
1516816,21
1516843,8
1516858,8
1516883,5
1516906,11
1516932,5
1516958,7
1516987,7
1517030,8
1517051,8
1517081,11
1517109,6
1517146,6
1517176,294
1517200,9
1517230,6
1517246,8
1517267,6
1517287,6
1517321,5
1517354,45
1517380,6
1517406,13
1517434,14
1517467,6
1517495,17
1517520,5
1517557,5
1517580,12
1517595,5
1517619,65
1517649,5
1517682,6
1517709,7
1517731,64
1517760,42
1517783,5
1517810,5
1517838,6
1517863,19
1517905,5
1517924,191
1517953,160
1517980,6
1518006,6
1518041,29
1518066,12
1518089,5
1518113,5
1518133,14
1518164,14
1518192,5
1518212,9
1518237,5
1518266,5
1518295,6
1518321,13
1518351,7
1518370,5
1518393,47
1518417,225
1518445,5
1518457,6
1518479,6
1518503,5
1518535,5
1518559,6
1518579,103
1518606,9
1518633,6
1518660,33
1518690,58
1518722,48
1518747,67
1518767,11
1518793,5
1518813,5
1518827,6
1518854,5
1518887,5
1518910,5
1518939,75
1518956,25
1518976,20
1518999,17
1519027,7
1519064,34
1519090,17
1519118,5
1519145,5
1519169,28
1519192,5
1519217,5
1519244,7
1519270,6
1519303,6
1519333,5
1519362,61
1519391,5
1519429,5
1519463,11
1519491,6
1519527,55
1519562,7
1519586,1380
1519614,6
1519638,20
1519666,5
1519693,11
1519714,6
1519740,50
1519757,12
1519786,48
1519815,12
1519845,12
1519875,644
1519908,9
1519934,8
1519966,13
1519989,7
1520014,8
1520033,8
1520058,12
1520080,7
1520107,6
1520130,20
1520158,19
1520191,18
1520212,12
1520248,39
1520274,5
1520305,10
1520338,131
1520360,19
1520396,19
1520432,7
1520456,5
1520487,15
1520509,5
1520545,9
1520576,5
1520596,5
1520624,18
1520648,15
1520675,5
1520704,30
1520729,8
1520764,35
1520805,24
1520831,8
1520851,9
1520874,6
1520904,74
1520926,5
1520954,11
1520984,9
1521017,12
1521043,6
1521070,11
1521094,7
1521116,7
1521145,7
1521176,11
1521204,14
1521233,6
1521258,12
1521284,5
1521312,17
1521334,17
1521361,5
1521392,186
1521409,27
1521433,9
1521453,48
1521482,66
1521501,7
1521524,16
1521549,12
1521569,8
1521585,51
1521609,5
1521618,11
1521634,22
1521657,15
1521689,5
1521723,6
1521759,7
1521785,7
1521805,22
1521829,15
1521846,477
1521865,8
1521883,7
1521904,21
1521922,9
1521944,11
1521972,6
1522005,8
1522037,7
1522067,12
1522098,5
1522126,5
1522146,3087
1522168,6
1522192,6
1522221,8
1522248,9
1522271,15
1522293,6
1522321,45
1522349,9
1522365,8
1522398,14
1522437,6
1522459,15
1522485,6
1522508,145
1522537,11
1522563,18
1522591,6
1522622,12
1522652,70
1522673,8
1522691,7
1522718,22
1522738,10
1522755,7
1522778,33
1522797,132
1522822,5
1522850,6
1522869,6
1522900,5
1522930,5
1522950,10
1522977,12
1523002,8
1523034,9
1523060,5
1523086,7
1523110,6
1523139,8
1523163,6
1523178,29
1523206,8
1523232,10
1523257,10
1523280,10
1523308,5
1523328,5
1523353,5
1523375,7
1523403,5
1523434,7
1523466,7
1523487,5
1523515,6
1523544,7
1523571,6
1523601,5
1523626,65
1523653,9
1523678,5
1523705,26
1523723,40
1523755,10
1523785,9
1523813,7
1523837,7
1523859,9
1523877,11
1523906,152
1523934,5
1523967,5
1523998,7
1524020,40
1524045,5
1524072,27
1524102,5
1524127,7
1524152,5
1524172,7
1524195,11
1524216,6
1524246,5
1524265,61
1524282,7
1524311,17
1524329,195
1524368,6
1524393,57
1524412,5
1524440,6
1524475,8
1524508,5
1524548,69
1524569,235
1524596,5
1524625,11
1524659,6
1524682,10
1524700,114
1524720,12
1524735,9
1524753,35
1524789,5
1524819,7
1524842,11
1524868,6
1524891,16
1524913,5
1524953,19
1524991,6
1525010,5
1525042,5
1525066,13
1525094,7
1525120,6
1525144,6
1525165,10
1525197,9
1525222,11
1525256,7
1525288,6
1525312,6
1525336,12
1525358,6
1525381,37
1525400,5
1525417,6
1525446,5
1525480,7
1525507,5
1525533,5
1525554,150
1525584,17
1525615,5
1525636,24
1525651,7
1525682,5
1525704,25
1525726,6
1525753,7
1525773,6
1525796,18
1525825,12
1525850,7
1525873,40
1525903,6
1525933,16
1525960,24
1525987,13
1526019,27
1526040,40
1526068,19
1526100,5
1526124,12
1526149,5
1526172,8
1526191,7
1526221,5
1526250,5
1526284,6
1526302,89
1526332,5
1526362,5
1526395,5
1526423,5
1526453,5
1526480,6
1526505,14
1526522,15
1526545,12
1526575,10
1526595,5
1526618,7
1526641,5
1526668,5
1526698,7
1526723,17
1526751,11
1526779,9
1526804,38
1526828,11
1526848,7
1526869,7
1526885,9
1526915,5
1526934,143
1526961,13
1526989,12
1527011,5
1527038,9
1527065,5
1527088,21
1527115,77
1527141,11
1527159,8
1527182,8
1527201,5
1527228,11
1527253,5
1527286,11
1527315,5
1527334,5
1527353,11
1527376,5
1527404,11
1527421,18
1527448,29
1527470,9
1527495,5
1527522,6
1527551,20
1527584,8
1527614,27
1527642,10
1527679,5
1527713,37
1527748,17
1527774,6
1527807,10
1527822,90
1527847,22
1527873,63
1527906,26
1527932,10
1527967,16
1527992,56
1528009,6
1528037,9
1528058,14
1528091,5
1528114,11
1528129,14
1528158,5
1528184,16
1528209,6
1528237,8
1528261,18
1528291,8
1528320,9
1528347,7
1528371,22
1528395,7
1528424,7
1528456,19
1528483,25
1528511,5
1528541,6
1528567,5
1528586,12
1528606,30
1528638,41
1528671,29
1528693,7
1528718,8
1528740,6
1528775,7
1528791,10
1528822,6
1528847,19
1528870,9
1528897,160
1528920,13
1528937,8
1528963,11
1528980,6
1529002,31
1529038,7
1529063,7
1529097,5
1529127,7
1529149,5
1529174,9
1529201,20
1529229,8
1529249,13
1529271,10
1529295,6
1529316,10
1529342,5
1529369,72
1529398,7
1529425,12
1529459,6
1529490,5
1529516,5
1529536,7
1529561,27
1529596,6
1529623,5
1529660,5
1529688,12
1529710,5
1529742,10
1529769,32
1529790,6
1529819,5
1529842,16
1529861,21
1529886,8
1529908,11
1529934,11
1529958,77
1529982,5
1530009,10
1530034,15
1530058,11
1530080,6
1530104,9
1530129,5
1530150,6
1530171,70
1530203,5
1530232,22
1530252,13
1530276,10
1530307,7
1530338,6
1530366,5
1530398,16
1530432,7
1530461,10
1530486,17
1530505,30
1530525,9
1530557,26
1530599,28
1530627,14
1530663,5
1530690,5
1530712,5
1530738,5
1530768,6
1530796,11
1530823,10
1530858,13
1530879,5
1530906,17
1530923,9
1530944,8
1530973,7
1530993,7
1531014,5
1531040,5
1531058,13
1531085,36
1531107,7
1531129,5
1531151,5
1531181,28
1531207,17
1531230,7
1531252,24
1531276,5
1531298,5
1531323,5
1531357,5
1531385,8
1531404,13
1531432,6
1531459,5
1531482,5
1531504,23
1531532,9
1531558,6
1531574,23
1531589,5
1531608,6
1531632,7
1531660,5
1531677,5
1531710,14
1531739,5
1531772,10
1531794,5
1531815,22
1531840,7
1531865,8
1531895,8
1531919,12
1531945,10
1531967,68
1531987,15
1532014,361
1532034,12
1532057,26
1532082,7
1532103,5
1532126,9
1532150,9
1532180,5
1532208,37
1532233,9
1532259,12
1532286,13
1532309,107
1532335,6
1532360,5
1532385,14
1532406,5
1532422,8
1532438,23
1532466,5
1532498,6
1532526,11
1532545,142
1532572,7
1532604,5
1532630,5
1532651,5
1532679,7
1532704,8
1532736,20
1532766,38
1532789,10
1532819,7
1532853,6
1532880,25
1532907,9
1532925,62
1532944,13
1532971,5
1533005,5
1533036,6
1533067,5
1533090,13
1533122,6
1533153,6
1533176,6
1533194,13
1533213,11
1533231,27
1533263,10
1533297,37
1533327,12
1533359,5
1533385,16
1533412,5
1533437,27
1533462,31
1533490,7
1533522,7
1533543,5
1533568,6
1533594,33
1533621,42
1533656,5
1533687,6
1533708,8
1533740,32
1533765,7
1533796,5
1533820,5
1533854,10
1533880,46
1533901,6
1533935,5
1533972,12
1533996,8
1534012,20
1534033,67
1534058,75
1534089,191
1534111,32
1534130,12
1534155,5
1534185,25
1534221,5
1534252,6
1534272,6
1534303,15
1534318,12
1534345,7
1534369,16
1534396,6
1534419,15
1534446,12
1534467,24
1534487,5
1534512,9
1534541,9
1534571,8
1534599,7
1534623,5
1534644,22
1534666,5
1534696,5
1534721,26
1534742,5
1534771,17
1534797,9
1534823,7
1534850,14
1534876,5
1534901,5
1534926,14
1534947,8
1534973,6
1535009,5
1535036,5
1535059,7
1535090,180
1535125,48
1535150,6
1535179,9
1535204,133
1535219,7
1535238,7
1535266,6
1535280,9
1535296,7
1535327,7
1535353,5
1535387,15
1535412,169
1535427,5
1535455,8
1535475,7
1535498,7
1535516,7
1535543,5
1535572,21
1535597,40
1535619,12
1535637,6
1535654,14
1535682,5
1535721,10
1535748,119
1535775,17
1535800,18
1535826,5
1535857,89
1535887,13
1535920,32
1535951,10
1535972,5
1535988,5
1536016,19
1536039,7
1536070,6
1536097,6
1536123,12
1536146,8
1536177,24
1536195,7
1536226,24
1536261,11
1536286,7
1536313,6
1536336,13
1536364,9
1536382,8
1536401,8
1536435,7
1536466,5
1536490,5
1536521,5
1536552,5
1536581,5
1536607,22
1536635,98
1536661,8
1536684,6
1536710,15
1536738,5
1536757,5
1536785,5
1536812,8
1536826,219
1536852,5
1536881,6
1536907,574
1536931,10
1536955,13
1536982,11
1537019,20
1537038,6
1537075,5
1537099,40
1537116,6
1537141,5
1537172,7
1537196,39
1537223,9
1537244,18
1537271,5
1537289,14
1537321,14
1537344,10
1537366,6
1537397,27
1537424,9
1537445,15
1537464,21
1537490,8
1537516,15
1537535,11
1537561,5
1537580,5
1537606,10
1537627,5
1537653,9
1537683,13
1537709,647
1537729,7
1537765,40
1537796,6
1537826,5
1537860,6
1537889,37
1537919,48
1537940,5
1537957,13
1537985,5
1538015,5
1538048,21
1538078,11
1538100,6
1538139,405
1538172,14
1538201,6
1538219,5
1538249,36
1538268,5
1538292,8
1538306,8
1538328,17
1538353,5
1538372,12
1538399,16
1538426,12
1538446,6
1538470,487
1538488,7
1538515,5
1538546,10
1538570,8
1538597,11
1538628,16
1538652,5
1538683,5
1538714,52
1538744,12
1538771,121
1538803,17
1538823,6
1538855,8
1538884,30
1538917,75
1538938,13
1538966,5
1538996,5
1539018,12
1539040,10
1539067,8
1539088,7
1539110,32
1539141,5
1539169,6
1539196,7
1539224,5
1539252,8
1539295,9
1539316,7
1539341,7
1539372,15
1539389,9
1539412,6
1539434,5
1539463,10
1539486,19
1539510,6
1539526,9
1539556,20
1539575,5
1539616,6
1539640,6
1539674,6
1539700,15
1539729,7
1539763,27
1539797,88
1539829,20
1539857,78
1539883,6
1539913,23
1539938,11
1539968,26
1539985,5
1540015,6
1540043,10
1540064,5
1540086,12
1540109,6
1540141,31
1540157,10
1540191,14
1540217,6
1540232,7
1540262,6
1540290,16
1540334,13
1540361,7
1540394,17
1540416,8
1540442,7
1540468,12
1540497,12
1540522,5
1540548,6
1540579,10
1540604,12
1540631,8
1540655,7
1540692,10
1540723,7
1540746,6
1540783,9
1540810,41
1540841,5
1540873,6
1540893,16
1540921,8
1540936,5
1540973,6
1541000,5
1541027,8
1541051,5
1541083,8
1541107,17
1541131,12
1541149,8
1541172,7
1541203,5
1541226,7
1541260,6
1541278,6
1541303,30
1541336,18
1541362,6
1541388,31
1541409,5
1541440,5
1541464,5
1541479,10
1541509,5
1541541,8
1541574,20
1541595,5
1541623,7
1541652,5
1541677,7
1541707,11
1541735,34
1541760,7
1541790,8
1541821,6
1541845,9
1541873,11
1541902,5
1541927,38
1541950,5
1541981,18
1542003,69
1542033,8
1542054,5
1542089,5
1542120,6
1542149,10
1542180,5
1542215,10
1542242,21
1542277,5
1542298,44
1542320,11
1542343,7
1542368,5
1542396,32
1542421,5
1542441,7
1542469,5
1542491,8
1542516,14
1542546,8
1542574,7
1542599,8
1542621,38
1542643,7
1542676,9
1542708,53
1542736,462
1542764,11
1542787,20
1542812,15
1542836,73
1542857,17
1542878,9
1542898,7
1542925,6
1542949,8
1542973,13
1542996,5
1543019,6
1543045,5
1543068,19
1543092,16
1543113,5
1543137,6
1543164,6
1543191,6
1543217,13
1543239,14
1543265,29
1543290,6
1543317,7
1543342,8
1543370,12
1543397,34
1543422,14
1543450,14
1543472,5
1543502,5
1543533,7
1543563,49
1543589,5
1543607,6
1543629,24
1543649,10
1543679,5
1543707,5
1543733,9
1543751,9
1543781,10
1543799,300
1543829,19
1543852,6
1543883,10
1543906,9
1543939,5
1543966,7
1543988,6
1544013,6
1544041,7
1544069,13
1544090,5
1544110,10
1544135,5
1544158,11
1544178,100
1544209,649
1544231,6
1544249,19
1544274,6
1544303,32
1544332,15
1544362,8
1544388,5
1544411,19
1544430,6
1544462,7
1544493,14
1544520,7
1544546,10
1544572,6
1544601,11
1544630,39
1544641,7
1544666,9
1544696,30
1544724,5
1544741,6
1544775,5
1544801,7
1544823,6
1544842,9
1544872,6
1544896,9
1544923,13
1544949,5
1544981,6
1545014,11
1545038,5
1545060,6
1545082,7
1545106,5
1545123,8
1545143,7
1545159,5
1545183,5
1545216,5
1545240,9
1545272,9
1545291,5
1545313,50
1545337,5
1545362,15
1545388,7
1545422,95
1545450,15
1545486,6
1545506,10
1545519,24
1545544,15
1545579,68
1545604,6
1545629,6
1545649,55
1545677,31
1545705,5
1545734,5
1545757,97
1545784,5
1545817,24
1545840,5
1545870,5
1545892,5
1545921,24
1545950,8
1545969,11
1545995,39
1546025,14
1546049,39
1546078,8
1546114,5
1546145,11
1546173,6
1546195,5
1546218,6
1546243,35
1546269,5
1546293,5
1546319,10
1546344,50
1546364,10
1546391,15
1546423,18
1546446,19
1546475,7
1546500,10
1546520,12
1546547,9
1546579,5
1546606,5
1546638,5
1546667,810
1546699,12
1546724,8
1546745,7
1546770,42
1546793,14
1546817,5
1546845,7
1546868,28
1546886,11
1546903,5
1546931,11
1546956,10
1546976,11
1547001,11
1547023,17
1547044,65
1547070,11
1547096,62
1547115,15
1547135,5
1547157,5
1547181,6
1547207,25
1547235,9
1547263,14
1547284,8
1547314,67
1547333,10
1547352,5
1547386,6
1547404,10
1547425,6
1547455,9
1547472,5
1547504,6
1547526,6
1547551,5
1547580,12
1547616,37
1547640,5
1547671,7
1547703,5
1547732,5
1547762,18
1547785,5
1547815,5
1547836,13
1547863,5
1547887,8
1547906,8
1547924,20
1547954,12
1547981,6
1548008,5
1548027,18
1548056,33
1548081,11
1548106,6
1548128,13
1548151,5
1548183,5
1548201,36
1548221,5
1548243,6
1548268,5
1548288,5
1548303,11
1548333,26
1548357,7
1548386,130
1548408,9
1548440,6
1548465,6
1548497,14
1548524,5
1548557,5
1548584,5
1548608,6
1548636,10
1548665,8
1548692,12
1548718,5
1548746,5
1548767,5
1548789,6
1548814,8
1548835,14
1548861,10
1548893,5
1548920,5
1548943,5
1548972,5
1549002,7
1549023,5
1549045,29
1549075,33
1549103,11
1549123,9
1549149,6
1549182,6
1549202,10
1549223,5
1549257,5
1549283,12
1549309,175
1549333,21
1549357,10
1549389,19
1549411,5
1549434,17
1549452,99
1549483,16
1549506,7
1549544,85
1549568,7
1549590,9
1549612,30
1549642,7
1549661,6
1549687,32
1549720,5
1549743,22
1549762,5
1549784,7
1549808,5
1549838,5
1549859,7
1549884,10
1549902,9
1549935,5
1549973,6
1550009,25
1550029,23
1550058,28
1550078,35
1550102,8
1550128,8
1550151,6
1550178,5
1550205,10
1550226,5
1550264,7
1550293,29
1550309,5
1550333,6
1550362,8
1550395,120
1550422,6
1550452,9
1550476,11
1550502,6
1550520,13
1550540,9
1550569,6
1550593,13
1550625,18
1550653,5
1550683,5
1550704,5
1550718,17
1550741,16
1550763,28
1550793,11
1550820,8
1550842,5
1550870,9
1550906,5
1550928,7
1550961,16
1550994,22
1551020,29
1551041,5
1551068,8
1551099,203
1551122,15
1551150,8
1551171,5
1551214,12
1551237,6
1551263,59
1551288,5
1551310,14
1551338,9
1551356,10
1551383,38
1551406,5
1551422,5
1551456,5
1551481,8
1551508,9
1551532,8
1551557,6
1551586,15
1551606,9
1551646,23
1551671,5
1551697,14
1551722,21
1551751,16
1551770,5
1551799,8
1551831,7
1551859,40
1551887,6
1551910,9
1551933,6
1551954,14
1551974,9
1552006,7
1552035,7
1552060,5
1552092,5
1552118,7
1552146,78
1552175,5
1552207,10
1552237,5
1552258,6
1552288,5
1552316,77
1552345,7
1552378,21
1552399,7
1552416,13
1552447,5
1552472,13
1552498,14
1552519,20
1552548,51
1552576,6
1552604,9
1552622,44
1552647,5
1552675,12
1552690,17
1552713,40
1552733,6
1552761,6
1552787,5
1552815,5
1552847,5
1552876,5
1552905,6
1552928,5
1552958,5
1552987,19
1553012,7
1553046,15
1553075,5
1553102,9
1553125,6
1553151,6
1553175,11
1553199,6
1553223,11
1553255,10
1553285,6
1553306,53
1553334,6
1553360,16
1553390,9
1553415,281
1553436,6
1553466,10
1553496,6
1553516,12
1553550,135
1553578,7
1553606,5
1553637,8
1553660,9
1553683,7
1553717,14
1553746,11
1553773,14
1553798,7
1553827,15
1553860,11
1553888,5
1553909,5
1553939,6
1553960,18
1553998,5
1554018,8
1554038,17
1554060,8
1554083,20
1554109,10
1554132,22
1554156,10
1554190,6
1554216,10
1554242,5
1554259,7
1554286,72
1554313,6
1554345,45
1554371,387
1554390,6
1554419,37
1554444,5
1554471,9
1554498,10
1554534,6
1554554,9
1554575,5
1554608,8
1554626,15
1554652,5
1554679,7
1554707,7
1554730,6
1554754,13
1554783,19
1554816,72
1554844,9
1554880,15
1554920,25
1554945,6
1554976,13
1555002,7
1555031,28
1555060,10
1555084,905
1555102,8
1555126,16
1555151,61
1555169,6
1555188,5
1555211,10
1555239,6
1555261,9
1555290,9
1555310,5
1555339,5
1555375,8
1555399,15
1555427,6
1555449,20
1555474,38
1555502,9
1555527,8
1555552,5
1555577,5
1555607,5
1555638,6
1555664,12
1555692,5
1555718,6
1555737,5
1555760,21
1555782,9
1555810,5
1555836,5
1555859,18
1555882,33
1555914,6
1555934,10
1555970,28
1555991,5
1556018,17
1556042,32
1556060,16
1556078,6
1556098,18
1556135,6
1556160,11
1556179,6
1556203,6
1556225,5
1556253,8
1556275,52
1556305,13
1556338,5
1556368,39
1556392,208
1556422,6
1556449,5
1556484,62
1556499,6
1556523,5
1556547,5
1556572,5
1556593,8
1556618,20
1556649,14
1556669,42
1556692,7
1556714,6
1556739,6
1556765,7
1556796,8
1556822,7
1556842,10
1556870,11
1556891,12
1556912,14
1556936,7
1556954,5
1556973,8
1556999,5
1557030,17
1557055,7
1557076,7
1557098,5
1557121,16
1557142,10
1557173,7
1557214,13
1557243,10
1557262,23
1557290,11
1557322,6
1557354,6
1557387,45
1557420,6
1557444,6
1557480,10
1557508,6
1557530,19
1557553,41
1557576,16
1557607,75
1557637,67
1557665,19
1557691,5
1557718,5
1557740,52
1557773,7
1557798,10
1557827,14
1557852,6
1557872,5
1557903,12
1557927,70
1557947,5
1557977,7
1558003,5
1558034,7
1558048,16
1558070,9
1558091,51
1558123,5
1558156,6
1558181,6
1558213,13
1558241,10
1558272,5
1558293,18
1558316,12
1558336,7
1558375,8
1558403,16
1558428,37
1558451,11
1558475,7
1558503,5
1558531,19
1558561,6
1558584,22
1558601,15
1558631,26
1558659,112
1558695,5
1558722,8
1558751,5
1558778,6
1558809,6
1558842,11
1558864,6
1558880,6
1558900,111
1558925,26
1558950,5
1558972,5
1559005,7
1559039,893
1559063,7
1559096,5
1559132,9
1559162,22
1559189,22
1559208,5
1559230,42
1559254,6
1559285,12
1559317,5
1559343,5
1559367,5
1559393,7
1559409,18
1559430,134
1559456,39
1559484,11
1559517,5
1559549,5
1559579,6
1559602,12
1559624,106
1559657,10
1559695,6
1559714,5
1559741,27
1559773,5
1559806,6
1559831,12
1559850,31
1559878,6
1559905,6
1559941,16
1559969,8
1559994,6
1560019,26
1560045,10
1560061,7
1560085,5
1560110,7
1560133,7
1560157,164
1560178,5
1560205,53
1560220,5
1560244,6
1560270,5
1560292,14
1560325,5
1560359,61
1560385,8
1560411,5
1560439,9
1560458,5
1560483,5
1560510,11
1560542,10
1560577,8
1560612,5
1560639,21
1560676,5
1560707,5
1560726,5
1560747,6
1560768,9
1560791,10
1560830,5
1560852,28
1560880,5
1560900,5
1560924,7
1560945,8
1560967,41
1560991,5
1561019,11
1561041,5
1561065,8
1561087,14
1561115,5
1561142,11
1561167,6
1561189,6
1561211,6
1561232,19
1561266,8
1561301,18
1561329,11
1561357,6
1561381,10
1561411,5
1561442,5
1561466,5
1561502,7
1561541,8
1561568,112
1561585,31
1561602,49
1561631,10
1561661,5
1561688,8
1561710,22
1561739,9
1561765,7
1561786,12
1561814,10
1561846,8
1561868,8
1561886,12
1561915,5
1561944,9
1561969,7
1561998,8
1562020,18
1562038,6
1562067,10
1562094,20
1562120,5
1562142,6
1562171,6
1562199,6
1562224,6
1562251,14
1562279,5
1562299,8
1562326,15
1562352,5
1562385,11
1562414,7
1562435,29
1562457,45
1562494,8
1562517,339
1562543,164
1562575,30
1562591,7
1562617,5
1562636,8
1562656,14
1562683,8
1562715,66
1562737,8
1562761,14
1562779,7
1562812,5
1562830,8
1562863,6
1562882,5
1562906,6
1562936,5
1562965,6
1562982,10
1563012,7
1563037,41
1563067,11
1563105,10
1563134,9
1563157,12
1563185,6
1563219,6
1563240,7
1563277,16
1563307,5
1563333,5
1563360,6
1563398,23
1563420,11
1563436,7
1563463,6
1563492,5
1563520,5
1563547,13
1563567,24
1563605,5
1563634,6
1563658,11
1563681,5
1563712,9
1563733,72
1563762,13
1563789,5
1563816,6
1563856,9
1563887,6
1563910,16
1563940,9
1563963,5
1563983,8
1564009,5
1564033,9
1564067,35
1564095,22
1564127,9
1564156,136
1564171,18
1564191,5
1564217,5
1564238,5
1564260,8
1564279,5
1564305,16
1564330,5
1564351,15
1564376,6
1564398,30
1564416,6
1564438,10
1564460,7
1564493,7
1564521,7
1564544,23
1564569,17
1564596,9
1564625,85
1564649,6
1564673,5
1564702,5
1564725,12
1564747,7
1564777,25
1564794,27
1564816,41
1564847,16
1564872,5
1564899,5
1564929,10
1564955,17
1564988,39
1565009,6
1565027,92
1565051,8
1565075,5
1565109,8
1565131,7
1565161,5
1565191,12
1565208,8
1565232,6
1565262,8
1565285,6
1565315,18
1565338,5
1565368,10
1565400,10
1565426,11
1565447,8
1565471,12
1565496,8
1565523,27
1565547,7
1565567,5
1565594,6
1565621,7
1565646,9
1565674,6
1565702,16
1565727,5
1565756,54
1565773,9
1565803,9
1565824,32
1565847,11
1565876,7
1565897,24
1565925,5
1565950,10
1565974,25
1566001,7
1566032,54
1566056,9
1566071,13
1566100,9
1566135,8
1566160,14
1566185,5
1566214,6
1566238,62
1566271,6
1566295,13
1566322,9
1566346,31
1566373,6
1566395,10
1566418,5
1566444,6
1566462,7
1566482,13
1566508,6
1566534,6
1566559,60
1566581,7
1566608,6
1566638,5
1566658,5
1566685,21
1566701,5
1566733,5
1566760,9
1566785,99
1566820,5
1566842,17
1566858,5
1566887,8
1566906,7
1566931,8
1566950,6
1566974,13
1567000,6
1567028,5
1567051,10
1567077,7
1567103,100
1567131,15
1567156,6
1567186,8
1567216,6
1567235,7
1567260,48
1567287,5
1567314,10
1567341,5
1567359,22
1567382,6
1567412,8
1567442,5
1567462,11
1567480,10
1567515,5
1567541,10
1567565,37
1567591,5
1567621,5
1567646,5
1567664,6
1567695,6
1567714,12
1567747,11
1567769,5
1567795,6
1567829,8
1567848,55
1567886,15
1567902,5
1567928,10
1567956,16
1567991,9
1568012,10
1568034,43
1568057,5
1568082,7
1568102,7
1568127,5
1568148,6
1568168,7
1568196,6
1568216,5
1568245,16
1568264,26
1568289,6
1568315,7
1568345,11
1568365,5
1568385,15
1568409,6
1568430,7
1568461,8
1568491,6
1568522,5
1568542,5
1568564,5
1568582,8
1568615,23
1568647,7
1568672,7
1568699,5
1568734,5
1568758,6
1568774,7
1568798,6
1568825,8
1568858,6
1568881,5
1568903,7
1568929,9
1568953,49
1568984,15
1569011,45
1569035,12
1569063,9
1569087,70
1569120,8
1569150,9
1569182,12
1569206,33
1569232,7
1569269,5
1569284,125
1569307,21
1569333,11
1569359,144
1569381,8
1569402,10
1569418,6
1569446,24
1569466,44
1569500,5
1569531,29
1569556,8
1569585,10
1569614,6
1569635,27
1569656,6
1569692,11
1569722,6
1569755,7
1569786,7
1569812,6
1569837,5
1569863,24
1569895,8
1569927,6
1569950,24
1569973,8
1570006,29
1570034,19
1570049,16
1570067,28
1570091,8
1570118,37
1570136,13
1570155,5
1570186,19
1570208,7
1570235,5
1570267,5
1570298,91
1570326,5
1570352,19
1570378,7
1570413,6
1570443,9
1570471,7
1570498,5
1570521,5
1570541,9
1570570,25
1570601,5
1570624,18
1570648,16
1570674,5
1570702,5
1570717,15
1570755,10
1570778,16
1570807,26
1570831,15452
1570856,5
1570890,5
1570914,11
1570940,5
1570963,16
1570991,16
1571015,5
1571043,7
1571066,5
1571105,26
1571131,47
1571154,15
1571176,5
1571196,67
1571222,36
1571242,10
1571273,9
1571296,29
1571316,26
1571341,5
1571369,5
1571396,11
1571414,5
1571433,5
1571448,19
1571479,7
1571508,27
1571540,15
1571562,6
1571592,7
1571606,5
1571623,5
1571645,11
1571673,21
1571700,13
1571726,9
1571752,109
1571780,8
1571804,239
1571827,6
1571850,12
1571876,7
1571914,7
1571946,5
1571975,7
1571994,8
1572019,6
1572036,6
1572059,7
1572076,6
1572098,42
1572123,6
1572148,5
1572175,24
1572211,9
1572241,5
1572273,13
1572302,5
1572327,13
1572353,9
1572380,5
1572403,51
1572421,5
1572450,17
1572478,18
1572496,29
1572530,14
1572557,5
1572583,5
1572612,6
1572641,5
1572670,5
1572690,8
1572713,6
1572729,5
1572759,53
1572799,7
1572826,10
1572855,12
1572883,6
1572913,37
1572942,712
1572957,5
1572981,6
1573010,5
1573033,5
1573062,9
1573088,23
1573106,12
1573128,6
1573155,66
1573181,9
1573208,151
1573233,30
1573261,47
1573287,9
1573307,5
1573343,7
1573369,37
1573389,7
1573419,5
1573450,8
1573487,27
1573517,14
1573546,10
1573579,18
1573597,11
1573619,12
1573637,26
1573660,9
1573684,13
1573712,5
1573733,5
1573755,56
1573784,7
1573815,6
1573841,8
1573863,5
1573892,114
1573922,7
1573950,6
1573979,17
1574005,8
1574038,5
1574068,6
1574097,42
1574116,6
1574131,48
1574155,5
1574181,7
1574212,19
1574228,5
1574253,10
1574285,5
1574309,5
1574338,9
1574370,17
1574393,8
1574417,6
1574442,5
1574475,5
1574504,5
1574532,74
1574555,7
1574593,5
1574626,26
1574650,7
1574672,9
1574696,325
1574722,27
1574747,7
1574768,5
1574795,10
1574820,22
1574849,13
1574868,39
1574894,13
1574922,14
1574947,17
1574975,6
1575006,7
1575043,255
1575071,16
1575096,6
1575127,45
1575158,11
1575179,16
1575203,6
1575223,8
1575250,31
1575273,16
1575301,5
1575331,5
1575354,8
1575385,11
1575413,7
1575436,9
1575458,8
1575483,9
1575507,6
1575531,6
1575551,11
1575569,5
1575599,5
1575622,6
1575640,8
1575673,5
1575704,5
1575727,5
1575741,73292
1575771,11
1575799,5
1575820,11
1575848,29
1575875,6
1575897,30
1575922,8
1575953,6
1575980,20
1576009,14
1576032,6
1576058,154
1576087,100
1576107,8
1576131,200
1576164,6
1576188,6
1576219,6
1576235,30
1576258,5
1576285,9
1576310,24
1576328,5
1576346,6
1576369,8
1576402,6
1576434,13
1576467,6
1576492,8
1576513,8
1576538,26
1576564,14
1576589,11
1576612,7
1576639,5
1576662,37
1576688,18
1576718,10
1576737,7
1576762,13
1576782,5
1576805,13
1576828,44
1576865,5
1576894,21
1576923,5
1576954,6
1576982,6
1577011,5
1577036,7
1577055,7
1577088,6
1577114,13
1577140,10
1577156,9
1577186,7
1577206,43
1577232,17
1577265,7
1577284,25
1577306,17
1577339,16
1577366,14
1577392,5
1577424,39
1577455,11
1577476,5
1577499,12
1577524,7
1577563,7
1577583,7
1577600,6
1577626,5
1577653,5
1577676,141
1577699,5
1577727,8
1577758,7
1577779,6
1577809,6
1577830,6
1577851,9
1577875,6
1577892,11
1577920,5
1577950,10
1577972,6
1577993,6
1578015,5
1578034,6
1578058,600
1578091,7
1578121,5
1578142,7
1578173,12
1578196,15
1578214,5
1578237,136
1578267,9
1578294,15
1578326,5
1578344,7
1578374,5
1578397,6
1578429,7
1578462,8
1578490,25
1578515,9
1578551,5
1578578,6
1578608,83
1578637,32
1578665,5
1578694,9
1578727,15
1578749,9
1578776,10
1578801,27
1578825,7
1578854,17
1578881,5
1578913,10
1578940,7
1578957,56
1578985,35
1579012,11
1579049,9
1579068,5
1579089,6
1579114,8
1579142,10
1579161,6
1579183,15
1579218,10
1579245,7
1579266,6
1579295,38
1579330,12
1579361,5
1579383,8
1579405,6
1579435,14
1579465,46
1579494,6
1579530,13
1579556,18
1579584,80
1579609,10
1579634,8
1579660,5
1579690,9
1579718,7
1579741,12
1579766,5
1579782,77
1579815,8
1579842,13
1579872,5
1579899,13
1579929,6
1579961,7
1579981,6
1580000,6
1580026,5
1580051,19
1580074,5
1580105,8
1580121,5
1580150,7
1580176,6
1580212,7
1580243,5
1580269,5
1580302,5
1580338,22
1580363,5
1580391,8
1580409,28
1580433,84
1580461,17
1580483,10
1580508,398
1580537,62
1580573,12
1580610,19
1580633,14
1580658,65
1580684,6
1580709,6
1580735,16
1580760,5
1580780,48
1580804,27
1580830,16
1580853,5
1580889,6
1580918,5
1580941,13
1580970,47
1580989,33
1581014,5
1581040,5
1581052,8
1581069,6
1581100,6
1581120,9
1581143,13
1581173,6
1581202,5
1581225,13
1581244,7
1581267,6
1581285,6
1581312,9
1581336,5
1581364,10
1581388,10
1581412,16
1581441,6
1581460,5
1581488,10
1581505,9
1581535,7
1581564,8
1581598,6
1581627,13
1581658,10
1581689,12
1581720,6
1581749,6
1581775,5
1581795,5
1581818,6
1581847,6
1581869,5
1581899,5
1581922,8
1581952,38
1581976,11
1581999,9
1582027,34
1582054,7
1582072,28
1582100,16
1582130,5
1582154,5
1582175,17
1582199,5
1582225,16
1582253,7
1582282,6
1582313,5
1582338,6
1582362,32
1582383,11
1582408,8
1582442,5
1582464,5
1582485,10
1582513,10
1582537,6
1582565,297
1582600,6
1582620,40
1582657,9
1582697,11
1582733,7
1582748,7
1582765,7
1582790,8
1582813,6
1582839,6
1582873,91
1582903,43
1582929,6
1582957,5
1582985,13
1583004,32
1583033,13
1583058,10
1583079,43
1583106,98
1583134,7
1583154,9
1583180,7
1583199,8
1583230,7
1583257,8
1583276,6
1583297,6
1583325,5
1583344,37
1583362,14
1583381,5
1583406,13
1583431,5
1583450,14
1583474,11
1583501,10
1583517,9
1583545,5
1583566,6
1583589,5
1583620,8
1583639,5
1583663,5
1583687,8
1583706,11
1583734,5
1583760,19
1583782,5
1583806,5
1583829,5
1583860,5
1583893,7
1583919,6
1583947,15
1583977,6
1584010,18
1584032,5
1584055,12
1584085,5
1584106,183
1584133,7
1584151,6
1584173,5
1584194,10
1584217,6
1584251,8
1584275,10
1584296,14
1584319,5
1584348,7
1584372,5
1584406,266
1584435,17
1584459,5
1584492,12
1584522,8
1584552,29
1584575,5
1584595,5
1584611,5
1584635,13
1584661,6
1584689,6
1584714,12
1584742,27
1584763,14
1584790,8
1584812,40
1584836,9
1584860,7
1584876,6
1584911,126
1584939,11
1584965,5
1584998,6
1585024,8
1585051,5
1585079,21
1585112,5
1585138,28
1585163,5
1585191,237
1585218,5
1585248,9
1585284,5
1585314,5
1585350,5
1585380,5
1585403,7
1585432,9
1585466,17
1585493,5
1585519,8
1585549,26
1585569,5
1585597,7
1585623,5
1585646,6
1585675,7
1585700,6
1585730,6
1585749,11
1585774,36
1585787,25
1585808,6
1585837,10
1585857,16
1585878,16
1585905,11
1585922,5
1585948,6
1585975,20
1586009,5
1586032,18
1586065,5
1586096,9
1586109,5
1586134,6
1586161,8
1586182,6
1586212,8
1586244,27
1586274,8
1586299,6
1586328,27
1586354,5
1586370,5
1586402,77
1586419,7
1586445,8
1586475,13
1586494,6
1586524,9
1586555,6
1586588,5
1586614,43
1586643,33
1586669,8
1586690,11
1586715,10
1586728,9
1586756,17
1586787,6
1586823,15
1586848,125
1586872,8
1586899,8
1586927,18
1586957,11
1586980,5
1587012,19
1587049,9
1587077,5
1587103,7
1587126,23
1587152,5
1587185,12
1587205,13
1587227,9
1587251,6
1587280,8
1587303,5
1587322,6
1587346,5
1587371,20
1587403,92
1587429,7
1587452,6
1587482,7
1587510,6
1587538,6
1587562,18
1587587,40
1587613,6
1587631,6
1587657,8
1587680,19
1587712,6
1587736,14
1587764,6
1587801,5
1587823,17
1587857,20
1587889,10
1587920,39
1587946,5
1587980,6
1588002,25
1588022,9
1588053,12
1588083,16
1588112,6
1588144,10
1588173,6
1588191,8
1588217,116
1588249,32
1588273,25
1588295,12
1588324,8
1588348,5
1588383,6
1588411,6
1588436,10
1588460,6
1588484,7
1588506,15
1588529,12
1588554,9
1588573,11
1588600,15
1588627,11
1588646,5
1588674,6
1588703,14
1588732,10
1588754,44
1588778,5
1588807,10
1588834,6
1588857,17
1588884,6
1588910,6
1588945,14
1588975,49
1588997,25
1589019,19
1589047,15
1589077,23
1589100,9
1589125,6
1589146,9
1589171,6
1589197,6
1589217,11
1589248,17
1589273,6
1589304,7
1589330,16
1589357,12
1589381,5
1589405,6
1589425,8
1589457,24
1589481,6
1589509,6
1589537,5
1589561,5
1589589,11
1589612,6
1589647,5
1589668,5
1589690,6
1589718,6
1589750,9
1589780,11
1589801,29
1589830,11
1589858,30
1589883,6
1589902,15
1589928,8
1589946,9
1589977,7
1590000,20
1590026,19
1590062,12
1590087,63
1590103,21
1590134,5
1590166,6
1590193,10
1590217,6
1590237,91
1590263,20
1590294,5
1590316,714
1590335,7
1590358,423
1590381,6
1590405,9
1590423,6
1590453,16
1590479,7
1590497,9
1590535,39
1590565,12
1590584,5
1590611,12
1590634,7
1590655,17
1590673,14
1590703,19
1590723,5
1590757,5
1590786,20
1590820,6
1590847,10
1590873,6
1590902,5
1590926,13
1590952,7
1590975,5
1591004,6
1591030,8
1591061,6
1591077,15
1591096,5
1591118,5
1591137,126
1591161,8
1591182,17
1591205,16
1591239,12
1591266,5
1591293,20
1591311,9
1591341,5
1591372,105
1591397,14
1591417,5
1591448,43
1591471,5
1591498,20
1591526,7
1591542,17
1591566,6
1591589,8
1591618,10
1591647,5
1591679,5
1591701,13
1591723,5
1591744,5
1591766,5
1591796,8
1591821,5
1591851,19
1591894,6
1591927,45
1591954,30
1591976,5
1592000,6
1592030,10
1592059,8
1592084,5
1592110,7
1592129,7
1592154,6
1592168,9
1592193,14
1592218,13
1592246,5
1592270,5
1592296,11
1592317,8
1592342,5
1592373,34
1592402,21
1592421,6
1592444,6
1592470,9
1592497,8
1592517,5
1592540,10
1592567,6
1592598,5
1592631,6
1592657,11
1592677,7
1592696,10
1592727,8
1592754,9
1592780,7
1592808,5
1592834,5
1592868,13
1592894,5
1592929,378
1592970,13
1592986,7
1593014,5
1593041,5
1593064,5
1593097,5
1593129,5
1593153,11
1593176,5
1593201,12
1593228,76
1593253,6
1593273,13
1593295,7
1593324,8
1593350,8
1593370,5
1593398,6
1593423,5
1593444,6
1593468,6
1593490,106
1593519,6
1593544,6
1593580,58
1593603,14
1593632,9
1593650,6
1593670,5
1593703,6
1593726,8
1593759,47
1593785,82
1593813,43
1593825,10
1593856,5
1593875,8
1593901,5
1593929,8
1593949,7
1593972,6
1593995,6
1594030,6
1594052,9
1594068,6
1594094,21
1594111,26
1594140,25
1594163,55
1594189,6
1594213,16
1594247,6
1594277,6
1594300,39
1594331,9
1594358,5
1594382,14
1594411,16
1594436,5
1594463,6
1594492,10
1594516,69
1594546,5
1594576,19
1594599,6
1594627,21
1594659,37
1594681,76
1594719,5
1594745,5
1594776,10
1594799,13
1594828,5
1594859,7
1594883,90
1594919,39
1594942,6
1594971,6
1594991,6
1595015,5
1595038,11
1595060,6
1595086,7
1595112,11
1595138,5
1595159,5
1595190,41
1595224,6
1595246,5
1595271,5
1595294,6
1595325,10
1595359,13
1595387,15
1595416,14
1595442,6
1595469,14
1595504,7
1595523,8
1595550,8
1595588,10
1595622,10
1595653,7
1595677,6
1595693,5
1595714,53
1595738,7
1595766,9
1595790,7
1595808,5
1595826,8
1595853,20
1595880,6
1595903,20
1595927,5
1595951,10
1595978,6
1596007,17
1596033,11
1596059,11
1596082,7
1596118,5
1596159,8
1596184,6
1596208,5
1596234,8
1596257,7
1596291,7
1596323,8
1596351,87
1596383,5
1596399,59
1596436,7
1596459,13
1596486,8
1596512,9
1596544,6
1596578,6
1596599,8
1596623,7
1596657,7
1596688,10
1596711,6
1596741,8
1596759,32
1596786,5
1596822,9
1596840,5
1596864,7
1596879,5
1596901,6
1596926,6
1596957,5
1596981,8
1597010,22
1597026,5
1597050,6
1597084,9
1597109,19
1597134,5
1597153,66
1597190,16
1597223,11
1597245,6
1597277,18
1597307,14
1597340,11
1597365,16
1597386,66
1597419,6
1597442,9
1597459,19
1597488,9
1597517,7
1597530,6
1597566,57
1597592,5
1597609,5
1597640,10
1597662,14
1597693,10
1597714,43
1597738,146
1597762,12
1597790,6
1597817,8
1597846,12
1597866,7
1597892,9
1597920,7
1597946,8
1597970,361
1597992,14
1598016,11
1598034,20
1598057,15
1598095,6
1598131,6
1598163,9
1598188,8
1598216,31
1598248,5
1598279,28
1598301,10
1598329,7
1598356,5
1598375,14
1598401,8
1598427,5
1598451,11
1598481,5
1598499,16
1598516,19
1598538,8
1598563,12
1598590,14
1598620,9
1598656,7
1598687,12
1598711,16
1598734,12
1598772,38
1598798,7
1598825,11
1598854,10
1598884,8
1598909,7
1598931,5
1598956,10
1598978,26
1599007,164
1599028,6
1599049,5
1599074,5
1599094,207
1599126,6
1599141,121
1599169,5
1599202,5
1599237,21
1599259,75
1599282,15
1599318,7
1599346,5
1599371,5
1599396,5
1599432,8
1599468,97
1599487,25
1599521,5
1599547,5
1599572,6
1599598,33
1599629,22
1599668,12
1599686,17
1599720,14
1599750,10
1599777,19
1599802,22
1599824,5
1599851,9
1599878,6
1599904,5
1599937,5
1599967,7
1599995,8
1600021,74
1600051,49
1600081,6
1600109,13
1600130,6
1600156,8
1600186,15
1600210,5
1600237,5
1600256,21
1600286,5
1600306,61
1600339,5
1600361,42
1600391,32
1600422,8
1600444,14
1600478,11
1600512,20
1600541,7
1600568,16
1600593,5
1600625,6
1600654,9
1600684,25
1600709,8
1600734,5
1600758,12
1600779,73
1600808,11
1600832,43
1600853,7
1600881,5
1600916,11
1600937,7
1600961,20
1600986,27
1601010,8
1601038,6
1601069,5
1601092,5
1601118,10
1601137,39
1601155,5
1601190,5
1601215,29
1601250,10
1601290,9
1601308,5
1601327,43
1601356,11
1601383,7
1601417,38
1601445,11
1601469,5
1601498,9
1601532,6
1601557,12
1601585,9
1601603,6
1601618,70
1601641,5
1601657,5
1601683,5
1601718,10
1601746,8
1601771,6
1601792,5
1601820,6
1601838,6
1601861,13
1601890,18
1601922,5
1601945,9
1601970,10
1601998,8
1602014,10
1602039,6
1602054,10
1602077,14
1602111,5
1602139,44
1602168,7
1602199,9
1602222,9
1602261,24
1602287,7
1602312,12
1602329,5
1602352,6
1602374,5
1602404,8
1602431,12
1602463,16
1602483,14
1602509,17
1602535,9
1602565,41
1602592,29
1602620,6
1602643,6
1602676,13
1602703,6
1602718,5
1602740,5
1602763,10
1602790,9
1602810,20
1602835,6
1602855,8
1602885,14
1602909,5
1602934,11
1602947,27
1602970,7
1602995,155
1603022,8
1603049,8
1603079,5
1603102,6
1603123,11
1603145,12
1603165,6
1603192,16
1603214,13
1603237,8
1603264,5
1603287,10
1603306,16
1603333,10
1603360,75
1603385,6
1603407,5
1603431,9
1603461,36
1603483,5
1603511,7
1603532,10
1603560,26
1603578,17
1603602,12
1603628,6
1603662,9
1603682,5
1603708,28
1603737,8
1603759,9
1603792,5
1603827,6
1603845,14
1603876,5
1603903,6
1603925,7
1603959,6
1603985,29
1604019,6
1604038,5
1604068,5
1604094,6
1604120,17
1604151,94
1604180,11
1604208,8
1604225,6
1604257,10
1604277,5
1604307,5
1604338,22
1604367,41
1604396,5
1604427,17
1604449,43
1604482,9
1604514,8
1604538,6
1604562,13
1604583,9
1604616,19
1604646,10
1604668,6
1604691,7
1604714,6
1604750,752
1604775,14
1604800,12
1604821,5
1604853,5
1604886,10
1604905,27
1604926,6
1604961,6
1604992,12
1605014,9
1605044,79
1605066,7
1605090,6
1605117,7
1605136,7
1605159,6
1605181,5
1605201,5
1605227,5
1605252,6
1605279,9
1605313,5
1605342,7
1605368,7
1605391,8
1605417,5
1605435,51
1605456,9
1605480,5
1605506,5
1605534,9
1605555,8
1605574,181
1605597,10
1605623,10
1605646,8
1605669,9
1605692,10
1605718,20
1605746,5
1605772,402
1605793,23
1605819,5
1605846,44
1605868,5
1605889,24
1605913,5
1605950,6
1605979,15
1606009,7
1606039,320
1606067,23
1606100,6
1606126,5
1606147,5
1606172,8
1606196,8
1606221,9
1606251,8
1606270,14
1606302,5
1606329,25
1606357,6
1606377,8
1606402,17
1606430,7
1606459,16
1606480,11
1606505,24
1606529,28
1606560,5
1606582,10
1606600,7
1606623,995
1606654,5
1606684,5
1606714,118
1606745,5
1606772,29
1606802,5
1606832,104
1606854,5
1606875,6
1606900,6
1606921,14
1606938,6
1606968,8
1606994,11
1607026,3564
1607053,11
1607076,8
1607100,5
1607120,5
1607139,15
1607158,9
1607187,5
1607212,8
1607240,7
1607266,12
1607297,18
1607319,8
1607349,13
1607380,5
1607411,30
1607441,10
1607462,7
1607484,12
1607510,137
1607532,10
1607555,6
1607586,11
1607612,7
1607635,5
1607660,35
1607681,8
1607712,55
1607729,39
1607753,15
1607787,31
1607818,5
1607851,8
1607878,16
1607906,12
1607922,10
1607954,64
1607976,10
1608007,7
1608028,12
1608050,5
1608076,15
1608106,6
1608125,8
1608147,13
1608170,8
1608197,42
1608221,5
1608248,8
1608278,11
1608310,22
1608339,10
1608365,50
1608394,7
1608417,8
1608441,15
1608464,69
1608498,13
1608525,8
1608554,7
1608575,14
1608592,8
1608616,10
1608640,32
1608662,5
1608692,38
1608717,8
1608750,5
1608782,5
1608811,7
1608839,7
1608871,49
1608898,14
1608925,5
1608950,15
1608977,15
1609004,27
1609025,12
1609049,9
1609080,7
1609110,15
1609131,6
1609165,6
1609188,5
1609218,22
1609245,21
1609274,26
1609300,8
1609327,9
1609368,5
1609391,10
1609415,18
1609445,6
1609473,6
1609503,5
1609533,6
1609561,8
1609588,7
1609625,36
1609652,6
1609686,15
1609715,21
1609742,7
1609766,388
1609788,9
1609809,10
1609839,47
1609859,48
1609887,8
1609906,7
1609930,5
1609967,5
1610004,11
1610026,6
1610051,10
1610077,63
1610100,16
1610131,13
1610157,6
1610190,5
1610220,41
1610249,8
1610275,16
1610299,6
1610333,68
1610367,94
1610389,17
1610413,30
1610443,8
1610472,5
1610494,14
1610526,5
1610564,11
1610582,307
1610617,6317
1610637,9
1610661,12
1610682,20
1610709,5
1610738,11
1610759,27
1610786,5
1610814,36
1610841,44
1610864,5
1610888,5
1610911,8
1610930,8
1610967,5
1610993,10
1611022,10
1611055,39
1611075,23
1611104,6
1611127,5
1611151,29
1611182,9
1611210,308
1611239,28
1611262,5
1611285,17
1611302,8
1611328,17
1611356,11
1611386,20
1611404,10
1611425,56
1611457,12
1611486,16
1611510,8
1611536,29
1611560,86
1611583,7
1611605,8
1611625,5
1611655,6
1611681,5
1611712,15
1611734,10
1611753,18
1611768,15
1611797,5
1611822,7
1611841,13
1611866,11
1611894,5
1611920,5
1611951,518
1611995,9
1612015,8
1612039,5
1612071,7
1612099,19
1612131,5
1612164,11
1612193,6
1612229,21
1612250,5
1612281,7
1612308,10
1612337,9
1612355,7
1612376,5
1612404,5
1612426,11
1612454,25
1612478,5
1612505,6
1612524,20
1612551,14
1612575,7
1612597,47
1612639,5
1612661,7
1612687,18
1612717,10
1612743,6
1612764,29
1612787,27
1612810,23
1612823,5
1612843,8
1612874,9
1612896,6
1612931,11
1612960,5
1612992,10
1613023,5
1613053,6
1613077,9
1613099,5
1613130,6942
1613161,5
1613184,7
1613207,29
1613234,8
1613259,6
1613279,5
1613314,294
1613347,6
1613369,42
1613392,6
1613416,22
1613447,12
1613472,13
1613490,6
1613516,7
1613544,12
1613568,8
1613602,9
1613622,5
1613648,9
1613672,18
1613696,19
1613731,5
1613752,5
1613773,5
1613799,5
1613824,13
1613853,19
1613876,9
1613898,6
1613922,6
1613952,31
1613982,6
1614007,23
1614021,6
1614048,5
1614079,6
1614106,6
1614138,45
1614184,7
1614202,5
1614227,22
1614252,14
1614276,5
1614309,26
1614324,6
1614351,15
1614368,8
1614405,30
1614428,5
1614447,5
1614476,11
1614504,5
1614526,9
1614547,14
1614570,8
1614597,16
1614617,5
1614643,14
1614671,23
1614699,21
1614724,11
1614748,21
1614772,8
1614799,5
1614817,7
1614846,5
1614863,14
1614889,9
1614916,8
1614933,30
1614954,5
1614975,13
1615002,6
1615027,8
1615051,11
1615087,8
1615116,7
1615139,6
1615164,5
1615189,5
1615212,5
1615242,10
1615275,7
1615294,45
1615312,8
1615343,12
1615370,8
1615389,9
1615412,6
1615441,5
1615469,5
1615498,6
1615518,6
1615547,6
1615569,9
1615597,5
1615615,147
1615637,121
1615663,10
1615690,5
1615714,5
1615739,12
1615762,5
1615790,7
1615820,5
1615839,6
1615872,23
1615891,5
1615906,24
1615938,12
1615973,7
1615994,11
1616026,5
1616052,5
1616081,6
1616103,6
1616122,10
1616155,6
1616182,7
1616214,5
1616236,16
1616264,19
1616291,15
1616321,10
1616347,27
1616373,9
1616413,9
1616440,5
1616465,5
1616491,5
1616521,6
1616544,6
1616576,6
1616595,30
1616622,9
1616649,5
1616683,5
1616700,9
1616725,5
1616755,12
1616776,36
1616804,5
1616834,5
1616854,5
1616884,6
1616921,15
1616955,7
1616984,8
1617002,18
1617038,5
1617070,5
1617097,7
1617134,12
1617148,6
1617166,5
1617191,10
1617213,6
1617234,15
1617257,10
1617293,5
1617325,16
1617362,5
1617382,23
1617415,14
1617439,69
1617458,5
1617481,7
1617511,9
1617536,5
1617553,6
1617571,497
1617590,8
1617616,6
1617637,8
1617665,20
1617692,5
1617712,5
1617738,5
1617761,21
1617796,6
1617827,8
1617849,6
1617877,5
1617903,5
1617925,41
1617945,5
1617972,8
1617993,6
1618022,17
1618057,5
1618087,5
1618112,39
1618139,6
1618166,5
1618196,14
1618220,11
1618251,39
1618276,5
1618302,5
1618322,21
1618356,22
1618382,7
1618411,8
1618429,10
1618456,5
1618478,6
1618514,40
1618548,5
1618578,5
1618602,6
1618624,127
1618655,9
1618683,11
1618697,7
1618726,9
1618745,12
1618770,5
1618797,34
1618824,14
1618849,17
1618879,31
1618906,20
1618938,7
1618974,9
1619002,35
1619035,5
1619061,21
1619094,5
1619119,7
1619143,5
1619177,13
1619205,5
1619228,6
1619255,5
1619278,8
1619313,7
1619332,8
1619352,23
1619380,10
1619399,28
1619434,5
1619457,7
1619482,8
1619512,5
1619548,20
1619575,5
1619594,8
1619624,24
1619638,6
1619663,5
1619697,11
1619719,9
1619742,7
1619761,7
1619785,6
1619815,6
1619834,16
1619856,25
1619884,8
1619909,6
1619940,13
1619965,5
1619992,5
1620024,6
1620048,16
1620073,10
1620095,8
1620119,10
1620141,8
1620164,5
1620193,6
1620222,8
1620249,10
1620274,8
1620288,6
1620307,9
1620327,9
1620348,6
1620370,26
1620396,5
1620422,5
1620446,7
1620488,6
1620507,6
1620533,5
1620563,13
1620582,24
1620604,14
1620632,25
1620660,6
1620691,6
1620711,7
1620740,8
1620767,5
1620787,11
1620814,5
1620841,5
1620869,7
1620893,13
1620908,11
1620939,10
1620966,6
1621002,62
1621027,6
1621051,34
1621069,25
1621100,15
1621129,19
1621164,8
1621191,7
1621213,25
1621244,8
1621272,8
1621298,5
1621318,7
1621346,14
1621368,10
1621390,5
1621408,9
1621430,5
1621456,5
1621484,7
1621506,5
1621532,6
1621562,10
1621584,6
1621613,8
1621645,6
1621676,8
1621702,13
1621724,5
1621747,22
1621771,8
1621798,70
1621815,5
1621843,5
1621866,7
1621888,5
1621910,7
1621939,7
1621956,24
1621981,10
1622007,12
1622024,8
1622049,10
1622085,5
1622103,14
1622123,17
1622163,9
1622196,8
1622226,10
1622251,24
1622283,18
1622312,5
1622337,7
1622372,8
1622406,6
1622430,18
1622462,5
1622493,24
1622518,5
1622552,5
1622581,13
1622601,5
1622629,5
1622664,5
1622691,12
1622715,22
1622746,5
1622776,12
1622806,5
1622829,7
1622850,24
1622870,12
1622898,5
1622921,6
1622946,253
1622972,5
1623003,5
1623034,7
1623057,6
1623075,41
1623099,803
1623121,8
1623141,194
1623173,7
1623191,9
1623214,8
1623240,49
1623263,25
1623286,6
1623314,6
1623349,12
1623378,13
1623407,5
1623428,5
1623459,8
1623471,10
1623495,23
1623517,7
1623552,7
1623586,6
1623615,5
1623636,5
1623661,135
1623687,6
1623708,21
1623729,8
1623766,6
1623794,18
1623813,7
1623839,87
1623869,14
1623894,6
1623925,5
1623951,34
1623981,7
1624011,42
1624037,9
1624062,7
1624083,10
1624116,6
1624144,34
1624172,52
1624194,45
1624217,35
1624249,7
1624273,33
1624302,95
1624328,8
1624348,5
1624376,123
1624398,10
1624422,5
1624451,9
1624481,7
1624510,30
1624542,61
1624574,59
1624600,6
1624622,17
1624646,5
1624665,6
1624687,5
1624709,40
1624738,12
1624759,7
1624785,5
1624813,8
1624844,6
1624867,8
1624892,5
1624910,6
1624926,5
1624950,7
1624979,23
1625004,7
1625029,14
1625049,18
1625067,14
1625094,23
1625117,5
1625144,11
1625174,5
1625190,14
1625216,16
1625234,12
1625259,7
1625285,7
1625301,49
1625320,5
1625351,6
1625383,79
1625415,8
1625448,13
1625470,5
1625500,6
1625539,7
1625560,7
1625589,10
1625616,5
1625637,6
1625663,6
1625688,9
1625716,8
1625744,6
1625770,11
1625800,9
1625826,21
1625850,25
1625869,9
1625893,9
1625913,6
1625939,5
1625971,25
1626002,16
1626023,5
1626051,18
1626078,7
1626101,63
1626133,5
1626158,23
1626183,11
1626228,10
1626256,9
1626287,107
1626309,14
1626333,7
1626361,7
1626400,8
1626422,5
1626448,9
1626473,6
1626495,61
1626522,14
1626545,15
1626576,8
1626605,5
1626627,5
1626657,11
1626679,11
1626715,29
1626741,7
1626759,17
1626782,23
1626808,5
1626823,5
1626844,14
1626872,6
1626905,8
1626927,9
1626941,8
1626977,9
1626995,16
1627023,5
1627051,7
1627080,5
1627106,9
1627135,8
1627161,5
1627195,6
1627213,6
1627235,8
1627268,183
1627290,9
1627318,7
1627335,107
1627366,6
1627399,41
1627422,5
1627452,6
1627481,17
1627498,7
1627527,19
1627551,6
1627584,5
1627608,8
1627635,6
1627656,39
1627674,5
1627693,5
1627718,11
1627738,5
1627768,6
1627789,5
1627826,11
1627864,35
1627889,16
1627917,12
1627935,31
1627964,9
1627987,582
1628013,8
1628046,7
1628071,6
1628091,10
1628114,26
1628136,8
1628166,6
1628193,5
1628212,5
1628230,10
1628265,25
1628293,9
1628320,11
1628351,5
1628377,8
1628404,6
1628438,11
1628462,86
1628483,141
1628503,6
1628528,7
1628557,6
1628582,5
1628603,11
1628626,7
1628658,7
1628679,10
1628707,10
1628739,7
1628769,12
1628790,7
1628806,7
1628828,11
1628855,5
1628872,5
1628898,10
1628924,5
1628943,31
1628973,10
1628994,14
1629016,16
1629044,7
1629072,6
1629093,7
1629123,9
1629153,11
1629185,9
1629208,8
1629228,5
1629254,6
1629274,9
1629299,24
1629327,5
1629353,6
1629373,6
1629399,6
1629427,8
1629454,20
1629482,11
1629499,6
1629521,6
1629551,8
1629573,9
1629593,8
1629620,5
1629650,5
1629672,9
1629698,5
1629726,15
1629749,9
1629772,8
1629788,5
1629819,5
1629841,8
1629869,13
1629892,11
1629915,34
1629947,51
1629968,11
1629997,16
1630014,11
1630039,7
1630075,5
1630109,7
1630132,55
1630161,33
1630188,6
1630204,5
1630243,29
1630269,5
1630298,8
1630327,5
1630354,40
1630388,5
1630412,5
1630435,6
1630465,5
1630491,17
1630521,25
1630552,15
1630572,10
1630602,50
1630634,78
1630656,11
1630684,18
1630708,6
1630732,14
1630759,25
1630784,5
1630810,44
1630828,6
1630858,36
1630879,6
1630909,9
1630926,5
1630952,11
1630981,10
1631003,12
1631034,8
1631055,17
1631081,5
1631103,5
1631128,6
1631164,5
1631190,12
1631207,7
1631229,6
1631249,8
1631274,6
1631298,6
1631323,5
1631351,6
1631388,75
1631417,9
1631446,5
1631473,523
1631494,14
1631520,9
1631556,87
1631579,40
1631602,11
1631623,48
1631649,5
1631672,6
1631708,7
1631737,7
1631762,5
1631781,6
1631802,15
1631818,5
1631844,5
1631871,5
1631892,36
1631911,6
1631942,40
1631963,18
1631987,5
1632005,5
1632026,6
1632050,18
1632077,15
1632101,27
1632128,8
1632150,36
1632169,5
1632213,16
1632235,5
1632265,6
1632284,5
1632306,5
1632327,7
1632346,19
1632370,13
1632396,13
1632417,6
1632447,6
1632479,30
1632504,5
1632534,7
1632562,6
1632581,7
1632601,13
1632626,106
1632656,6
1632681,7
1632711,9
1632737,7
1632770,9
1632796,9
1632814,5
1632828,5
1632851,8
1632885,10
1632909,5
1632937,7
1632962,5
1632980,5
1633008,5
1633038,8
1633055,6
1633083,14
1633110,6
1633144,6
1633168,5
1633201,5
1633220,6
1633244,92
1633268,12
1633295,6
1633319,5
1633346,6
1633370,24
1633389,9
1633409,7
1633430,295
1633461,5
1633479,7
1633499,5
1633534,7
1633558,7
1633590,23
1633609,9
1633637,14
1633660,11
1633679,17
1633705,51
1633729,6
1633752,7
1633786,7
1633811,10
1633839,6
1633862,31
1633896,10
1633923,6
1633948,7
1633980,7
1634003,75
1634034,6
1634050,5
1634077,5
1634100,9
1634126,6
1634158,7
1634185,11
1634207,15
1634229,5
1634257,16
1634287,11
1634309,17
1634336,12
1634363,6
1634390,5
1634417,7
1634443,34
1634465,14
1634498,47
1634524,6
1634557,12
1634575,13
1634603,6
1634631,6
1634652,10
1634677,6
1634716,18
1634737,13
1634769,6
1634797,5
1634825,9
1634852,9
1634878,11
1634907,12
1634940,7
1634974,5
1634996,7
1635022,9
1635057,13
1635088,7
1635104,8
1635124,7
1635148,5
1635179,18
1635205,15
1635233,8
1635267,5
1635288,90
1635312,28
1635339,6
1635359,31
1635396,12
1635427,5
1635455,12
1635486,78
1635514,5
1635541,25
1635561,5
1635596,7
1635620,5
1635641,10
1635662,9
1635694,7
1635721,14
1635756,12
1635788,5
1635812,17
1635839,5
1635866,6
1635881,10
1635906,5
1635934,7
1635958,5
1635986,245
1636007,106
1636032,5
1636071,7
1636092,78
1636120,32
1636151,6
1636176,6
1636194,17
1636218,5
1636243,5
1636274,5
1636296,6
1636321,5
1636341,6
1636365,37
1636391,7
1636418,8
1636448,26
1636474,5
1636502,5
1636529,5
1636559,169
1636585,5
1636614,10
1636645,10
1636664,5
1636685,41
1636712,5
1636740,5
1636768,7
1636797,12
1636823,7
1636843,6
1636870,18
1636896,10
1636923,6
1636949,5
1636972,51
1637001,9
1637028,23
1637062,18
1637086,6
1637120,10
1637143,5
1637171,6
1637204,9
1637230,8
1637257,7
1637288,24
1637310,8
1637340,22
1637369,5
1637405,13
1637435,5
1637468,31
1637496,10
1637526,23
1637554,9
1637579,217
1637608,19
1637631,6
1637658,5
1637684,16
1637712,23
1637741,13
1637767,5
1637780,5
1637806,363
1637837,11
1637865,5
1637892,5
1637918,19
1637956,6
1637983,104
1638010,5
1638040,5
1638065,109
1638089,5
1638120,5
1638143,11
1638163,6
1638184,9
1638218,5
1638239,9
1638263,8
1638284,12
1638306,6
1638335,9
1638359,6
1638378,6
1638398,362
1638421,9
1638450,5
1638472,23
1638495,7
1638523,46
1638550,5
1638570,12
1638593,6
1638614,13
1638649,6
1638679,43
1638700,82
1638723,76
1638757,6
1638777,16
1638806,11
1638828,8
1638847,40
1638877,9
1638896,8
1638931,9
1638963,8
1638997,5
1639018,16
1639045,7
1639074,95
1639098,68
1639120,5
1639142,9
1639167,13
1639192,5
1639216,18
1639237,407
1639269,5
1639293,5
1639321,7
1639349,7
1639370,11
1639392,5
1639406,20
1639434,21
1639456,22
1639482,14
1639502,57
1639523,9
1639547,14
1639578,46
1639606,128
1639643,15
1639658,7
1639691,30
1639718,9
1639747,5
1639771,20
1639801,6
1639832,216
1639858,10
1639887,41
1639915,22
1639940,5
1639965,7
1639988,10
1640013,12
1640036,5
1640066,9
1640097,11
1640133,5
1640162,23
1640185,5
1640210,6
1640226,6
1640256,8
1640292,5
1640323,8
1640345,5
1640367,8
1640386,6
1640410,13
1640437,7
1640458,12
1640493,14
1640514,8
1640534,7
1640563,23
1640580,12
1640595,9
1640623,5
1640651,14
1640685,8
1640716,19
1640743,6
1640772,6
1640796,9
1640823,8
1640846,8
1640861,25
1640881,13
1640898,13
1640924,8
1640951,6
1640985,7
1641008,14
1641026,6
1641057,6
1641094,5
1641117,47
1641140,5
1641166,15
1641201,14
1641222,146
1641245,5
1641269,5
1641298,6
1641325,5
1641352,14
1641381,46
1641402,10
1641427,9
1641454,8
1641478,35
1641501,5
1641526,14
1641546,5
1641570,6
1641588,5
1641619,8
1641640,6
1641667,10
1641697,9
1641724,7
1641754,6
1641787,5
1641812,12
1641843,20
1641875,8
1641905,7
1641930,7909
1641957,38
1641983,11
1642012,20
1642034,9
1642060,9
1642080,6
1642107,5
1642128,5
1642155,9
1642179,5
1642203,5
1642224,47
1642247,5
1642275,14
1642311,5
1642337,12
1642370,5
1642398,49
1642423,5
1642454,5
1642471,110
1642495,8
1642526,18
1642552,10
1642583,8
1642614,8
1642644,27
1642669,8
1642697,5
1642718,10
1642743,10
1642761,43
1642787,11
1642817,7
1642854,9
1642883,9
1642911,9
1642946,5
1642979,21
1642993,10
1643011,22
1643030,6
1643043,5
1643070,6
1643099,22
1643124,7
1643152,6
1643175,6
1643202,5
1643220,6
1643239,11
1643267,6
1643306,8
1643330,5
1643359,9
1643378,9
1643402,11
1643429,6
1643456,19
1643478,5
1643507,5
1643530,10
1643551,11
1643572,5
1643599,5
1643623,5
1643648,13
1643672,8
1643701,5
1643728,7
1643752,72
1643789,5
1643812,45
1643830,6
1643852,40
1643877,12
1643902,32
1643936,25
1643965,5
1643986,7
1644009,5
1644030,10
1644053,7
1644079,39
1644108,19
1644127,5
1644152,16
1644180,9
1644202,10
1644225,8
1644254,5
1644273,17
1644296,13
1644324,6
1644350,8
1644377,14
1644392,6
1644410,24
1644437,5
1644463,8
1644489,6
1644516,5
1644539,8
1644572,50
1644596,19
1644624,8
1644655,5
1644681,6
1644707,9
1644737,6
1644765,14
1644794,5
1644818,5
1644836,9
1644854,12
1644894,5
1644921,8
1644953,9
1644977,7
1644997,5
1645032,19
1645053,9
1645073,5
1645101,63
1645131,9
1645161,7
1645186,7
1645209,15
1645231,8
1645266,62
1645297,29
1645330,5
1645357,32
1645379,22
1645405,8
1645437,5
1645458,12
1645487,8
1645508,7
1645527,6
1645557,5
1645581,124
1645608,6
1645631,25
1645648,12
1645675,7
1645706,6
1645728,8
1645754,14
1645783,6
1645807,5
1645833,7
1645850,7
1645883,132
1645918,6
1645940,7
1645963,520
1646003,20
1646023,96
1646050,10
1646069,5
1646081,6
1646110,8
1646136,12
1646167,7
1646186,90
1646216,7
1646238,10
1646262,31
1646278,5
1646303,5
1646328,23
1646350,23
1646374,9
1646403,7
1646429,17
1646446,89
1646464,8
1646488,87
1646515,8
1646533,24
1646559,5
1646592,5
1646622,11
1646646,8
1646671,10
1646693,8
1646719,5
1646754,9
1646783,6
1646803,8
1646833,15
1646863,5
1646886,178
1646907,8
1646925,216
1646951,9
1646978,23
1647007,7
1647033,11
1647061,26
1647083,8
1647111,6
1647133,21
1647161,9
1647181,20
1647202,7
1647229,9
1647251,31
1647285,6
1647305,7
1647338,10
1647360,7
1647391,5
1647419,10
1647440,10
1647470,11
1647495,5
1647520,127
1647552,5
1647571,5
1647598,24
1647629,5
1647652,79
1647677,8
1647706,7
1647736,12
1647763,7
1647780,19
1647806,15
1647832,5
1647859,5
1647884,6
1647905,5
1647938,32
1647958,6
1647982,8
1648003,10
1648030,5
1648053,13
1648077,5
1648107,6
1648133,6
1648164,5
1648196,5
1648222,13
1648253,20
1648280,5
1648301,5
1648332,5
1648365,9
1648394,5
1648418,7
1648432,8
1648456,5
1648485,17
1648512,6
1648532,8
1648550,17
1648575,8
1648597,11
1648623,6
1648659,41
1648681,9
1648713,5
1648740,93
1648770,13
1648791,6
1648816,5
1648835,329
1648862,5
1648896,5
1648918,6
1648944,5
1648969,8
1648992,7
1649022,5
1649046,5
1649076,7
1649097,7
1649129,7
1649151,6
1649181,8
1649214,5
1649236,5
1649255,35
1649281,47
1649309,5
1649340,5
1649362,9
1649384,9
1649412,7
1649445,39
1649470,6
1649493,7
1649515,10
1649538,43
1649567,5
1649600,11
1649634,16
1649658,6
1649686,15
1649708,46
1649728,5
1649752,40
1649780,6
1649811,6
1649837,5
1649863,5
1649887,9
1649918,6
1649950,8
1649984,35
1650008,5
1650027,12
1650062,10
1650091,5
1650125,21
1650148,10
1650180,10
1650207,9
1650236,32
1650260,6
1650284,11
1650308,11
1650335,5
1650361,31
1650378,5
1650409,17
1650432,5
1650462,5
1650488,16
1650513,10
1650543,6
1650568,256
1650592,6
1650618,9
1650635,6
1650660,5
1650686,39
1650717,27
1650744,5
1650774,7
1650803,20
1650832,7
1650852,8
1650883,5
1650909,5
1650941,35
1650973,15
1651003,47
1651026,7
1651043,5
1651062,6
1651090,5
1651109,6
1651136,19
1651161,15
1651192,7
1651216,5
1651241,17
1651264,19
1651287,6
1651319,12
1651345,9
1651365,16
1651380,11
1651411,5
1651437,144
1651464,7
1651493,6
1651515,9
1651539,9
1651571,16
1651608,10
1651640,8
1651668,11
1651693,16
1651727,6
1651755,13
1651791,6
1651816,7
1651846,6
1651882,14
1651913,21
1651939,52
1651958,5
1651992,21
1652022,20
1652052,12
1652073,7
1652102,8
1652126,29
1652154,6
1652177,6
1652204,5
1652231,6
1652262,16
1652290,19
1652321,5
1652348,17
1652375,10
1652406,6
1652434,17
1652455,5
1652480,6
1652512,15
1652542,13
1652576,15
1652608,30
1652640,5
1652668,7
1652689,8
1652712,7
1652738,8
1652770,7
1652801,5
1652828,6
1652852,652
1652877,26
1652902,8
1652932,9
1652954,15
1652976,17
1652997,8
1653030,13
1653050,12
1653073,20
1653095,5
1653119,5
1653147,6
1653175,5
1653204,5
1653225,9
1653249,5
1653270,5
1653293,6
1653308,16
1653328,14
1653362,6
1653387,5
1653416,5
1653448,16
1653469,36
1653509,11
1653538,5
1653563,6
1653593,7
1653610,10
1653647,8
1653682,6
1653702,9
1653720,6
1653744,5
1653772,53
1653793,5
1653819,11
1653849,10
1653876,5
1653902,13
1653923,5
1653945,5
1653962,7
1653990,9
1654010,35
1654047,5
1654069,5
1654094,5
1654119,5
1654145,7
1654170,16
1654195,8
1654220,5
1654239,8
1654271,7
1654297,10
1654318,5
1654343,24
1654369,17
1654401,12
1654423,5
1654455,5
1654470,10
1654496,20
1654525,5
1654552,6
1654575,6
1654600,5
1654622,7
1654641,5
1654673,23
1654702,9
1654729,5
1654759,7
1654785,5
1654810,12
1654838,33
1654865,31
1654893,15
1654932,6
1654947,5
1654972,8
1655000,14
1655023,11
1655047,11
1655068,5
1655088,23
1655110,8
1655129,12
1655163,5
1655185,19
1655207,7
1655243,5
1655261,27
1655290,107
1655310,10
1655332,9
1655349,6
1655379,11
1655400,5
1655426,5
1655452,5
1655479,8
1655494,7
1655515,31
1655541,7
1655579,11
1655615,5
1655645,6
1655671,5
1655698,7
1655721,5
1655751,5
1655771,5
1655803,22
1655836,5
1655860,5
1655897,9
1655931,5
1655957,6
1655973,8
1656000,10
1656024,6
1656049,53
1656086,36
1656112,6
1656138,10
1656163,55
1656201,16
1656228,747
1656258,10
1656279,5
1656310,9
1656339,5
1656354,10
1656374,6
1656402,17
1656427,10
1656459,73
1656491,23
1656522,8
1656541,7
1656563,5
1656581,9
1656611,5
1656644,5
1656663,5
1656691,6
1656715,9
1656744,13
1656770,6
1656794,36
1656817,5
1656841,21
1656865,7
1656890,6
1656918,5
1656955,7
1656993,13
1657027,11
1657057,5
1657087,10
1657104,9
1657126,62
1657156,6
1657183,23
1657214,16
1657234,11
1657257,45
1657289,5
1657316,7
1657343,6
1657376,6
1657407,25
1657428,6
1657455,7
1657489,7
1657514,8
1657543,20
1657564,7
1657587,5
1657615,5
1657637,8
1657661,8
1657689,5
1657712,19
1657746,18
1657768,10
1657795,6
1657827,41
1657854,13
1657879,9
1657905,5
1657926,8
1657954,10
1657976,9
1658006,6
1658030,187
1658055,5
1658075,53
1658103,10
1658132,6
1658165,16
1658183,9
1658209,6
1658238,5
1658274,27
1658308,5
1658338,6
1658367,9
1658387,8
1658417,20
1658435,7
1658466,11
1658493,5
1658526,7
1658552,17
1658579,6
1658602,5
1658635,36
1658664,6
1658687,7
1658711,6
1658738,5
1658767,5
1658794,5
1658823,17
1658842,6
1658873,5
1658908,7
1658931,6
1658953,6
1658979,5
1659009,70
1659042,7
1659068,5
1659102,6
1659128,5
1659156,9
1659183,6
1659206,74
1659230,13
1659261,8
1659283,8
1659306,7
1659329,6
1659345,8
1659369,9
1659397,8
1659421,43
1659456,9
1659481,6
1659505,10
1659524,19
1659558,5
1659591,42
1659610,24
1659638,5
1659651,7
1659673,16
1659698,5
1659731,6
1659759,8
1659787,5
1659810,5
1659835,5
1659865,58
1659890,64
1659921,8
1659945,5
1659977,5
1660005,11
1660028,25
1660048,20
1660069,5
1660085,6
1660119,11
1660152,5
1660185,7
1660215,24
1660239,8
1660262,8
1660284,8
1660313,25
1660344,13
1660369,11
1660394,10
1660414,5
1660440,8
1660466,5
1660498,6
1660529,7
1660553,14
1660591,5
1660615,8
1660638,13
1660659,7
1660692,5
1660723,22
1660752,5
1660780,5
1660805,11
1660829,7
1660861,5
1660875,16
1660900,16
1660926,7
1660955,18
1660990,73
1661019,14
1661040,9
1661067,8
1661094,30
1661116,5
1661139,11
1661156,14
1661180,9
1661209,156
1661232,14
1661253,15
1661282,11
1661319,5
1661345,14
1661373,27
1661405,15
1661425,5
1661441,5
1661478,19
1661505,7
1661528,7
1661560,49
1661593,7
1661620,5
1661644,9
1661671,43
1661687,11
1661711,8
1661736,8
1661761,610
1661783,6
1661816,199
1661843,6
1661867,5
1661893,6
1661924,6
1661944,5
1661988,25
1662029,17
1662061,8
1662091,17
1662121,5
1662142,10
1662163,49
1662188,23
1662220,24
1662243,23
1662268,11
1662293,5
1662308,23
1662341,28
1662356,5
1662381,23
1662417,5
1662441,10
1662459,13
1662483,14
1662509,11
1662539,13
1662559,14
1662590,10
1662614,188
1662644,5
1662658,7
1662684,37
1662710,80
1662734,6
1662766,15
1662797,6
1662829,5
1662848,33
1662873,6
1662900,25
1662923,6
1662955,14
1662978,6
1663007,15
1663036,6
1663067,5
1663089,5
1663115,5
1663136,8
1663166,27
1663192,34
1663213,8
1663237,5
1663260,24
1663281,5
1663309,36
1663340,7
1663362,9
1663386,7
1663410,6
1663438,9
1663456,15
1663479,14
1663501,16
1663528,2461
1663551,6
1663582,20
1663603,5
1663625,5
1663649,5
1663675,7
1663700,6
1663721,11
1663743,31
1663769,6
1663805,5
1663838,53
1663866,7
1663893,5
1663919,23
1663946,5
1663974,7
1663997,6
1664036,6
1664059,8
1664078,26
1664101,15
1664124,6
1664152,18
1664174,24
1664202,5
1664224,6
1664254,18
1664282,12
1664315,7
1664346,5
1664373,8
1664396,60
1664421,6
1664451,5
1664472,5
1664502,7
1664520,5
1664551,11
1664576,6
1664597,41
1664622,5
1664644,6
1664668,6
1664685,5
1664704,128
1664726,6
1664754,50
1664780,6
1664809,6
1664839,6
1664862,29
1664883,5
1664902,9
1664925,7
1664954,10
1664978,8
1665001,8
1665027,5
1665062,5
1665084,333
1665108,9
1665134,5
1665164,5
1665194,605
1665215,8
1665243,5
1665273,5
1665319,5
1665347,6
1665370,12
1665391,8
1665417,8
1665442,8
1665469,10
1665501,13
1665523,5
1665548,20
1665571,16
1665595,6
1665622,7
1665651,7
1665679,24
1665702,7
1665730,62
1665761,7
1665786,5
1665810,8
1665829,30
1665859,16
1665890,27
1665915,8
1665942,21
1665974,6
1666000,16
1666023,5
1666052,33
1666083,8
1666109,8
1666141,98
1666164,23
1666191,5
1666212,6
1666234,5
1666264,5
1666282,12
1666308,5
1666334,11
1666358,10
1666381,8
1666406,6
1666437,8
1666455,10
1666484,10
1666509,8
1666527,10
1666564,17
1666592,8
1666619,7
1666645,89
1666673,6
1666704,8
1666739,9
1666759,6
1666789,86
1666819,6
1666846,6
1666873,122
1666898,5
1666920,5
1666941,6
1666964,8
1666993,26
1667009,6
1667048,5
1667079,5
1667108,5
1667141,13
1667166,106
1667195,10
1667219,6
1667238,13
1667267,8
1667296,5
1667324,7
1667354,7
1667387,10
1667417,6
1667448,5
1667478,5
1667503,51
1667520,7
1667550,7
1667574,11
1667598,7
1667625,13
1667644,29
1667666,7
1667685,9
1667712,5
1667740,5
1667766,5
1667798,7
1667822,25
1667844,10
1667875,47
1667904,16
1667936,6
1667965,8
1667984,5
1668005,5
1668033,6
1668059,5
1668084,10
1668109,39
1668131,7
1668166,5
1668189,23
1668208,7
1668241,5
1668265,14
1668291,5
1668317,6
1668339,7
1668365,5
1668390,5
1668416,6
1668435,5
1668456,8
1668488,33
1668508,17
1668540,5
1668566,12
1668594,5
1668617,5
1668645,42
1668674,6
1668695,5
1668715,7
1668732,6
1668768,6
1668794,5
1668813,5
1668840,45
1668866,5
1668893,7
1668924,27
1668948,23
1668981,5
1669000,12
1669022,5
1669044,9
1669070,5
1669096,25
1669122,5
1669158,8
1669185,6
1669212,13
1669226,18
1669254,6
1669278,6
1669311,5
1669343,5
1669373,5
1669403,6
1669426,11
1669456,6
1669485,9
1669517,49
1669547,8
1669575,6
1669603,5
1669630,11
1669651,5
1669674,22
1669705,7
1669730,11
1669753,5
1669775,36
1669803,37
1669830,7
1669858,9
1669879,6
1669907,11
1669928,19
1669947,5
1669981,6
1670009,11
1670039,6
1670062,6
1670096,9
1670117,10
1670142,10
1670170,5
1670196,6
1670225,6
1670252,8
1670285,8
1670312,8
1670340,6
1670366,5
1670386,6
1670410,5
1670428,5
1670450,5
1670482,5
1670505,21
1670532,12
1670564,13
1670586,9
1670608,14
1670632,5
1670663,33
1670692,5
1670716,7
1670741,10
1670775,6
1670797,14
1670829,15
1670853,7
1670880,20
1670902,6
1670931,5
1670963,5
1670984,18
1671006,40
1671040,5
1671066,13
1671089,7
1671112,6
1671126,10
1671154,6
1671177,5
1671208,658
1671229,35
1671253,10
1671289,5
1671316,8
1671346,8
1671376,9
1671412,8
1671436,8
1671461,6
1671480,16
1671504,7
1671527,10
1671551,257
1671577,5
1671597,6
1671624,5
1671650,5
1671674,6
1671690,5
1671716,9
1671748,9
1671774,7
1671800,8
1671827,5
1671847,5
1671877,205
1671902,6
1671920,6
1671939,6
1671964,6
1671990,5
1672011,6
1672036,7
1672067,7
1672100,14
1672132,5
1672165,7
1672198,39
1672218,7
1672246,6
1672274,12
1672312,21
1672339,6
1672369,8
1672396,6
1672414,5
1672443,5
1672479,253
1672503,8
1672519,6
1672542,5
1672570,33
1672595,221
1672617,9
1672643,8
1672673,9
1672711,12
1672729,14
1672754,8
1672780,41
1672806,6
1672834,6
1672856,5
1672886,51
1672909,7
1672940,7
1672971,5
1672996,6
1673030,49
1673054,10
1673082,6
1673116,9
1673144,7
1673182,8
1673212,6
1673231,21
1673258,6
1673281,11
1673315,8
1673336,12
1673362,5
1673394,42
1673426,11
1673445,9
1673468,7
1673502,37
1673526,11
1673548,6
1673571,5
1673589,13
1673613,84
1673636,7
1673655,81
1673682,5
1673709,7
1673733,9
1673763,5
1673789,6
1673817,5
1673842,19
1673867,7
1673882,17
1673902,18
1673918,12
1673947,16
1673969,17
1673989,30
1674011,18
1674032,15
1674063,7
1674096,5
1674116,5
1674137,47
1674168,5
1674188,6
1674212,13
1674236,6
1674264,8
1674293,5
1674318,15
1674346,42
1674376,21
1674403,23
1674437,5
1674457,41
1674494,5
1674515,25
1674533,8
1674557,5
1674585,6
1674613,5
1674643,6
1674668,6
1674696,120
1674720,8
1674744,7
1674770,6
1674793,22
1674822,7
1674845,5
1674872,9
1674898,10
1674925,6
1674945,10
1674963,10
1674982,5
1675010,10
1675044,5
1675070,6
1675100,19
1675129,9
1675160,5
1675182,5
1675209,5
1675232,11
1675260,7
1675282,5
1675315,29
1675347,7
1675384,10
1675408,11
1675424,12
1675452,24
1675480,7
1675507,7
1675526,8
1675558,5
1675583,6
1675609,5
1675639,10
1675662,5
1675692,9
1675732,7
1675756,123
1675778,5
1675792,23
1675822,8
1675843,61
1675876,13
1675892,19
1675920,5
1675942,6
1675970,11
1675993,44
1676019,7
1676040,13
1676068,6
1676089,271
1676108,72
1676124,23
1676151,6
1676176,5
1676192,22
1676226,40
1676256,7
1676273,7
1676298,17
1676326,12
1676344,19
1676369,15
1676395,101
1676421,5
1676447,5
1676477,17
1676499,315
1676528,11
1676554,5
1676580,8
1676603,15
1676626,8
1676663,17
1676682,9
1676702,5
1676733,6
1676759,7
1676792,5
1676823,5
1676847,28
1676872,7
1676891,19
1676908,6
1676934,48
1676959,6
1676987,54
1677011,7
1677038,17
1677069,7
1677089,12
1677115,5
1677144,23
1677170,46
1677192,9
1677213,9
1677244,7
1677265,7
1677287,23
1677317,6
1677343,10
1677370,5
1677398,15
1677429,17
1677455,10
1677484,6
1677506,35
1677525,11
1677546,9
1677569,5
1677590,10
1677611,10
1677641,5
1677662,14
1677686,6
1677715,16
1677735,9
1677753,13
1677776,41
1677802,6
1677824,5
1677850,5
1677880,31
1677906,14
1677929,5
1677954,12
1677971,7
1677992,211
1678023,8
1678049,16
1678080,5
1678102,5
1678122,10
1678139,5
1678160,7
1678190,24
1678213,8
1678243,11
1678271,8
1678288,48
1678318,13
1678347,11
1678368,24
1678390,46
1678416,6
1678441,8
1678468,38
1678493,9
1678519,12
1678544,12
1678573,10
1678597,24
1678618,14
1678649,6
1678668,7
1678698,10
1678720,6
1678738,7
1678770,8
1678800,39
1678828,5
1678852,6
1678871,7
1678898,42
1678918,8
1678939,5
1678966,7
1678984,14
1679011,13
1679037,7
1679065,6
1679089,51
1679109,5
1679139,5
1679159,5
1679190,22
1679217,6
1679237,65
1679258,14
1679286,11
1679308,5
1679331,6
1679356,5
1679382,11
1679405,5
1679429,11
1679450,53
1679474,5
1679498,9
1679523,8
1679558,18
1679584,7
1679604,26
1679632,5
1679654,5
1679678,19
1679706,5
1679730,7
1679758,8
1679775,5
1679796,20
1679823,7
1679847,7
1679881,6
1679905,5
1679922,7
1679950,8
1679978,16
1679999,5
1680024,85
1680045,9
1680067,5
1680093,5
1680118,6
1680147,9
1680174,11
1680205,7
1680242,62
1680270,6
1680294,10
1680324,22
1680351,42
1680375,10
1680402,7
1680426,5
1680456,11
1680484,7
1680510,5
1680542,5
1680567,11
1680596,8
1680618,12
1680643,6
1680681,9
1680707,19
1680729,15
1680756,5
1680779,5
1680797,8
1680819,8
1680836,5
1680862,5
1680881,16
1680917,5
1680942,23
1680965,18
1680984,5
1681017,39
1681043,7
1681070,21
1681090,5
1681122,9
1681150,8
1681179,5
1681198,6
1681216,6
1681242,10
1681273,10
1681300,15
1681322,8
1681348,6
1681377,6
1681414,5
1681448,6
1681474,7
1681497,6
1681520,20
1681545,6
1681569,11
1681594,12
1681612,8
1681625,34
1681650,5
1681687,11
1681716,10
1681737,117
1681762,5
1681786,8
1681811,9
1681840,42
1681865,6
1681894,22
1681926,9
1681957,5
1681990,7
1682019,17
1682044,6
1682078,5
1682110,6
1682134,10
1682169,8
1682199,12
1682232,20
1682258,6
1682287,14
1682318,14
1682342,13
1682358,5
1682388,5
1682410,52
1682432,7
1682453,8
1682470,9
1682486,8
1682503,7
1682526,11
1682551,8
1682584,25
1682599,6
1682622,10
1682642,5
1682670,31
1682693,29
1682709,6
1682726,8
1682747,7
1682776,35
1682810,5
1682835,47
1682858,14
1682879,6
1682902,6
1682937,28
1682960,7
1682990,12
1683014,7
1683040,24
1683074,13
1683105,7
1683134,9
1683161,6
1683187,5
1683211,6
1683240,69
1683264,5
1683285,5
1683309,8
1683332,6
1683372,6
1683406,5
1683438,5
1683463,5
1683486,16
1683510,51
1683539,5
1683570,15
1683593,73
1683621,6
1683646,108
1683671,10
1683694,20
1683720,14
1683747,14
1683771,7
1683793,13
1683829,6
1683848,6
1683878,10
1683906,17
1683929,6
1683946,1310
1683973,6
1683992,6
1684020,5
1684047,5
1684071,9
1684104,5
1684126,5
1684153,61
1684187,6
1684218,13
1684242,7
1684269,6
1684285,13
1684307,7
1684331,22
1684361,46
1684388,7
1684419,5
1684444,8
1684469,5
1684499,5
1684523,5
1684549,7
1684579,10
1684599,6
1684623,7
1684647,8
1684680,50
1684708,6
1684739,14
1684771,194
1684794,36
1684823,5
1684850,5
1684863,25
1684885,13
1684910,114
1684937,10
1684962,5
1684986,6
1685014,7
1685036,12
1685067,8
1685098,6
1685119,6
1685146,6
1685166,5
1685193,5
1685223,12
1685253,5
1685280,17
1685306,11
1685334,7
1685356,7
1685386,12
1685410,11
1685439,6
1685469,6
1685493,10
1685518,6
1685545,7
1685573,5
1685587,5
1685609,11
1685640,15
1685671,33
1685703,5
1685743,604
1685769,25
1685802,5
1685825,8
1685852,5
1685874,14
1685896,7
1685921,7
1685949,15
1685983,29
1686003,6
1686036,5
1686060,8
1686084,6
1686112,5
1686143,5
1686168,7
1686195,7
1686208,6
1686233,6
1686264,5
1686279,25
1686301,15
1686318,5
1686344,10
1686369,8
1686399,5
1686425,8
1686450,7
1686475,6
1686506,7
1686533,9
1686555,11
1686582,7
1686596,5
1686625,8
1686644,12
1686668,6
1686696,9
1686717,7
1686747,5
1686773,6
1686796,65
1686823,5
1686851,7
1686873,5
1686902,5
1686935,15
1686966,12
1686992,7
1687022,5
1687053,11
1687069,29
1687093,8
1687117,7
1687149,7
1687176,5
1687205,9
1687232,7
1687247,12
1687262,7
1687285,20
1687307,245
1687327,6
1687362,12
1687382,21
1687419,13
1687448,7
1687475,6
1687503,6
1687523,5
1687547,10
1687563,6
1687582,36
1687617,5
1687642,11
1687669,11
1687697,6
1687720,14
1687740,7
1687762,101
1687782,6
1687812,7
1687842,11
1687868,7
1687896,10
1687916,5
1687941,5
1687961,23
1687991,11
1688020,12
1688036,7
1688067,9
1688095,37
1688117,8
1688144,5
1688173,5
1688200,5
1688234,5
1688253,5
1688282,5
1688310,12
1688340,21
1688362,24
1688383,95
1688409,12
1688433,7
1688459,26
1688477,11
1688500,13
1688524,7
1688557,11
1688576,12
1688595,11
1688630,81
1688656,9
1688693,6
1688715,5
1688736,6
1688758,14
1688786,12
1688813,11
1688836,6
1688861,22
1688895,12
1688917,5
1688937,12
1688956,5
1688981,6
1689011,5
1689032,7
1689056,5
1689081,20
1689103,116
1689127,7
1689149,5
1689182,13
1689199,6
1689232,5
1689263,8
1689283,24
1689314,8
1689337,11
1689359,13
1689376,10
1689414,5
1689442,6
1689474,7
1689495,7
1689517,8
1689541,5
1689570,101
1689605,20
1689634,7
1689662,5
1689688,7
1689714,7
1689743,24
1689762,5
1689788,273
1689812,120
1689838,7
1689858,8
1689877,8
1689903,7
1689927,7
1689949,6
1689969,5
1690001,5
1690031,19
1690051,5
1690078,11
1690097,36
1690128,5
1690147,23
1690174,6
1690192,10
1690210,19
1690241,8
1690267,5
1690287,5
1690307,10
1690336,5
1690360,8
1690390,19
1690421,18
1690449,5
1690479,5
1690514,13
1690539,11
1690569,8
1690585,5
1690607,5
1690634,6
1690657,7
1690678,9
1690703,6
1690730,21
1690751,6
1690772,5
1690799,10
1690817,9
1690846,41
1690872,5
1690906,24
1690935,11
1690958,11
1690985,6
1691007,6
1691038,6
1691070,5
1691087,5
1691117,15
1691153,14
1691179,13
1691209,8
1691237,54
1691266,17
1691297,14
1691322,5
1691347,31
1691369,8
1691385,8
1691408,6
1691438,15
1691464,5
1691490,7
1691517,5
1691539,8
1691557,5
1691582,9
1691609,8
1691639,6
1691667,5
1691694,8
1691723,5
1691760,15
1691794,9
1691823,10
1691847,15
1691869,10
1691892,9
1691913,7
1691937,5
1691962,30
1691981,12
1692002,5
1692025,11
1692052,9
1692082,11
1692104,5
1692126,5
1692148,5
1692175,27
1692199,5
1692221,25
1692248,10
1692284,223
1692316,10
1692333,6
1692356,5
1692374,5
1692410,6
1692439,6
1692457,12
1692471,9
1692493,13
1692517,6
1692547,25
1692574,11
1692598,6
1692625,14
1692654,7
1692689,19
1692713,12
1692728,6
1692756,5
1692775,10
1692811,9
1692832,5
1692860,10
1692893,5
1692915,6
1692940,5
1692964,6
1692985,163
1693015,7
1693041,5
1693069,6
1693096,15
1693121,8
1693150,5
1693172,84
1693203,8
1693228,9
1693254,5
1693280,9
1693303,5
1693325,12
1693350,30
1693376,35
1693407,13
1693432,7
1693455,6
1693475,5
1693489,29
1693509,7
1693545,5
1693568,22
1693590,13
1693622,11
1693647,5
1693668,12
1693688,7
1693705,11
1693728,6
1693756,29
1693775,19
1693809,29
1693830,10
1693854,13
1693875,7
1693895,19
1693926,59
1693952,8
1693975,5
1694006,7
1694033,7
1694063,6
1694086,7
1694110,125
1694133,11
1694153,10
1694183,6
1694213,85
1694242,8
1694267,10
1694297,33
1694321,7
1694350,16
1694370,19
1694392,5
1694411,13
1694434,44
1694459,9
1694484,7
1694505,5
1694534,23
1694565,40
1694595,12
1694628,11
1694657,8
1694692,25
1694717,11
1694741,12
1694764,9
1694780,5
1694808,5
1694832,6
1694856,42
1694881,19
1694914,6
1694945,6
1694974,5
1695000,5
1695023,11
1695049,6
1695081,6
1695102,15
1695132,5
1695162,5
1695183,7
1695209,7
1695228,9
1695253,5
1695277,5
1695300,5
1695323,5
1695343,5
1695370,5
1695403,18
1695430,8
1695463,9
1695490,18
1695521,21
1695550,6
1695579,20
1695601,7
1695621,7
1695647,12
1695668,6
1695693,8
1695718,16
1695753,7
1695771,46
1695795,6
1695821,7
1695845,8
1695866,12
1695902,5
1695924,5
1695949,8
1695972,16
1695994,5
1696014,20
1696039,5
1696064,13
1696092,16
1696119,10
1696132,11
1696160,10
1696189,6
1696217,12
1696245,6
1696277,6
1696301,11
1696325,57
1696365,16
1696389,38
1696414,5
1696443,14
1696464,7
1696485,27
1696503,29
1696524,6
1696546,6
1696573,8
1696601,6
1696618,12
1696640,5
1696663,5
1696679,61
1696698,5
1696724,24
1696757,6
1696781,19
1696813,31
1696838,11
1696861,5
1696893,16
1696926,5
1696953,14
1696980,14
1697007,9
1697035,5
1697072,10
1697097,9
1697122,6
1697154,5
1697175,7
1697207,10
1697232,10
1697250,5
1697271,10
1697294,8
1697312,6
1697336,6
1697359,6
1697384,5
1697408,28
1697444,6
1697461,26
1697488,7
1697505,10
1697530,8
1697557,8
1697584,8
1697614,5
1697642,9
1697666,7
1697692,5
1697710,13
1697737,6
1697762,81
1697789,19
1697815,48
1697842,38
1697869,6
1697903,14
1697926,11
1697944,19
1697962,10
1697989,7
1698012,6
1698036,537
1698073,9
1698095,15
1698114,22
1698141,8
1698167,5
1698195,5
1698218,38
1698241,5
1698266,8
1698292,19
1698317,7
1698346,6
1698368,14
1698389,5
1698420,10
1698450,111
1698468,5
1698499,51
1698518,22
1698547,5
1698576,17
1698605,8
1698633,8
1698646,29
1698675,6
1698707,6
1698730,5
1698763,19
1698781,10
1698806,71
1698835,12
1698858,21
1698877,6
1698902,15
1698922,6
1698945,11
1698971,29
1698999,5
1699026,10
1699051,5
1699082,6
1699100,8
1699123,5
1699145,7
1699178,5
1699200,21
1699227,7
1699252,6
1699283,5
1699302,14
1699328,5
1699347,5
1699373,8
1699391,7
1699420,8
1699440,5
1699473,16
1699497,6
1699519,7
1699542,29
1699564,15
1699590,7
1699616,7
1699648,8
1699678,11
1699700,5
1699732,8
1699759,6
1699782,6
1699800,5
1699825,5
1699855,17
1699878,6
1699910,5
1699935,5
1699961,32
1699985,5
1700018,5
1700043,6
1700067,8
1700091,38
1700117,7
1700145,6
1700171,7
1700193,21
1700215,6
1700247,93
1700285,5
1700317,8
1700336,8
1700367,6
1700390,5
1700420,20
1700443,5
1700470,5
1700498,6
1700532,6
1700556,15
1700583,8
1700609,5
1700638,9
1700662,12
1700688,5
1700717,91
1700742,9
1700768,5
1700790,5
1700811,37
1700838,6
1700870,6
1700886,7
1700912,6
1700936,5
1700957,11
1700979,14
1701002,10
1701025,6
1701048,6
1701070,5
1701099,7
1701129,9
1701164,6
1701189,22
1701213,5
1701245,6
1701266,22
1701286,5
1701314,10
1701343,6
1701367,12
1701389,13
1701422,6
1701446,5
1701476,17
1701498,11
1701522,8
1701547,7
1701575,10
1701602,6
1701627,6
1701651,7
1701677,5
1701703,8
1701732,8
1701752,21
1701777,6
1701807,5
1701831,21
1701852,28
1701877,27
1701905,6
1701933,284
1701964,10
1701983,5
1702019,8
1702046,5
1702077,16
1702097,29
1702125,5
1702141,12
1702168,5
1702186,10
1702217,5
1702240,5
1702275,10
1702298,39
1702323,9
1702352,13
1702382,8
1702402,68
1702430,5
1702457,76
1702481,5
1702505,17
1702532,5
1702550,10
1702575,7
1702599,21
1702626,6
1702651,6
1702680,31
1702713,26
1702739,7
1702763,44
1702795,5
1702824,44
1702850,6
1702879,11
1702905,6
1702931,7
1702962,13
1702984,24
1703004,7
1703028,16
1703053,31
1703072,6
1703097,68
1703128,13
1703157,5
1703171,5
1703198,6
1703224,13
1703249,8
1703274,13
1703301,98
1703324,11
1703347,10
1703375,11
1703402,5
1703438,5
1703467,5
1703502,5
1703522,6
1703541,6
1703564,6
1703601,6
1703625,46
1703648,12
1703675,10
1703700,25
1703732,25
1703760,8
1703789,6
1703813,13
1703836,809
1703865,12
1703904,9
1703929,57
1703954,7
1703973,33
1703992,7
1704023,198
1704042,5
1704065,7
1704089,43
1704107,7
1704132,6
1704154,5
1704176,5
1704203,7
1704232,9
1704258,9
1704288,7
1704318,29
1704345,25
1704370,5
1704395,33
1704416,9
1704439,8
1704468,10
1704493,5
1704527,9
1704555,5
1704579,9
1704603,9
1704626,44
1704657,5
1704679,24
1704705,27
1704735,5
1704765,14
1704796,282
1704828,11
1704848,6
1704874,6
1704898,87
1704931,5
1704955,36
1704981,27
1705003,25
1705035,44
1705061,15
1705091,11
1705122,5
1705145,25
1705168,12
1705200,9
1705223,9
1705257,7
1705277,5
1705295,8
1705323,10
1705348,8
1705374,8
1705392,5
1705417,61
1705437,24
1705462,62
1705483,6
1705508,10
1705543,59
1705571,5
1705596,17
1705621,30
1705642,9
1705676,37
1705716,11
1705744,20
1705767,8
1705800,12
1705832,8
1705870,5
1705898,29
1705929,9
1705952,5
1705990,19
1706022,6
1706050,6
1706089,8
1706110,11
1706142,15
1706175,5
1706193,7
1706214,6
1706236,7
1706266,16
1706297,5
1706319,23
1706348,9
1706371,7
1706398,17
1706422,11
1706454,6
1706470,43
1706503,19
1706521,15
1706544,14
1706565,12
1706583,9
1706610,6
1706633,8
1706663,18
1706693,5
1706721,39
1706748,5
1706769,25
1706791,10
1706821,7
1706848,161
1706873,6
1706896,6
1706928,12
1706948,6
1706969,13
1706992,6
1707015,5
1707041,8
1707064,128
1707106,8
1707142,54
1707165,46
1707200,8
1707225,6
1707255,10
1707282,5
1707310,35
1707333,8
1707361,12
1707372,7
1707398,103
1707422,11
1707448,9
1707468,8
1707492,10
1707523,11
1707546,27
1707563,17
1707582,5
1707611,5
1707640,9
1707668,19
1707692,21
1707715,6
1707745,9
1707766,5
1707797,6
1707822,30
1707844,6
1707866,8
1707892,5
1707917,7
1707938,5
1707960,10
1707989,5
1708008,6
1708035,17
1708055,6
1708083,7
1708108,8
1708137,6
1708161,6
1708187,6
1708214,39
1708230,5
1708260,10
1708281,9
1708300,8
1708319,11
1708342,6
1708373,5
1708408,14
1708431,5
1708453,18
1708476,6
1708498,6
1708516,8
1708544,137
1708569,5
1708603,8
1708627,17
1708640,6
1708665,37
1708679,8
1708709,5
1708740,15
1708764,10
1708788,6
1708821,5
1708855,11
1708884,5
1708904,5
1708928,7
1708950,9
1708972,6
1708995,7
1709021,7
1709048,16
1709075,10
1709095,37
1709117,5
1709142,5
1709172,20
1709201,9
1709228,14
1709257,7
1709284,7
1709313,7
1709341,8
1709374,7
1709396,5
1709430,6
1709458,8
1709476,5
1709498,64
1709515,24
1709539,70
1709564,16
1709599,60
1709624,22
1709652,17
1709673,7
1709703,7
1709731,6
1709757,6
1709782,162
1709816,14
1709840,15
1709871,5
1709894,5
1709920,75
1709951,6
1709973,13
1710003,133
1710031,9
1710053,9
1710084,8
1710106,14
1710128,9
1710154,38
1710179,6
1710211,9
1710247,8
1710274,11
1710300,20
1710322,7
1710344,8
1710372,6
1710388,10
1710410,20
1710440,10
1710472,35
1710493,12
1710515,31
1710539,8
1710561,5
1710591,7
1710619,6
1710643,6
1710678,17
1710703,7
1710727,42
1710756,37
1710785,9
1710812,5
1710835,13
1710857,10
1710877,739
1710901,5
1710932,5
1710965,17
1710993,45
1711011,112
1711039,6
1711056,54
1711077,5
1711095,12
1711118,12
1711146,11
1711167,5
1711195,6
1711221,9
1711250,7
1711285,5
1711307,5
1711325,12
1711350,10
1711388,7
1711416,5
1711442,23
1711470,8
1711489,5
1711511,22
1711536,6
1711550,31
1711574,37
1711595,9
1711610,8
1711638,11
1711668,130
1711697,7
1711725,5
1711750,10
1711779,6
1711805,8
1711833,23
1711855,5
1711885,5
1711917,7
1711938,12
1711957,7
1711985,6
1712006,5
1712025,50
1712062,11
1712089,5
1712122,8
1712157,5
1712175,9
1712200,15
1712222,5
1712242,8
1712274,29
1712293,5
1712321,5
1712352,10
1712374,8
1712393,12
1712416,37
1712445,8
1712477,39
1712497,9
1712530,5
1712549,5
1712573,90
1712600,11
1712626,12
1712662,6
1712688,6
1712723,17
1712745,5
1712769,7
1712798,8
1712817,16
1712841,5
1712867,11
1712891,7
1712918,12
1712941,59
1712970,7
1712994,6
1713016,7
1713039,5
1713061,6
1713091,18
1713104,13
1713137,12
1713162,14
1713191,10
1713208,7
1713238,13
1713271,8
1713296,5
1713327,19
1713358,93
1713374,19
1713404,8
1713436,15
1713457,10
1713483,5
1713515,21
1713537,5
1713553,5
1713575,8
1713595,10
1713622,24
1713648,6
1713675,5
1713710,6
1713729,128
1713766,52
1713796,7
1713823,39
1713853,27
1713877,7
1713909,10
1713935,72
1713957,8
1713985,8
1714013,5
1714039,6
1714074,8
1714093,278
1714119,5
1714144,6
1714162,7
1714184,6
1714213,15
1714234,14
1714254,111
1714285,7
1714313,5
1714339,8
1714363,6
1714379,5
1714405,5
1714434,31
1714454,6
1714469,13
1714488,20
1714505,14
1714530,21
1714565,11
1714585,13
1714615,7
1714634,69
1714654,12
1714683,20
1714717,5
1714750,5
1714784,24
1714811,5
1714832,6
1714861,100
1714884,19
1714907,5
1714932,7
1714949,17
1714972,12
1714998,9
1715032,6
1715060,6
1715088,7
1715113,8
1715140,10
1715160,41
1715188,11
1715222,11
1715244,34
1715261,9
1715299,6
1715324,5
1715353,5
1715383,7
1715411,8
1715436,5
1715463,7
1715488,16
1715508,5
1715533,12
1715566,10
1715584,10
1715607,9
1715620,47
1715644,9
1715665,7
1715684,5
1715708,16
1715733,12
1715762,5
1715793,7
1715823,6
1715844,7
1715869,42
1715898,70
1715922,11
1715941,13
1715969,10
1715993,6
1716015,5
1716040,6
1716065,8
1716089,15
1716124,5
1716157,871
1716172,7
1716193,49
1716222,7
1716246,7
1716268,7
1716300,6
1716327,25
1716358,13
1716385,6
1716406,6
1716432,7
1716462,5
1716488,5
1716515,7
1716542,10
1716567,13
1716590,6
1716619,11
1716636,6
1716661,8
1716683,7
1716713,10
1716734,6
1716761,8
1716790,7
1716812,6
1716839,9
1716867,11
1716894,7
1716918,20
1716959,6
1716993,5
1717018,5
1717052,16
1717077,6
1717103,22
1717135,15
1717172,9
1717198,7
1717220,8
1717246,11
1717271,5
1717295,9
1717322,6
1717348,6
1717376,8
1717408,125
1717440,5
1717468,8
1717495,7
1717523,13
1717551,9
1717584,139
1717614,17
1717645,17
1717670,7
1717699,16
1717720,10
1717753,13
1717782,10
1717812,7
1717827,5
1717849,9
1717878,6
1717905,26
1717930,6
1717958,7
1717983,10
1718013,5
1718036,28
1718060,6
1718087,309
1718117,10
1718153,30
1718171,18
1718193,8
1718225,9
1718253,5
1718283,5
1718303,12
1718338,494
1718369,6
1718388,5
1718414,56
1718434,13
1718460,6
1718495,8
1718523,6
1718556,7
1718578,42
1718603,5
1718621,6
1718637,6
1718653,5
1718678,6
1718701,12
1718735,5
1718761,6
1718790,5
1718830,6
1718863,5
1718889,9
1718928,11
1718959,5
1718974,5
1718998,5
1719022,6
1719042,97
1719071,11
1719098,6
1719132,5
1719166,5
1719195,6
1719227,25
1719247,7
1719267,11
1719289,5
1719313,17
1719345,5
1719373,10
1719403,27
1719423,6
1719439,17
1719461,5
1719486,6
1719506,17
1719531,5
1719560,6
1719578,82
1719604,8
1719628,19
1719655,7
1719670,5
1719693,7
1719711,8
1719729,8
1719754,8
1719776,20
1719801,5
1719821,10
1719848,8
1719867,9
1719892,5
1719921,6
1719946,7
1719965,5
1719991,84
1720014,26
1720041,19
1720077,9
1720107,12
1720122,5
1720142,5
1720168,5
1720199,5
1720221,6
1720247,6
1720277,6
1720303,8
1720325,61
1720359,6
1720392,16
1720419,39
1720447,5
1720477,5
1720504,46
1720531,6
1720550,42
1720577,5
1720611,21
1720635,9
1720660,7
1720687,5
1720712,6
1720735,11
1720761,6
1720795,23
1720818,6
1720834,9
1720862,13
1720892,29
1720916,10
1720942,14
1720961,5
1720993,5
1721020,7
1721048,21
1721073,11
1721100,98
1721128,8
1721152,5
1721177,6
1721204,17
1721234,7
1721256,5
1721290,10
1721311,10
1721339,5
1721358,5
1721377,5
1721403,14
1721430,12
1721460,5
1721484,5
1721515,10
1721540,8
1721570,18
1721599,14
1721626,5
1721658,19
1721677,6
1721706,27
1721741,7
1721779,5
1721796,7
1721825,27
1721844,7
1721878,17
1721905,5
1721926,8
1721948,43
1721974,51
1721999,5
1722021,7
1722041,5
1722065,5
1722089,8
1722121,16
1722147,10
1722176,7
1722195,7
1722218,66
1722240,5
1722270,6
1722291,6
1722314,9
1722341,29
1722373,7
1722399,11
1722417,6
1722444,5
1722468,5
1722493,96
1722518,6
1722545,5
1722570,8
1722597,5
1722615,5
1722643,19
1722667,6
1722686,10
1722702,8
1722724,5
1722750,6
1722777,7
1722805,13
1722828,6
1722854,7
1722878,9
1722897,113
1722924,11
1722949,26
1722977,5
1723001,5
1723025,21
1723056,8
1723089,5
1723111,6
1723137,47
1723158,6
1723188,10
1723219,6
1723250,27
1723279,6
1723303,34
1723332,10
1723359,27
1723385,5
1723417,5
1723453,90
1723495,12
1723525,63
1723552,7
1723576,9
1723599,5
1723618,5
1723641,36
1723663,8
1723680,6
1723704,5
1723735,6
1723760,5
1723786,39
1723815,7
1723843,10
1723858,6
1723893,7
1723919,7
1723948,18
1723984,19
1724007,9
1724029,44
1724057,5
1724084,12
1724103,18
1724125,11
1724145,24
1724164,8
1724191,10
1724214,28
1724246,7
1724269,7
1724299,5
1724325,10
1724352,25
1724387,5
1724414,25
1724435,5
1724457,9
1724480,7
1724501,5
1724520,5
1724542,6
1724562,8
1724582,5
1724612,64
1724639,66
1724659,6
1724676,6
1724697,19
1724720,5
1724749,21
1724766,12
1724794,8
1724809,39
1724835,12
1724855,7
1724892,53
1724919,15
1724940,7
1724975,176
1724994,5
1725011,7
1725039,6
1725061,13
1725090,9
1725124,8
1725155,26
1725184,5
1725212,7
1725239,12
1725262,11
1725292,7
1725320,16
1725341,7
1725370,10
1725392,25
1725423,15
1725445,7
1725479,5
1725498,15
1725525,5
1725559,53
1725583,76
1725606,5
1725632,5
1725663,15
1725687,9
1725709,6
1725731,7
1725759,5
1725784,13
1725812,16
1725834,14
1725866,21
1725895,5
1725919,6
1725944,5
1725971,5
1725997,10
1726021,5
1726040,20
1726072,7
1726096,5
1726119,25
1726156,5
1726181,8
1726204,6
1726236,6
1726263,5
1726292,12
1726314,12
1726334,8
1726358,5
1726388,5
1726408,28
1726437,14
1726464,16
1726500,21
1726519,8
1726555,8
1726578,1412
1726604,8
1726634,9
1726658,6
1726683,6
1726713,6
1726740,5
1726766,5
1726792,10
1726814,8
1726839,6
1726870,6
1726896,5
1726920,32
1726948,6
1726962,7
1726989,40
1727019,11
1727044,6
1727065,16
1727093,5
1727120,5
1727142,12
1727173,9
1727202,11
1727230,8
1727250,35
1727285,7
1727317,5
1727343,15
1727374,16
1727404,7
1727423,5
1727452,8
1727478,6
1727508,28
1727525,20
1727546,5
1727571,5
1727594,11
1727617,1351
1727638,6
1727655,5
1727679,7
1727702,10
1727727,10
1727751,12
1727778,5
1727801,86
1727827,5
1727856,6
1727878,7
1727918,6
1727939,224
1727964,5
1727986,32
1728011,11
1728027,7
1728062,12
1728081,8
1728110,5
1728137,13
1728170,5
1728198,42
1728226,5
1728244,30
1728268,16
1728294,18
1728317,6
1728337,6
1728364,17
1728388,10
1728408,5
1728439,29
1728455,134
1728478,11
1728503,8
1728526,24
1728545,5
1728577,11
1728614,5
1728630,296
1728655,32
1728679,20
1728707,67
1728737,10
1728762,12
1728798,6
1728826,8
1728853,377
1728882,21
1728920,47
1728938,14
1728957,12
1728986,24
1729019,83
1729051,5
1729074,16
1729097,10
1729127,9
1729151,52
1729172,11
1729198,5
1729228,9
1729251,26
1729285,14
1729299,11
1729320,5
1729341,5
1729370,5
1729403,8
1729431,6
1729452,6
1729480,96
1729506,26
1729531,6
1729554,5
1729578,19
1729606,8
1729633,5
1729663,5
1729692,92
1729724,6
1729754,52
1729772,10
1729795,6
1729824,34
1729846,5
1729869,6
1729892,13
1729921,5
1729953,34
1729972,12
1730004,16
1730032,5
1730065,13
1730087,7
1730112,6
1730137,5
1730164,7
1730188,17
1730224,5
1730252,5
1730276,10
1730305,12
1730338,12
1730371,6
1730399,762
1730424,13
1730449,8
1730489,11
1730518,6
1730546,5
1730567,21
1730594,21
1730615,27
1730642,6
1730659,10
1730674,118
1730691,5
1730722,9
1730741,9
1730759,6
1730779,5
1730815,9
1730839,21
1730868,7
1730897,9
1730925,17
1730958,23
1730989,6
1731007,5
1731032,9
1731052,8
1731073,20
1731102,5
1731136,38
1731159,15
1731188,6
1731212,7
1731235,18
1731251,7
1731273,8
1731298,9
1731325,6
1731353,9
1731368,40
1731402,51
1731432,9
1731460,30
1731483,6
1731509,7
1731535,10
1731562,6
1731586,5
1731611,16
1731640,6
1731660,18
1731676,5
1731703,21
1731739,9
1731765,5
1731787,9
1731809,7
1731833,6
1731868,20
1731896,9
1731917,53
1731945,14
1731966,7
1731990,5
1732014,7
1732032,17
1732060,10
1732080,10
1732104,59
1732120,7
1732141,11
1732160,5
1732187,16
1732215,8
1732242,7
1732264,5
1732288,18
1732308,9
1732332,23
1732357,8
1732378,5
1732398,10
1732433,13
1732454,29
1732483,10
1732511,5
1732540,17
1732570,26
1732596,37
1732626,6
1732647,8
1732672,20
1732695,6
1732725,5
1732751,348
1732781,5
1732807,11
1732846,5
1732873,5
1732891,9
1732922,17
1732941,447
1732960,12
1732986,7
1733010,6
1733039,13
1733067,5
1733095,6
1733120,8
1733147,10
1733167,5
1733184,5
1733211,6
1733235,10
1733254,5
1733277,14
1733303,9
1733337,9
1733368,13
1733403,16
1733430,5
1733458,5
1733488,8
1733512,7
1733543,47
1733571,6
1733589,6
1733615,8
1733640,9
1733664,6
1733695,5
1733721,14
1733747,6
1733768,109
1733791,7
1733811,7
1733835,12
1733862,5
1733893,5
1733916,6
1733941,5
1733977,31
1734005,99
1734026,6
1734044,6
1734069,6
1734092,10
1734115,767
1734140,5
1734166,20
1734186,9
1734216,6
1734242,7
1734275,8
1734301,49
1734323,8
1734347,6
1734373,7
1734393,5
1734418,6
1734448,5
1734474,12
1734509,4549
1734538,54
1734558,8
1734590,6
1734617,12
1734641,9
1734660,12
1734680,10
1734708,11
1734726,7
1734754,10
1734778,15
1734806,6
1734833,7
1734864,205
1734890,6
1734920,12
1734953,17
1734978,5
1735000,8
1735023,9
1735054,6
1735082,25
1735107,6
1735127,44
1735155,5
1735192,9
1735222,13
1735248,223
1735278,12
1735300,5
1735321,14
1735343,9
1735370,10
1735394,5
1735423,6
1735457,8
1735482,25
1735505,39
1735539,26
1735567,24
1735599,26
1735629,6
1735646,19
1735666,10
1735698,5
1735726,7
1735757,8
1735792,5
1735809,41
1735823,9
1735836,18
1735859,5
1735889,7
1735915,7
1735940,5
1735972,8
1735999,5
1736025,6
1736058,5
1736085,29
1736104,55
1736135,12
1736166,59
1736193,14
1736229,5
1736260,87
1736291,60
1736327,5
1736354,23
1736386,7
1736409,11
1736433,6
1736456,78
1736489,5
1736509,6
1736537,6
1736567,12
1736594,5
1736623,6
1736639,6
1736661,6
1736684,25
1736710,75
1736738,14
1736772,7
1736804,7
1736824,34
1736837,9
1736859,14
1736878,5
1736902,5
1736931,5
1736962,5
1736983,10
1737017,25
1737049,6
1737075,5
1737104,5
1737129,5
1737152,15
1737170,5
1737201,9
1737230,20
1737261,34
1737294,10
1737325,52
1737355,6
1737386,6
1737410,5
1737439,9
1737463,6
1737480,5
1737499,7
1737527,12
1737547,7
1737581,7
1737612,5
1737636,8
1737669,13
1737692,6
1737717,5
1737737,18
1737764,23
1737787,7
1737816,10
1737836,6
1737863,15
1737879,8
1737907,13
1737938,6
1737969,5
1737991,5
1738013,33
1738034,21
1738056,25
1738088,11
1738125,20
1738149,7
1738171,32
1738194,13
1738216,5
1738240,17
1738270,96
1738288,10
1738318,16
1738346,16
1738379,6
1738410,5
1738432,10
1738467,9
1738492,10
1738525,5
1738548,11
1738572,12
1738592,7
1738620,28
1738646,70
1738674,5
1738693,6
1738717,7
1738744,12
1738770,14
1738800,6
1738816,9
1738841,5
1738871,12
1738901,35
1738919,7
1738942,13
1738979,17
1739002,17
1739026,7
1739055,5
1739075,476
1739106,5
1739137,5
1739155,12
1739180,6
1739208,8
1739236,9
1739257,5
1739284,20
1739315,9
1739345,5
1739367,178
1739393,5
1739423,13
1739440,12
1739474,9
1739504,9
1739532,6
1739559,5
1739591,7
1739610,6
1739641,98
1739661,5
1739692,5
1739717,7
1739742,14
1739761,7
1739786,9
1739811,15
1739832,6
1739860,7
1739885,10
1739916,12
1739949,30
1739981,5
1740004,10
1740025,8
1740051,3657
1740083,5
1740105,5
1740144,391
1740168,5
1740199,99
1740227,7
1740251,5
1740280,5
1740307,20
1740329,7
1740354,9
1740378,6
1740408,7
1740424,5
1740453,20
1740483,5
1740505,9
1740533,21
1740564,13
1740586,15
1740608,5
1740638,6
1740668,5
1740691,13
1740727,5
1740755,32
1740781,11
1740803,10
1740832,6
1740858,12
1740885,41
1740912,5
1740944,43
1740969,18
1740992,11
1741018,16
1741037,5
1741052,21
1741079,18
1741109,16
1741131,11
1741155,5
1741183,17
1741205,7
1741239,6
1741270,13
1741295,5
1741317,6
1741339,21
1741356,35
1741381,10
1741395,58
1741416,12
1741438,9
1741469,7
1741486,6
1741510,7
1741532,5
1741553,5
1741578,5
1741606,5
1741632,8
1741655,15
1741698,34
1741716,15
1741744,5
1741773,7
1741797,10
1741824,8
1741850,10
1741877,11
1741904,15
1741931,5
1741957,7
1741988,6
1742005,5
1742033,6
1742048,5
1742076,6
1742098,7
1742125,42
1742158,5
1742183,12
1742201,30
1742224,7
1742249,6
1742275,20
1742286,6
1742306,6
1742331,6
1742366,7
1742401,7
1742430,5
1742466,9
1742485,8
1742513,9
1742541,18
1742564,7
1742587,5
1742611,66
1742641,5
1742666,17
1742695,5
1742715,5
1742745,6
1742762,29
1742783,6
1742814,18
1742837,5
1742860,7
1742892,20
1742922,33
1742948,5
1742977,6
1743007,7
1743035,79
1743062,5
1743086,25
1743112,17
1743134,8
1743158,8
1743186,24
1743211,93
1743237,8
1743267,8
1743290,27
1743310,13
1743327,5
1743359,7
1743386,5
1743414,7
1743439,73
1743459,10
1743479,5
1743501,56
1743526,5
1743550,7
1743579,5
1743617,77
1743650,5
1743679,9
1743707,23
1743732,5
1743751,9
1743776,10
1743802,15
1743826,10
1743855,7
1743878,5
1743902,32
1743936,26
1743957,14
1743986,6
1744011,17
1744038,5
1744073,5
1744101,5
1744124,10
1744150,6
1744179,18
1744207,103
1744244,8
1744269,11
1744294,7
1744318,26
1744358,22
1744376,7
1744399,10
1744428,8
1744456,5
1744483,5
1744514,5
1744538,6
1744559,18
1744591,6
1744612,6
1744643,6
1744669,8
1744687,13
1744714,6
1744736,11
1744763,5
1744793,5
1744816,12
1744849,6
1744883,10
1744907,18
1744929,11
1744961,19
1744988,8
1745016,5
1745031,10
1745045,5
1745066,5
1745089,12
1745122,15
1745144,7
1745171,5
1745196,27
1745222,15
1745246,11
1745274,8
1745303,8
1745327,11
1745360,7
1745383,31
1745410,5
1745437,97
1745466,12
1745482,8
1745504,6
1745522,22
1745547,6
1745569,7
1745586,6
1745614,9
1745647,7
1745668,5
1745699,9
1745725,14
1745750,5
1745782,11
1745800,5
1745827,25
1745854,5
1745869,8
1745894,10
1745921,18
1745948,8
1745980,6
1746005,5
1746030,5
1746051,16
1746078,8
1746099,5
1746128,5
1746151,74
1746177,18
1746209,63
1746241,6
1746269,9
1746292,8
1746321,20
1746340,5
1746371,7
1746400,7
1746433,20
1746464,12
1746491,11
1746514,5
1746542,6
1746564,14
1746596,5
1746624,5
1746648,203
1746674,12
1746693,101
1746724,7
1746754,5
1746784,7
1746806,5
1746832,8
1746860,6
1746898,9
1746927,22
1746950,6
1746984,7
1747012,9
1747037,12
1747069,6
1747097,13
1747123,27
1747139,5
1747163,9
1747192,17
1747218,5
1747244,16
1747270,13
1747297,8
1747320,5
1747341,7
1747369,7
1747391,9
1747409,16
1747429,55
1747457,8
1747484,10
1747515,5
1747536,10
1747558,9
1747584,5
1747613,7
1747634,40
1747660,19
1747686,8
1747712,26
1747743,9
1747768,5
1747795,6
1747821,6
1747841,76
1747869,17
1747895,5
1747924,19
1747953,24
1747982,5
1748000,54
1748015,6
1748032,12
1748060,5
1748089,6
1748119,7
1748148,11
1748174,26
1748198,5
1748222,5
1748252,5
1748275,5
1748298,9
1748319,22
1748348,5
1748375,5
1748401,5
1748421,13
1748446,9
1748479,13
1748500,5
1748532,7
1748559,5
1748589,9
1748614,6
1748646,14
1748672,5
1748696,7
1748721,12
1748755,5
1748785,37
1748813,5
1748834,5
1748866,6
1748907,8
1748929,12
1748958,30
1748985,11
1749018,6
1749052,5
1749074,13
1749104,18
1749125,22
1749149,5
1749180,13
1749203,150
1749229,21
1749251,5
1749286,5
1749312,9
1749347,26
1749373,11
1749397,10
1749423,5
1749457,11
1749481,5
1749506,7
1749531,19
1749556,16
1749579,9
1749601,6
1749618,5
1749649,5
1749682,5
1749701,6
1749717,7
1749735,7
1749764,12
1749790,5
1749811,6
1749837,73
1749870,17
1749897,8
1749919,15
1749944,8
1749969,23
1749992,5
1750018,18
1750038,5
1750078,6
1750107,10
1750131,6
1750162,54
1750184,21
1750217,27
1750247,11
1750274,10
1750302,22
1750332,8
1750367,5
1750396,64
1750417,7
1750440,23
1750475,5
1750501,17
1750526,14
1750566,9
1750584,25
1750613,5
1750636,5
1750660,10
1750689,7
1750722,14
1750749,5
1750773,8
1750806,12
1750833,5
1750852,7
1750875,7
1750905,10
1750922,11
1750952,6
1750969,1165
1750992,8
1751020,17
1751053,49
1751076,19
1751103,13
1751124,48
1751141,5
1751168,9
1751195,6
1751222,63
1751244,5
1751269,5
1751300,7
1751328,5
1751356,10
1751380,11
1751418,6
1751437,5
1751468,8
1751493,5
1751521,13
1751548,77
1751575,6
1751605,11
1751634,11
1751669,7
1751700,13
1751724,5
1751756,17
1751781,11
1751806,7
1751829,20
1751860,5
1751878,11
1751912,6
1751930,29
1751966,15
1751990,25
1752014,10
1752041,23
1752062,10
1752091,36
1752118,7
1752148,7
1752177,5
1752206,9
1752244,6
1752275,5
1752306,5
1752333,8
1752360,9
1752387,15
1752416,7
1752441,8
1752466,15
1752496,8
1752518,8
1752549,12
1752566,12
1752589,5
1752618,5
1752655,6
1752685,12
1752709,8
1752731,5
1752755,5
1752787,9
1752812,8
1752840,9
1752862,562
1752892,5
1752921,7
1752951,6
1752974,8
1752999,8
1753023,7
1753045,8
1753064,5
1753091,5
1753124,9
1753146,12
1753171,5
1753194,7
1753211,28
1753235,6
1753248,5
1753269,14
1753299,10
1753322,5
1753350,13
1753371,13
1753393,8
1753428,13
1753445,6
1753475,7
1753500,49
1753525,6
1753545,95
1753576,7
1753607,5
1753637,10
1753664,5
1753701,189
1753726,5
1753755,84
1753783,9
1753803,7
1753827,10
1753848,8
1753876,5
1753898,9
1753919,18
1753942,5
1753963,9
1753980,7
1753995,10
1754027,12
1754054,12
1754082,28
1754102,5
1754129,7
1754151,21
1754174,10
1754201,6
1754231,12
1754248,18
1754267,15
1754298,151
1754330,11
1754352,20
1754376,5
1754400,20
1754425,203
1754458,51
1754483,89
1754516,12
1754546,13
1754575,6
1754608,7
1754634,7
1754652,248
1754687,37
1754707,7
1754734,7
1754756,12
1754780,9
1754804,7
1754832,45
1754863,44
1754883,18
1754909,25
1754938,11
1754964,7
1754992,5
1755021,5
1755046,5
1755078,6
1755104,5
1755132,15
1755165,5
1755182,9
1755212,33
1755234,5
1755252,5
1755275,5
1755307,7
1755331,6
1755353,5
1755383,29
1755414,5
1755440,6
1755479,6
1755502,16
1755533,9
1755557,5
1755584,5
1755600,6
1755624,11
1755648,16
1755679,5
1755699,12
1755724,8
1755754,15
1755777,7
1755803,5
1755830,5
1755854,5
1755881,7
1755909,164
1755936,10
1755965,8
1755985,6
1756007,6
1756026,55
1756053,12
1756080,7
1756101,29
1756124,8
1756154,11
1756175,5
1756203,54
1756233,6
1756267,6
1756282,17
1756305,20
1756324,7
1756352,9
1756380,10
1756400,5
1756425,5
1756450,43
1756466,6
1756497,5
1756516,54
1756536,17
1756553,46
1756568,9
1756603,8
1756634,49
1756666,8
1756693,74
1756717,5
1756748,6
1756767,5
1756806,7
1756829,7
1756853,12
1756881,12
1756900,6
1756938,5
1756964,6
1756985,13
1757009,45
1757039,12
1757064,8
1757085,14
1757110,7
1757134,353
1757158,7
1757185,9
1757219,7
1757261,7
1757281,5
1757309,5
1757330,9
1757358,21
1757395,8
1757422,5
1757454,29
1757471,5
1757501,8
1757528,8
1757560,17
1757587,163
1757609,7
1757639,5
1757665,14
1757695,6
1757718,7
1757746,9
1757769,6
1757788,6
1757812,20
1757843,11
1757869,5
1757898,12
1757918,5
1757939,10
1757960,8
1757991,7
1758024,5
1758045,6
1758065,39
1758090,7
1758109,7
1758137,5
1758163,15
1758183,16
1758217,19
1758248,16
1758264,5
1758284,5
1758306,23
1758327,5
1758348,13
1758379,14
1758405,7
1758423,6
1758450,11
1758473,16
1758497,5
1758524,14
1758550,5
1758574,8
1758599,5
1758626,10
1758645,9
1758678,9
1758701,5
1758728,30
1758752,23
1758779,15
1758803,22
1758825,22
1758852,6
1758870,10
1758889,10
1758911,10
1758934,30
1758953,9
1758982,8
1759008,5
1759031,8
1759060,15
1759076,11
1759105,7
1759123,18
1759150,19
1759175,21
1759201,6
1759221,7
1759247,7
1759267,6
1759300,10
1759326,33
1759353,5
1759375,8
1759401,6
1759432,8
1759462,10
1759484,7
1759501,5
1759531,5
1759555,52
1759583,9
1759613,6
1759641,21
1759683,12
1759716,8
1759747,16
1759772,12
1759800,9
1759826,7
1759861,6
1759890,5
1759906,103
1759934,8
1759957,67
1759981,27
1760003,26
1760027,6
1760060,8
1760085,9
1760118,8
1760138,5
1760167,17
1760191,5
1760217,5
1760241,56
1760264,9
1760295,6
1760319,6
1760338,10
1760370,6
1760392,23
1760422,5
1760446,5
1760475,15
1760503,10
1760530,10
1760562,5
1760579,23
1760597,52
1760621,8
1760647,11
1760677,7
1760700,442
1760733,6
1760754,7
1760788,6180
1760815,5
1760848,5
1760876,31
1760904,10
1760928,10
1760949,10
1760982,6
1761014,5
1761041,5
1761071,7
1761103,6
1761127,12
1761158,7
1761183,14
1761220,18
1761248,5
1761268,8
1761292,7
1761312,6
1761335,6
1761363,30
1761388,5
1761417,5
1761443,13
1761466,34
1761494,13
1761519,5
1761546,5
1761572,6
1761594,10
1761623,5
1761648,35
1761668,6
1761691,47
1761711,6
1761741,9
1761767,9
1761794,23
1761820,5
1761838,5
1761873,14
1761901,5
1761931,5
1761958,7
1761992,6
1762020,5
1762051,20
1762072,7
1762106,5
1762127,97
1762146,6
1762168,12
1762202,6
1762232,9
1762262,12
1762288,17
1762300,5
1762318,11
1762345,7
1762374,5
1762400,11
1762424,8
1762455,8
1762477,22
1762503,71
1762535,5
1762564,9
1762593,26
1762620,6
1762649,40
1762678,148
1762709,5
1762728,5
1762753,12
1762772,7
1762806,6
1762837,6
1762866,6
1762890,27
1762919,5
1762946,11
1762974,59
1762996,15
1763017,7
1763043,13
1763076,6
1763105,20
1763130,30
1763159,5
1763192,7
1763211,10
1763237,7
1763269,24
1763299,29
1763324,10
1763353,5
1763380,25
1763399,6
1763426,8
1763453,6
1763478,7
1763499,10
1763521,7
1763549,18
1763579,9
1763604,5
1763635,5
1763663,8
1763689,6
1763711,13
1763741,12
1763767,37
1763789,58
1763809,6
1763832,5
1763861,7
1763880,16
1763908,12
1763945,6
1763966,95
1763993,18
1764024,6
1764047,13
1764070,31
1764091,8
1764113,2618
1764134,5
1764153,5
1764173,5
1764205,7
1764231,10
1764259,17
1764290,8
1764318,7
1764338,41
1764371,5
1764393,100
1764427,15
1764450,33
1764476,9
1764504,11
1764532,6
1764555,31
1764578,725
1764600,5
1764628,5
1764652,16
1764676,66
1764707,8
1764726,5
1764753,7
1764783,7
1764806,7
1764840,6
1764872,5
1764907,6
1764934,6
1764960,6
1764992,8
1765021,5
1765045,5
1765073,37
1765093,50
1765119,14
1765144,12
1765172,9
1765191,6
1765215,13
1765239,5
1765265,5
1765296,8
1765327,6
1765356,11
1765385,7
1765415,8
1765440,8
1765474,16
1765500,17
1765524,15
1765557,9
1765585,21
1765614,10
1765642,5
1765669,7
1765693,6
1765723,44
1765749,7
1765774,10
1765802,6
1765832,16
1765867,6
1765891,15
1765917,8
1765935,5
1765968,24
1766001,21
1766027,8
1766057,9
1766081,9
1766110,32
1766137,6
1766163,23
1766207,9
1766240,20
1766271,36
1766296,22
1766319,8
1766338,5
1766366,13
1766390,7
1766416,5
1766438,31
1766467,7
1766500,8
1766532,30
1766566,5
1766593,12
1766618,5
1766646,10
1766667,7
1766688,5
1766711,5
1766731,5
1766759,9
1766791,6
1766813,6
1766836,5
1766863,10
1766887,11
1766909,34
1766924,11
1766952,11
1766984,24
1767005,5
1767036,8
1767058,5
1767078,5
1767100,5
1767129,19
1767151,6
1767176,9
1767201,5
1767223,22
1767244,7
1767269,5
1767286,10
1767311,6
1767339,5
1767360,5
1767396,5
1767420,6
1767442,5
1767470,8
1767491,9
1767525,7
1767565,94
1767583,12
1767608,19
1767627,5
1767656,7
1767682,5
1767713,14
1767742,6
1767760,7
1767792,16
1767819,5
1767850,208
1767869,6
1767904,5
1767935,6
1767966,6
1767998,21
1768019,5
1768040,31
1768064,7
1768084,41
1768118,21
1768143,39
1768161,21
1768191,8
1768215,10
1768240,6
1768260,8
1768294,11
1768324,15
1768364,5
1768400,5
1768427,8
1768462,7
1768485,5
1768519,7
1768542,14
1768567,7
1768592,6
1768622,7
1768643,8
1768677,5
1768699,11
1768721,6
1768740,5
1768758,88
1768775,29
1768805,6
1768833,17
1768858,99
1768883,162
1768900,5
1768924,11
1768944,23
1768969,17
1768993,5
1769027,6
1769053,7
1769078,6
1769105,5
1769134,6
1769160,8
1769180,27
1769207,10
1769242,49
1769266,38
1769292,13
1769316,8
1769343,7
1769364,10
1769388,11
1769409,13
1769442,5
1769459,5
1769487,10
1769520,12
1769547,5
1769576,5
1769594,28
1769628,31
1769652,7
1769675,8
1769703,31
1769721,5
1769743,9
1769779,8
1769801,13
1769822,5
1769854,7
1769883,55
1769908,8
1769936,49
1769965,5
1769986,9
1770007,47
1770032,11
1770060,5
1770078,9
1770098,7
1770122,18
1770143,32
1770167,17
1770186,5
1770205,7
1770231,9
1770258,7
1770279,14
1770310,5
1770329,6
1770353,5
1770385,7
1770412,9
1770436,22
1770455,8
1770480,46
1770515,6
1770541,19
1770572,8
1770598,266
1770629,6
1770655,126
1770679,36
1770708,84
1770734,5
1770758,13
1770782,22
1770790,8
1770812,6
1770838,15
1770859,12
1770890,302
1770912,6
1770938,5
1770953,5
1770974,20
1771000,5
1771025,6
1771047,40
1771069,9
1771098,6
1771120,5
1771148,24
1771175,17
1771200,797
1771219,10
1771242,38
1771271,20
1771303,6
1771333,10
1771359,6
1771383,25
1771413,5
1771443,10
1771469,10
1771499,5
1771533,5
1771555,8
1771572,20
1771595,10
1771618,16
1771634,5
1771655,6
1771680,5
1771705,5
1771731,7
1771763,14
1771785,7
1771812,8
1771841,5
1771868,9
1771895,7
1771932,9
1771948,9
1771976,7
1771995,14
1772022,12
1772053,12
1772092,13
1772116,13
1772138,6
1772158,5
1772186,9
1772213,20
1772237,5
1772264,6
1772288,5
1772310,14
1772348,887
1772376,7
1772400,27
1772425,8
1772448,9
1772479,5
1772500,5
1772519,9
1772541,11
1772563,73
1772594,7
1772619,75
1772647,11
1772678,5
1772701,7
1772716,19
1772740,5
1772770,12
1772795,5
1772831,5
1772853,5
1772877,5
1772907,25
1772929,6
1772956,142
1772985,12
1773007,19
1773034,29
1773070,5
1773091,31
1773105,6
1773126,5
1773154,7
1773185,19
1773205,482
1773229,11
1773255,14
1773276,5
1773298,19
1773324,25
1773349,13
1773376,5
1773407,72
1773436,6
1773459,33
1773488,5
1773511,8
1773529,6
1773555,7
1773581,8
1773599,15
1773619,6
1773650,26
1773677,110
1773704,18
1773728,37
1773754,54
1773783,17
1773810,34
1773837,5
1773863,5
1773890,49
1773916,7
1773937,17
1773966,5
1773989,6
1774017,5
1774038,6
1774060,28
1774087,8
1774116,5
1774143,199
1774157,5
1774186,5
1774212,11
1774249,10
1774275,6
1774302,6
1774328,5
1774357,7
1774374,19
1774403,8
1774430,18
1774465,5
1774487,44
1774517,36
1774544,10
1774568,5
1774589,8
1774606,6
1774638,18
1774665,25
1774688,6
1774712,16
1774740,8
1774767,13
1774794,7
1774815,5
1774844,8
1774871,5
1774904,5
1774933,10
1774957,5
1774985,8
1775006,17
1775027,5
1775055,54
1775081,10
1775108,6
1775134,9
1775166,5
1775194,5
1775220,17
1775240,125
1775260,6
1775279,8
1775306,6
1775333,17
1775370,8
1775395,16
1775420,6
1775438,7
1775463,5
1775493,10
1775525,6
1775549,8
1775574,35
1775598,7
1775616,5
1775649,12
1775676,11
1775700,9
1775732,5
1775756,7
1775788,9
1775814,6
1775845,8
1775871,7
1775900,10
1775923,140
1775964,20
1775997,9
1776027,8
1776051,5
1776077,6
1776096,5
1776130,5
1776153,5
1776176,6
1776207,48
1776236,22
1776262,77
1776286,9
1776313,5
1776335,23
1776356,10
1776378,45
1776401,27
1776427,6
1776453,7
1776484,6
1776503,9
1776528,5
1776557,8
1776589,5
1776620,6
1776644,8
1776670,5
1776700,31
1776724,6
1776750,5
1776771,6
1776804,9
1776828,6
1776861,18
1776890,6
1776918,13
1776946,6
1776977,194
1777002,7
1777027,7
1777057,13
1777084,5
1777113,6
1777136,9
1777163,6
1777193,10
1777220,7
1777247,5
1777266,11
1777293,9
1777315,12
1777338,10
1777362,5
1777389,7
1777411,30
1777439,15
1777469,6
1777498,5
1777516,7
1777539,24
1777570,6
1777600,5
1777623,9
1777649,149
1777678,5
1777710,13
1777737,8
1777758,9
1777791,7
1777814,5
1777848,5
1777871,5
1777893,5
1777914,10
1777931,5
1777964,26
1777990,21
1778013,26
1778047,16
1778074,9
1778099,6
1778123,7
1778148,5
1778171,5
1778205,258
1778226,20
1778253,15
1778274,8
1778304,15
1778339,5
1778359,9
1778377,5
1778397,6
1778421,9
1778449,17
1778465,11
1778497,5
1778522,5
1778548,10
1778575,10
1778609,17
1778625,8
1778650,5
1778677,56
1778699,77
1778725,13
1778760,21
1778789,44
1778813,32
1778836,7
1778868,9
1778892,7
1778920,7
1778945,6
1778976,13
1778999,9
1779033,59
1779064,9
1779100,5
1779119,8
1779151,16
1779173,19
1779204,5
1779242,28967
1779269,5
1779296,15
1779329,5
1779349,7
1779378,5
1779403,6
1779427,5
1779452,16
1779469,10
1779488,7
1779523,6
1779546,10
1779574,144
1779603,5
1779642,22
1779665,9
1779687,5
1779720,9
1779743,21
1779775,7
1779799,5
1779823,1961
1779849,12
1779863,7
1779890,5
1779913,7
1779945,6
1779971,6
1779996,7
1780021,5
1780051,37
1780076,5
1780100,7
1780125,32
1780149,23
1780165,6
1780184,5
1780204,55
1780222,17
1780249,5
1780273,6
1780295,6
1780320,15
1780346,12
1780364,7
1780388,5
1780414,5
1780448,9
1780471,6
1780489,6
1780515,24
1780535,70
1780557,5
1780585,8
1780616,6
1780639,54
1780662,22
1780692,7
1780723,25
1780750,24
1780779,6
1780804,56
1780825,5
1780850,41
1780877,48
1780910,12
1780934,53
1780963,13
1780994,15
1781017,5
1781042,5
1781067,17
1781094,8
1781126,5
1781153,5
1781176,9
1781196,6
1781227,12
1781255,16
1781284,7
1781306,11
1781322,6
1781353,6
1781372,12
1781394,12
1781426,9
1781451,8
1781474,12
1781500,5
1781533,5
1781568,89
1781593,15
1781626,7
1781645,10
1781667,15
1781694,7
1781722,5
1781745,5
1781773,82
1781795,5
1781825,9
1781848,7
1781884,14
1781906,5
1781936,5
1781956,46
1781975,5
1781999,6
1782039,12
1782070,5
1782090,21
1782116,6
1782139,5
1782171,18
1782198,11
1782224,8
1782244,12
1782272,8
1782295,6
1782322,56
1782345,5
1782380,8
1782399,8
1782427,14
1782454,10
1782480,6
1782506,7
1782536,6
1782565,5
1782596,5
1782615,5
1782644,6
1782661,7
1782685,14
1782705,20
1782735,39
1782772,5
1782801,5
1782828,12
1782858,9
1782885,8
1782921,13
1782948,12
1782978,6
1783006,11
1783036,5
1783054,9
1783073,6
1783095,7
1783127,12
1783156,6
1783175,6
1783196,10
1783222,13
1783245,10
1783270,5
1783296,28
1783327,31
1783353,7
1783384,8
1783412,5
1783437,65
1783463,14
1783485,6
1783509,282
1783527,102
1783556,5
1783583,5
1783600,11
1783617,5
1783643,94
1783672,5
1783699,7
1783726,16
1783753,5
1783772,15
1783800,5
1783825,26
1783849,21
1783877,7
1783905,6
1783926,45
1783946,44
1783969,14
1784000,5
1784031,12
1784064,23
1784088,18
1784111,18
1784130,47
1784156,5
1784177,12
1784206,6
1784240,34
1784255,5
1784291,12
1784315,5
1784344,14
1784375,6
1784405,11
1784433,32
1784456,12
1784489,5
1784517,8
1784536,34
1784561,5
1784599,5
1784623,5
1784648,5
1784665,19
1784696,6
1784715,6
1784741,56
1784762,5
1784790,6
1784820,10
1784855,15
1784879,49
1784907,8
1784940,14
1784961,24
1784987,10
1785008,28
1785035,9
1785067,7
1785090,17
1785113,11
1785136,12
1785161,6
1785184,9
1785209,9
1785237,6
1785256,9
1785280,6
1785302,13
1785330,8
1785355,7
1785380,12
1785402,5
1785427,9
1785448,5
1785477,6
1785501,21
1785526,7
1785543,9
1785574,7
1785600,9
1785629,71
1785656,6
1785686,8
1785719,16
1785747,6
1785782,37
1785805,14
1785827,6
1785862,7
1785879,5
1785910,8
1785934,16
1785966,12
1785995,6
1786026,5
1786052,7
1786073,5
1786086,7
1786108,5
1786134,8
1786162,11
1786197,9
1786226,59
1786258,12
1786276,5
1786300,7
1786325,6
1786349,46
1786378,6
1786400,6
1786414,5
1786436,35
1786459,20
1786481,6
1786522,7
1786549,7
1786573,7
1786605,28
1786634,15
1786653,8
1786683,74
1786718,5
1786740,22
1786758,7
1786776,5
1786806,5
1786831,5
1786864,6
1786882,10
1786908,14
1786937,5
1786962,11
1786989,30
1787014,7
1787041,17
1787070,5
1787099,6
1787120,12
1787149,6
1787178,13
1787204,12
1787225,6
1787254,57
1787292,224
1787309,12
1787326,9
1787355,72
1787381,16
1787408,20
1787441,5
1787466,8
1787496,14
1787517,7
1787544,5
1787565,5
1787587,6
1787604,5
1787629,21
1787648,5
1787668,13
1787685,23
1787712,5
1787732,13
1787762,5
1787801,8
1787822,7
1787845,8
1787867,9
1787886,10
1787920,5
1787943,119
1787965,7
1787983,8
1788009,5
1788032,6
1788053,7
1788080,6
1788104,9
1788132,16
1788154,5
1788187,5
1788215,6
1788240,12
1788271,69
1788298,8
1788323,7
1788345,14
1788369,6
1788395,25
1788430,16
1788459,8
1788488,8
1788512,7
1788545,9
1788575,24
1788605,6
1788630,11
1788659,5
1788684,5
1788702,9
1788735,10
1788766,37
1788787,14
1788817,11
1788837,12
1788860,5
1788890,29
1788915,19
1788933,12
1788969,5
1788994,13
1789021,81
1789054,5
1789077,106
1789099,12
1789131,6
1789158,6
1789180,17
1789209,8
1789243,5
1789272,25
1789304,5
1789336,6
1789369,8
1789399,5
1789416,10
1789448,5
1789469,16
1789503,11
1789529,5
1789556,6
1789582,8
1789606,7
1789630,13
1789656,13
1789692,30
1789732,34
1789756,34
1789775,5
1789794,24
1789825,11
1789842,5
1789860,10
1789893,6
1789917,6
1789944,8
1789969,6
1789998,11
1790023,8
1790049,7
1790085,6
1790105,67
1790127,6
1790162,9
1790188,5
1790211,13
1790235,6
1790254,5
1790282,36
1790315,7
1790333,5
1790365,6
1790394,12
1790413,6
1790441,5
1790468,13
1790491,4187
1790523,5
1790554,6
1790573,11
1790596,5
1790624,6
1790655,6
1790689,7
1790715,6
1790738,5
1790778,12
1790809,6
1790835,5
1790855,22
1790884,8
1790913,5
1790939,5
1790960,33
1790982,6
1791000,5
1791024,108
1791052,11
1791086,8
1791118,6
1791145,7
1791166,23
1791189,13
1791211,6
1791242,18
1791268,10
1791293,11
1791312,8
1791335,10
1791358,5
1791386,16
1791418,27
1791440,5
1791464,6
1791493,18
1791516,5
1791540,10
1791563,5
1791583,8
1791603,14
1791625,8
1791652,14
1791682,6
1791712,125
1791740,6
1791766,5
1791790,5
1791818,17
1791841,8
1791856,5
1791885,16
1791923,53
1791950,6
1791970,6
1792000,20
1792021,16
1792049,5
1792079,5
1792114,6
1792136,14
1792164,5
1792192,5
1792213,5
1792243,6
1792266,5
1792289,6
1792311,150
1792331,16
1792347,5
1792371,5
1792393,18
1792418,5
1792443,7
1792476,14
1792496,9
1792523,22
1792550,9
1792570,7
1792595,17
1792616,125
1792645,32
1792674,5
1792701,7
1792732,10
1792752,34
1792771,13
1792795,15
1792820,6
1792846,7
1792869,13
1792896,10
1792916,5
1792942,32
1792970,5
1793001,5
1793036,15
1793064,5
1793094,54
1793131,21
1793162,5
1793186,5
1793212,9
1793234,8
1793259,9
1793290,5
1793310,27
1793335,11
1793367,6
1793393,25
1793415,63
1793439,6
1793455,13
1793486,131
1793508,5
1793531,6
1793561,29
1793594,5
1793616,5
1793642,10
1793659,163
1793673,37
1793693,11
1793712,19
1793734,10
1793761,5
1793801,14
1793830,27
1793850,6
1793882,6
1793910,9
1793930,5
1793952,5
1793984,6
1794016,7
1794044,14
1794067,5
1794093,12
1794136,5
1794168,15
1794189,14
1794211,17
1794239,29
1794273,112
1794300,5
1794323,382
1794351,7
1794367,5
1794385,8
1794412,9
1794436,162
1794472,5
1794493,5
1794520,11
1794544,5
1794568,9
1794594,5
1794627,44
1794653,7
1794686,5
1794710,11
1794739,6
1794765,6
1794781,6
1794805,20
1794829,16
1794853,7
1794880,10
1794902,7
1794921,8
1794940,7
1794962,6
1794982,20
1795006,6
1795038,6
1795055,7
1795077,8
1795101,11
1795135,6
1795165,7
1795181,5
1795212,8
1795233,30
1795252,8
1795271,7
1795310,7
1795337,6
1795367,6
1795401,13
1795430,8
1795463,9
1795493,5
1795509,8
1795532,11
1795556,6
1795579,5
1795604,14
1795625,22
1795646,9
1795666,5
1795695,8
1795731,5
1795760,6
1795784,11
1795809,6
1795832,153
1795863,6
1795890,5
1795912,7
1795931,13
1795955,8
1795982,5
1796009,11
1796032,9
1796057,8
1796079,14
1796106,44
1796130,33
1796153,14
1796177,8
1796209,6
1796238,28
1796256,10
1796277,23
1796296,7
1796318,16
1796338,17
1796361,5
1796379,6
1796398,23
1796432,10
1796453,14
1796474,15
1796496,5
1796523,7
1796546,5
1796564,17
1796588,34
1796620,7
1796648,7
1796672,30
1796694,29
1796718,5
1796747,6
1796778,5
1796811,8
1796839,6
1796866,6
1796895,9
1796918,6
1796936,33
1796959,18
1796978,14
1796999,11
1797022,6
1797041,5
1797062,6
1797093,31
1797117,16
1797142,29
1797169,7
1797199,5
1797232,6
1797256,11
1797285,5
1797312,9
1797339,9
1797360,5
1797379,12
1797419,8
1797443,217
1797464,6
1797490,7
1797513,7
1797542,11
1797565,5
1797585,5
1797621,70
1797644,7
1797675,6
1797702,5
1797732,5
1797756,17
1797776,5
1797808,5
1797839,32
1797867,23
1797888,5
1797903,10
1797931,5
1797960,74
1797982,16
1798009,6
1798037,12
1798064,17
1798086,6
1798115,16
1798149,5
1798166,12
1798189,5
1798209,7
1798237,5
1798257,10
1798280,12
1798311,7
1798331,8
1798364,13
1798390,28
1798417,7
1798445,7
1798476,6
1798502,12
1798527,7
1798557,26
1798573,7
1798601,21
1798623,7
1798649,7
1798673,11
1798708,18
1798735,7
1798758,14
1798786,7
1798816,11
1798852,6
1798878,5
1798906,20
1798939,5
1798959,5
1798982,9
1799008,17
1799031,296
1799062,5
1799080,7
1799103,14
1799129,7
1799158,63
1799181,17
1799206,17
1799223,5
1799243,29
1799268,5
1799294,6
1799321,5
1799340,64
1799374,5
1799396,8
1799426,9
1799450,71
1799475,5
1799518,17
1799557,23
1799585,5
1799618,28
1799643,5
1799662,6
1799690,35
1799721,25
1799744,5
1799765,8
1799782,8
1799812,6
1799841,7
1799862,8
1799887,5
1799918,15
1799948,7
1799975,7
1800004,19
1800037,16
1800068,7
1800088,5
1800117,7
1800140,7
1800163,7
1800190,36
1800223,8
1800253,11
1800278,10
1800304,187
1800332,5
1800364,6
1800389,8
1800419,5
1800455,9
1800474,28
1800493,7
1800514,5
1800541,10
1800565,32
1800588,5
1800617,11
1800637,110
1800662,23
1800684,11
1800708,8
1800741,13
1800785,11
1800809,16
1800826,6
1800849,5
1800870,11
1800891,6
1800927,7
1800954,6
1800988,402
1801020,6
1801042,19
1801070,7
1801093,5
1801113,7
1801136,6
1801161,12
1801184,6
1801212,7
1801245,16
1801277,5
1801301,8
1801321,6
1801355,13
1801384,20
1801410,8
1801434,7
1801460,5
1801475,12
1801507,9
1801528,5
1801552,31
1801576,47
1801596,6
1801632,17
1801658,10
1801682,16
1801707,21
1801734,9
1801760,8
1801786,8
1801815,36
1801838,12
1801868,11
1801886,37
1801917,5
1801939,10
1801966,9
1801990,5
1802013,7
1802036,11
1802059,5
1802083,189
1802105,9
1802126,10
1802153,5
1802180,5
1802219,8
1802241,8
1802266,6
1802289,7
1802310,5
1802332,29
1802362,5
1802397,13
1802422,9
1802454,6
1802478,6
1802498,13
1802519,11
1802546,8
1802574,62
1802597,438
1802616,45
1802640,14
1802666,8
1802699,73
1802728,14
1802753,5
1802780,6
1802811,6
1802838,8
1802869,6
1802897,9
1802926,13
1802955,13
1802980,6
1803021,8
1803049,6
1803066,319
1803087,8
1803107,6
1803123,7
1803147,44
1803168,37
1803190,16
1803224,6
1803243,12
1803268,5
1803295,9
1803324,13
1803353,6
1803373,41
1803394,14
1803425,5
1803443,6
1803459,24
1803482,6
1803506,12
1803533,211
1803562,10
1803588,6
1803623,24
1803640,20
1803666,11
1803697,8
1803721,7
1803746,8
1803770,8
1803794,6
1803812,7
1803838,8
1803864,5
1803892,5
1803912,63
1803942,12
1803968,274
1803993,5
1804018,11
1804048,9
1804073,5
1804102,45
1804124,6
1804147,14
1804166,5
1804185,290
1804217,8
1804247,13
1804273,6
1804297,6
1804329,7
1804354,11
1804387,6
1804415,7
1804428,6
1804449,8
1804484,14
1804513,22
1804543,10
1804573,7
1804594,16
1804623,16
1804645,5
1804655,75
1804676,6
1804699,7
1804719,10
1804744,7
1804761,5
1804783,6
1804810,5
1804835,14
1804858,60
1804883,5
1804906,17
1804931,7
1804958,20
1804980,41
1805010,5
1805026,7
1805061,11
1805088,12
1805116,11
1805143,7
1805173,5
1805204,33
1805231,8
1805255,6
1805278,11
1805305,5
1805333,5
1805368,8
1805399,9
1805423,5
1805441,25
1805469,5
1805503,12
1805533,9
1805560,5
1805593,7
1805620,9
1805652,25
1805682,8
1805708,13
1805737,7
1805773,20
1805802,12
1805826,5
1805853,11
1805874,5
1805901,14
1805926,10
1805952,5
1805977,6
1806004,28
1806032,7
1806054,16
1806090,7
1806118,9
1806147,6
1806173,12
1806205,5
1806231,12
1806262,5
1806290,6
1806313,7
1806334,50
1806356,7
1806385,12
1806406,56
1806434,6
1806465,12
1806492,13
1806524,10
1806547,9
1806569,5
1806601,5
1806632,6
1806658,4187
1806688,7
1806723,5
1806753,15
1806780,7
1806805,7
1806833,6
1806867,5
1806898,10
1806928,17
1806950,6
1806968,5
1806982,6
1807006,25
1807035,6
1807057,91
1807080,41
1807107,9
1807140,12
1807164,9
1807193,15
1807220,22
1807251,14
1807271,10
1807296,5
1807318,8
1807343,20
1807358,8
1807389,14
1807412,159
1807437,13
1807466,5
1807499,24
1807526,8
1807547,11
1807567,10
1807591,5
1807623,5
1807650,12
1807673,5
1807702,13
1807721,17
1807762,5
1807791,5
1807818,8
1807841,5
1807864,5
1807886,26
1807925,9
1807945,6
1807975,6
1807998,8
1808020,5
1808042,8
1808065,5
1808080,6
1808109,17
1808139,5
1808163,36
1808189,8
1808227,23
1808260,6
1808289,75
1808314,10
1808342,6
1808373,69
1808395,24
1808428,7
1808454,9
1808483,5
1808505,5
1808538,8
1808556,5
1808581,7
1808619,6
1808651,12
1808668,45
1808694,7
1808722,6
1808746,5
1808778,9
1808808,13
1808828,12
1808854,11
1808870,5
1808893,5
1808921,7
1808953,21
1808987,11
1809009,298
1809039,13
1809063,5
1809088,9
1809121,16
1809146,8
1809177,5
1809205,6
1809225,5
1809249,6
1809273,9
1809304,22
1809327,20
1809337,6
1809368,17
1809390,7
1809413,6
1809444,12
1809458,37
1809479,5
1809502,7
1809530,10
1809553,16
1809581,7
1809602,6
1809633,9
1809659,11
1809682,5
1809711,5
1809734,5
1809750,19
1809779,5
1809806,6
1809829,6
1809855,15
1809878,7
1809899,9
1809925,5
1809952,32
1809979,16
1810009,6
1810030,17
1810060,8
1810090,5
1810107,5
1810133,6
1810157,5
1810180,5
1810200,5
1810223,7
1810245,9
1810269,8
1810300,6
1810325,7
1810358,6
1810378,24
1810406,6
1810435,10
1810456,5
1810476,12
1810506,67
1810535,6
1810569,6
1810593,7
1810619,5
1810641,5
1810663,9
1810692,9
1810725,28
1810749,6
1810783,5
1810807,32
1810829,17
1810863,5
1810894,5
1810921,5
1810943,7
1810968,59
1810993,35
1811021,12
1811047,6
1811069,39
1811089,11
1811116,18
1811143,7
1811174,40
1811203,6
1811228,109
1811254,7
1811277,5
1811306,6
1811334,15
1811362,6
1811396,24
1811423,6
1811453,5
1811477,5
1811503,10
1811533,7
1811556,5
1811582,12
1811612,5
1811633,10
1811656,6
1811680,6
1811704,16
1811738,32
1811760,5
1811784,13
1811799,7
1811820,20
1811851,31
1811869,35
1811900,10
1811915,5
1811938,14
1811966,7
1811987,12
1812010,45
1812032,10
1812064,5
1812083,6
1812110,10
1812132,5
1812163,9
1812191,5
1812223,34
1812247,15
1812276,120
1812299,114
1812317,6
1812353,6
1812380,22
1812402,15
1812420,17
1812449,12
1812486,6
1812512,5
1812534,8
1812551,9
1812570,16
1812597,6
1812624,10
1812651,10
1812687,5
1812716,18
1812744,84
1812770,22
1812796,14
1812820,13
1812841,13
1812867,9
1812891,27
1812912,10
1812936,7
1812957,5
1812984,9
1813003,9
1813024,6
1813049,153
1813077,7
1813102,7
1813122,34
1813148,11
1813178,9
1813208,12
1813237,33
1813252,6
1813273,8
1813295,16
1813317,500
1813340,5
1813372,20
1813396,5
1813419,5
1813444,8
1813470,10
1813502,8
1813525,36
1813555,63
1813568,6
1813600,9
1813636,7
1813668,5
1813685,24
1813709,21
1813721,8
1813749,9
1813779,17
1813801,18
1813833,5
1813856,539
1813893,5
1813922,17
1813944,217
1813979,8
1814003,16
1814032,5
1814062,13
1814093,5
1814124,12
1814153,8
1814182,5
1814207,7
1814232,5
1814266,5
1814289,45
1814314,6
1814329,5
1814352,6
1814383,5
1814400,8
1814432,6
1814454,15
1814475,5
1814501,265
1814533,8
1814564,9
1814591,7
1814615,10
1814639,6
1814664,5
1814699,44
1814726,9
1814751,39
1814781,15
1814815,5
1814838,8
1814869,9
1814894,6
1814921,7
1814952,10
1814979,6
1815004,5
1815026,8
1815055,8
1815078,6
1815103,5
1815134,6
1815147,7
1815171,9
1815192,9
1815216,18
1815252,5
1815284,7
1815324,14
1815348,10
1815369,26
1815392,7
1815419,14
1815454,9
1815475,8
1815500,32
1815521,5
1815557,9
1815585,7
1815610,5
1815642,10
1815668,36
1815702,9
1815733,7
1815761,5
1815796,12
1815826,36
1815857,7
1815878,8
1815910,9
1815939,6
1815965,7
1815991,5
1816018,7
1816049,8
1816081,10
1816099,17
1816130,17
1816163,8
1816184,7
1816214,9
1816241,5
1816268,7
1816290,22
1816310,5
1816336,8
1816360,6
1816378,11
1816399,36
1816422,5
1816451,18
1816484,13
1816515,6
1816545,5
1816571,6
1816596,5
1816617,19
1816645,9
1816674,24
1816698,6
1816723,6
1816747,23
1816779,11
1816812,6
1816843,10
1816862,6
1816904,50
1816929,5
1816957,6
1816981,9
1817006,5
1817027,6
1817049,8
1817073,13
1817094,6
1817125,5
1817165,5
1817192,6
1817229,12
1817254,6
1817272,7
1817299,35
1817323,8
1817351,25
1817380,8
1817407,5
1817430,9
1817449,63
1817474,22
1817490,8
1817518,34
1817544,10
1817577,11
1817601,8
1817631,8
1817652,21
1817678,15
1817706,7
1817733,41
1817754,6
1817785,7
1817811,5
1817839,5
1817863,77
1817878,23
1817908,18
1817937,8
1817960,5
1817984,16
1818014,5
1818034,10
1818059,6
1818082,7
1818117,17
1818133,14
1818160,9
1818186,5
1818209,9
1818239,9
1818266,7
1818287,6
1818308,6
1818334,7
1818362,5
1818397,20
1818429,10
1818461,7
1818488,7
1818509,31
1818540,5
1818562,16
1818586,6
1818615,9
1818643,6
1818673,6
1818697,44
1818721,5
1818743,9
1818769,29
1818796,10
1818818,11
1818847,37
1818872,6
1818898,7
1818918,18
1818945,31
1818970,7
1818986,9
1819010,11
1819038,5
1819069,7
1819097,7
1819121,5
1819146,5
1819176,14
1819205,5
1819235,5
1819260,6
1819284,6
1819314,5
1819345,86
1819373,60
1819397,10
1819423,63
1819445,723
1819467,6
1819488,5
1819511,76
1819532,48
1819563,11
1819578,6
1819600,6
1819629,7
1819653,6
1819681,6
1819705,9
1819733,5
1819761,13
1819788,18
1819824,5
1819848,7
1819862,9
1819884,12
1819914,18
1819938,6
1819956,9
1819988,12
1820014,16
1820034,27
1820060,7
1820091,8
1820119,7
1820144,13
1820166,14
1820195,6
1820214,11
1820235,8
1820265,16
1820288,5
1820318,6
1820348,9
1820373,34
1820402,11
1820424,8
1820454,17
1820476,6
1820499,5
1820530,12
1820560,5
1820585,7
1820604,46
1820630,9
1820645,6
1820679,12
1820710,5
1820734,19
1820766,5
1820801,11
1820827,6
1820863,16
1820894,6
1820923,6
1820955,7
1820971,7
1820992,5
1821022,33
1821046,104
1821067,15
1821089,6
1821106,17
1821138,9
1821168,15
1821199,5
1821230,9
1821254,5
1821277,5
1821300,5
1821315,583
1821340,46
1821361,8
1821392,5
1821418,6
1821438,18
1821460,6
1821483,31
1821517,5
1821542,12
1821563,5
1821584,35
1821610,21
1821636,5
1821662,37
1821688,14
1821710,9
1821738,6
1821754,9
1821779,5
1821807,5
1821839,15
1821867,23
1821896,1479
1821914,8
1821935,5
1821959,10
1821983,7
1821999,5
1822021,5
1822048,5
1822071,6
1822097,6
1822131,23
1822163,7
1822187,11
1822221,15
1822243,6
1822259,6
1822283,5
1822315,6
1822348,8
1822364,10
1822388,21
1822409,6
1822432,7
1822462,5
1822479,22
1822511,27
1822535,7
1822564,9
1822589,5
1822611,8
1822630,24
1822658,5
1822680,5
1822704,6
1822735,13
1822756,9
1822791,80
1822824,14
1822856,17
1822878,5
1822899,5
1822931,5
1822953,7
1822976,17
1823005,10
1823036,14
1823065,5
1823099,38
1823126,10
1823160,7
1823179,5
1823207,8
1823231,5
1823262,10
1823289,18
1823313,14
1823334,50
1823369,12
1823399,16
1823430,11
1823454,5
1823491,5
1823513,5
1823534,8
1823562,5
1823591,5
1823608,11
1823622,7
1823651,5
1823676,5
1823700,17
1823732,43
1823758,6
1823788,5
1823816,6
1823841,8
1823863,9
1823890,7
1823929,5
1823963,6
1823991,7
1824013,5
1824040,21
1824069,6
1824095,78
1824133,68
1824159,6
1824193,10
1824212,7
1824244,7
1824262,8
1824284,6
1824312,7
1824340,54
1824370,5
1824399,10
1824427,10
1824454,55
1824477,15
1824501,5
1824528,18
1824557,22
1824584,5844
1824610,16
1824640,17
1824668,5
1824690,8
1824720,13
1824745,7
1824772,6
1824803,5
1824830,27
1824850,130
1824877,7
1824907,11
1824946,9
1824975,7
1825003,12
1825030,6
1825053,7
1825075,5
1825095,11
1825126,7
1825153,21
1825183,9
1825213,5
1825239,15
1825271,31
1825301,9
1825331,5
1825353,7
1825377,15
1825402,29
1825431,5
1825459,11
1825490,5
1825513,9
1825531,5
1825562,7
1825592,18
1825616,5
1825640,27
1825667,8
1825690,32
1825718,12
1825741,5
1825769,5
1825799,7
1825825,6
1825850,11
1825875,6
1825892,8
1825920,8
1825951,5
1825979,8
1826009,18
1826036,6
1826059,5
1826079,32
1826105,32
1826126,14
1826144,5
1826172,5
1826195,12
1826221,6
1826248,6
1826272,5
1826299,7
1826328,15
1826351,26
1826383,11
1826405,5
1826432,6
1826455,6
1826485,15
1826522,6
1826555,8
1826580,5
1826598,6
1826624,233
1826652,26
1826678,15
1826702,13
1826727,5
1826748,10
1826772,7
1826801,25
1826829,16
1826852,9
1826882,13
1826910,27
1826936,5
1826966,16
1827012,5
1827031,5
1827054,37
1827079,5
1827099,13
1827125,8
1827149,44
1827178,9
1827210,8
1827237,7
1827266,9
1827293,40
1827328,8
1827348,5
1827374,5
1827396,13
1827415,5
1827436,10
1827462,7
1827490,132
1827519,6
1827533,5
1827562,5
1827581,37
1827605,6
1827630,7
1827672,6
1827700,159
1827726,5
1827746,17
1827778,10
1827798,5
1827817,28
1827850,24
1827883,5
1827917,6
1827944,5
1827968,7
1828001,12
1828026,103
1828056,9
1828085,114
1828114,5
1828139,10
1828165,98
1828187,5
1828211,11
1828242,10
1828271,9
1828291,9
1828318,20
1828357,6
1828380,7
1828407,156
1828430,6
1828458,5
1828480,23
1828511,16
1828535,23
1828562,5
1828584,15
1828606,5
1828632,5
1828650,18
1828687,32
1828711,13
1828740,5
1828777,11
1828805,6
1828831,6
1828859,6
1828885,5
1828915,9
1828942,8
1828975,5
1829002,5
1829031,16
1829053,5
1829072,28
1829109,13
1829126,8
1829143,10
1829164,12
1829189,6
1829212,5
1829247,15
1829266,12
1829286,40
1829309,14
1829337,377
1829355,6
1829382,6
1829402,41
1829430,5
1829462,58
1829484,5
1829509,10
1829538,18
1829570,8
1829591,7
1829618,47
1829646,7
1829677,172
1829707,5
1829732,24
1829763,28
1829790,30
1829818,409
1829843,8
1829863,275
1829892,25
1829929,43
1829949,83
1829986,32
1830014,9
1830046,6
1830075,10
1830102,12
1830130,7
1830159,5
1830188,7
1830210,5
1830228,5
1830255,5
1830280,10
1830300,5
1830322,5
1830353,5
1830378,12
1830406,5
1830439,6
1830461,5
1830483,5
1830501,39
1830521,32
1830540,7
1830567,5
1830597,12
1830624,7
1830654,5
1830691,552
1830723,10
1830750,6
1830782,6
1830804,17
1830831,7
1830849,7
1830873,6
1830898,10
1830922,20
1830944,46
1830966,12
1830994,6
1831025,14
1831047,9
1831070,8
1831094,7
1831119,5
1831140,5
1831171,8
1831198,6
1831216,8
1831238,12
1831257,5
1831284,25
1831313,71
1831335,5
1831368,8
1831395,8
1831419,12
1831450,6
1831483,7
1831507,12
1831527,5
1831554,7
1831583,5
1831604,5
1831622,6
1831653,9
1831676,45
1831703,6
1831729,5
1831761,12
1831791,7
1831823,6
1831855,100
1831889,8
1831920,6
1831941,30
1831967,6
1831989,6
1832022,5
1832040,73
1832063,5
1832090,8
1832110,9
1832142,8
1832171,21
1832192,6
1832223,33
1832244,56
1832280,88
1832308,5
1832339,25
1832369,15
1832408,7
1832434,7
1832453,5
1832487,9
1832513,7
1832544,44
1832562,6
1832595,6
1832620,6
1832657,12
1832682,5
1832709,34
1832736,6
1832756,5
1832784,6
1832811,5
1832835,9
1832866,5
1832885,7
1832908,6
1832936,7
1832965,11
1832999,12
1833024,7
1833051,22
1833073,11
1833105,18
1833125,7
1833150,6
1833184,7
1833202,39
1833229,5
1833246,28
1833272,7
1833311,5
1833329,27
1833348,27
1833385,5
1833410,57
1833432,5
1833447,231
1833472,5
1833504,6
1833531,6
1833560,6
1833584,21
1833606,7
1833633,11
1833660,20
1833691,6
1833727,6
1833748,12
1833770,151
1833790,9
1833807,5
1833842,8
1833867,8
1833894,6
1833919,97
1833955,6
1833980,13
1834016,5
1834042,100
1834067,5
1834092,5
1834118,11
1834141,22
1834166,7
1834188,12
1834209,6
1834238,7
1834261,6
1834295,641
1834316,10
1834335,5
1834372,5
1834392,5
1834420,7
1834449,62
1834480,5
1834499,90
1834527,5
1834551,22
1834584,12
1834604,5
1834629,5
1834661,79
1834690,8
1834718,8
1834745,21
1834769,12
1834795,10
1834820,6
1834844,35
1834869,9
1834896,5
1834918,7
1834942,10
1834969,5
1834986,5
1835011,13
1835036,6
1835060,19
1835083,11
1835100,15
1835124,6
1835147,5
1835177,22
1835202,614
1835232,5
1835259,60
1835287,61
1835314,5
1835336,31
1835362,9
1835380,26
1835404,7
1835431,10
1835459,8
1835490,28
1835520,7
1835541,6
1835566,12
1835596,7
1835622,6
1835648,6
1835679,5
1835711,5
1835731,6
1835763,5
1835779,16
1835805,8
1835838,27
1835869,7
1835895,5
1835917,178
1835941,25
1835969,267
1835991,72
1836010,5
1836046,10
1836068,15
1836106,10
1836128,26
1836155,12
1836188,12
1836214,34
1836248,5
1836276,5
1836300,409
1836327,6
1836350,5
1836378,35
1836406,5
1836433,8
1836463,16
1836496,5
1836539,7
1836570,6
1836599,6
1836623,7
1836654,5
1836683,14
1836712,42
1836742,6
1836774,8
1836815,7
1836837,8
1836863,70
1836889,32
1836922,6
1836949,12
1836974,9
1837010,9
1837035,6
1837058,6
1837081,16
1837118,25
1837145,7
1837171,13
1837189,5
1837213,9
1837239,27
1837263,5
1837290,49
1837321,12
1837342,9
1837374,5
1837401,124
1837429,5
1837446,5
1837464,47
1837499,37
1837526,6
1837557,7
1837578,10
1837608,25
1837635,5
1837662,26
1837689,47
1837724,90
1837751,6
1837776,7
1837805,7
1837822,12
1837834,8
1837861,6
1837889,8
1837921,11
1837954,7
1837976,6
1838001,6
1838034,8
1838058,8
1838086,15
1838105,5
1838133,16
1838161,5
1838186,52
1838212,7
1838230,6
1838253,31
1838282,37
1838323,8
1838351,6
1838371,24
1838392,7
1838416,8
1838440,9
1838461,8
1838488,95
1838509,7
1838539,5
1838563,36
1838589,13
1838614,85
1838640,22
1838660,7
1838688,13
1838710,5
1838726,5
1838754,5
1838781,5
1838807,127
1838841,9
1838870,5
1838896,9
1838919,5
1838943,6
1838965,6
1838993,8
1839018,7
1839046,9
1839071,16
1839095,51
1839120,9
1839145,66
1839163,8
1839190,5
1839208,14
1839231,5
1839257,5
1839283,10
1839305,17
1839329,5
1839354,5
1839377,5
1839402,6
1839430,11
1839464,8
1839487,11
1839509,7
1839544,5
1839568,5
1839587,6
1839612,23
1839635,14
1839656,5
1839677,47
1839707,48
1839741,8
1839785,17
1839817,7
1839842,9
1839868,5
1839896,5
1839919,12
1839947,6
1839978,11
1840002,5
1840025,5
1840052,10
1840084,5
1840109,21
1840136,28
1840163,14
1840182,7
1840204,18
1840235,16
1840263,17
1840294,6
1840324,11
1840347,7
1840369,204
1840397,5
1840415,26
1840444,6
1840463,6
1840491,5
1840518,15
1840547,7
1840580,7
1840619,5
1840644,7
1840678,7
1840705,6
1840726,6
1840746,6
1840776,5
1840807,5
1840834,15
1840853,6
1840874,7
1840900,9
1840919,10
1840946,7
1840978,15
1840997,11
1841018,7
1841044,7
1841062,24
1841088,5
1841116,5
1841144,455
1841171,7
1841201,5
1841224,5
1841253,8
1841277,7
1841296,5
1841320,13
1841345,7
1841373,9
1841396,8
1841412,44
1841438,16
1841465,15
1841494,5
1841524,9
1841538,5
1841565,5
1841597,119
1841626,18
1841655,10
1841674,145
1841711,6
1841735,6
1841763,5
1841785,30
1841817,15
1841841,36
1841869,9
1841889,5
1841916,6
1841939,29
1841969,5
1841994,6
1842016,9
1842051,18
1842079,9
1842107,11
1842135,66
1842171,5
1842196,5
1842217,8
1842247,29
1842277,5
1842307,5
1842334,6
1842355,5
1842386,30
1842413,6
1842436,27
1842458,12
1842484,8
1842513,27
1842543,5
1842565,16
1842589,5
1842616,9
1842648,14
1842674,10
1842700,11
1842730,101
1842750,5
1842772,15
1842802,10
1842832,12
1842859,8
1842895,9
1842924,5
1842942,18
1842968,11
1842993,6
1843016,7
1843042,5
1843064,8
1843090,61
1843118,32
1843131,8
1843158,25
1843188,6
1843215,107
1843236,31
1843257,5
1843279,6
1843301,17
1843316,13
1843336,7
1843368,42
1843392,44
1843416,7
1843444,59
1843473,13
1843500,11
1843525,12
1843548,7
1843575,5
1843599,6
1843619,6
1843641,8
1843671,6
1843697,6
1843732,8
1843750,7
1843771,6
1843796,8
1843813,5658
1843846,9
1843870,23
1843900,23
1843934,28
1843960,16
1843992,18
1844024,25
1844045,11
1844067,11
1844092,8
1844114,8
1844137,6
1844163,6
1844186,268
1844210,59
1844245,106
1844264,5
1844296,34
1844319,356
1844345,6
1844374,7
1844395,27
1844419,6
1844439,5
1844462,15
1844489,6
1844505,54
1844532,5
1844553,10
1844572,5
1844597,22
1844610,15
1844632,12
1844657,17
1844686,5
1844708,7
1844735,6
1844756,28
1844786,5
1844815,5
1844835,11
1844863,59
1844887,45
1844920,39
1844948,8
1844970,5
1844995,7
1845014,10
1845043,5
1845068,6
1845091,6
1845112,8
1845139,37
1845170,14
1845193,5
1845221,48
1845243,8
1845263,5
1845295,13
1845325,5
1845342,204
1845381,6
1845415,11
1845433,9
1845459,6
1845484,5
1845516,8
1845542,10
1845575,13
1845596,7
1845620,9
1845649,10
1845675,6
1845702,14
1845731,716
1845767,19
1845791,7
1845822,13
1845850,8
1845881,12
1845907,8
1845935,14
1845961,11
1845988,6
1846016,5
1846037,11
1846067,7
1846099,14
1846121,7
1846142,8
1846168,5
1846199,5
1846226,13
1846261,5
1846283,6
1846306,5
1846335,8
1846359,12
1846387,8
1846418,10
1846444,13
1846476,34
1846504,11
1846536,5
1846562,8
1846594,6
1846618,21
1846646,16
1846667,11
1846703,5
1846729,25
1846756,152
1846790,5
1846813,5
1846849,5
1846862,21
1846895,19
1846926,35
1846945,6
1846959,5
1846980,15
1847004,7
1847028,646
1847050,5
1847071,6
1847094,6
1847121,19
1847147,18
1847172,84
1847204,5
1847232,6
1847260,6
1847278,28
1847309,5
1847337,18
1847365,13
1847387,17
1847416,6
1847441,7
1847466,5
1847495,9
1847528,10
1847553,7
1847574,43
1847609,15
1847639,8
1847674,42
1847698,14
1847719,12
1847743,49
1847776,7
1847798,11
1847827,5
1847849,30
1847874,18
1847899,9
1847925,9
1847953,6
1847977,7
1848004,19
1848025,6
1848054,53
1848085,18
1848113,10
1848135,17
1848166,7
1848193,9
1848217,6
1848237,96
1848264,5
1848295,5
1848322,9
1848354,5
1848384,100
1848409,5
1848435,112
1848455,5
1848487,5
1848513,36
1848537,72
1848564,8
1848592,6
1848613,7
1848641,11
1848673,5
1848700,8
1848729,9
1848761,8
1848792,137
1848826,78
1848853,5
1848880,6
1848911,16
1848945,7
1848973,9
1848987,7
1849017,8
1849046,11
1849080,5
1849104,23
1849127,11
1849149,10
1849179,34
1849202,12
1849230,5
1849266,6
1849292,5
1849329,40
1849354,7
1849380,5
1849407,6
1849431,8
1849455,9
1849473,12
1849496,5
1849530,9
1849553,12
1849586,9
1849609,10
1849640,7
1849665,7
1849692,7
1849715,16
1849748,71
1849775,6
1849790,9
1849817,7
1849852,7
1849876,21
1849899,5
1849930,5
1849960,11
1849984,11
1850011,9
1850037,7
1850066,7
1850092,7
1850117,5
1850135,82
1850155,20
1850180,10
1850210,6
1850240,6
1850266,6
1850283,25
1850303,9
1850332,38
1850356,8
1850396,6
1850422,20
1850447,6
1850483,52
1850503,5
1850528,15
1850557,425
1850583,6
1850598,82
1850619,6
1850652,18
1850672,92
1850695,8
1850719,127
1850739,15
1850757,7
1850773,9
1850799,9
1850819,5
1850846,30
1850875,40
1850897,7
1850927,139
1850965,6
1850987,6
1851019,8
1851039,7
1851060,12
1851087,10
1851108,9
1851136,8
1851165,8
1851190,17
1851208,10
1851234,8
1851266,6
1851285,6
1851307,5
1851336,6
1851363,5
1851386,4341
1851404,9
1851425,12
1851446,7
1851473,6
1851498,6
1851523,86
1851545,5
1851572,48
1851589,10
1851611,14
1851639,19
1851664,5
1851692,16
1851713,74
1851739,5
1851771,50
1851789,16
1851813,72
1851837,48
1851865,17
1851892,5
1851922,12
1851944,6
1851967,6
1851992,14
1852016,10
1852040,5
1852062,6
1852090,13
1852116,10
1852151,5
1852171,20
1852198,7
1852227,11
1852250,13
1852278,8
1852299,7
1852329,75
1852353,9
1852381,11
1852407,6
1852431,6
1852458,8
1852479,27
1852507,26
1852527,5
1852548,19
1852573,10
1852589,5
1852606,7
1852627,13
1852657,5
1852686,8
1852711,6
1852734,55
1852769,6
1852795,30
1852818,12
1852846,7
1852865,305
1852892,13
1852912,5
1852943,8
1852958,5
1852979,5
1853001,5
1853034,5
1853058,25
1853084,12
1853117,7
1853140,5
1853167,10
1853196,5
1853220,6
1853251,6
1853273,22
1853297,10
1853329,9
1853350,7
1853380,256
1853401,7
1853427,6
1853449,7
1853478,23
1853504,20
1853533,7
1853551,8
1853574,37
1853606,5
1853627,15
1853661,5
1853686,17
1853716,8
1853739,54
1853760,6
1853795,8
1853812,6
1853836,5
1853856,6
1853881,7
1853898,10
1853922,7
1853949,5
1853970,9
1853996,5
1854023,13
1854053,12
1854079,7
1854103,9
1854133,7
1854157,5
1854188,6
1854205,5
1854231,5
1854259,7
1854287,6
1854314,6
1854335,6
1854369,10
1854403,15
1854424,5
1854446,5
1854472,14
1854494,12
1854519,266
1854548,5
1854571,20
1854583,28
1854613,6
1854639,13
1854669,20
1854695,7
1854721,5
1854745,7
1854777,12
1854794,10
1854821,5
1854851,5
1854876,5
1854901,7
1854932,15
1854963,159
1854979,15
1855013,8
1855050,8
1855080,23
1855105,5
1855129,18
1855149,6
1855175,42
1855192,8
1855217,6
1855240,6
1855262,16
1855284,12
1855312,5
1855339,7
1855357,18
1855384,11
1855411,14
1855433,26
1855457,67
1855480,6
1855504,18
1855529,10
1855559,31
1855571,5
1855597,12
1855619,5
1855655,5
1855681,9
1855713,10
1855733,12
1855759,7
1855792,10
1855821,7
1855850,9
1855883,5
1855911,16
1855937,6
1855966,6
1856000,10
1856015,7
1856044,40
1856060,20
1856085,12
1856113,114
1856132,18
1856156,6
1856178,26
1856193,8
1856218,25
1856243,6
1856275,42
1856310,16
1856332,28
1856360,5
1856387,51
1856416,7
1856433,54
1856468,7
1856489,20
1856516,6
1856541,8
1856560,6
1856583,10
1856607,21
1856629,8
1856663,7
1856696,17
1856719,131
1856745,6
1856776,34
1856797,21
1856821,6
1856851,45
1856872,8
1856904,20
1856935,7
1856955,6
1856975,5
1856995,17
1857019,5
1857046,9
1857072,7
1857100,10
1857132,5
1857154,9
1857180,8
1857198,8
1857224,35
1857253,8
1857283,6
1857300,12
1857321,8
1857358,5
1857383,5
1857401,23
1857429,9
1857456,6
1857479,12
1857504,6
1857530,7
1857557,10
1857585,5
1857615,6
1857644,7
1857667,9
1857683,9
1857706,6
1857729,5
1857763,7
1857779,33
1857821,5
1857840,6
1857866,14
1857893,7
1857920,5
1857941,8
1857966,8
1857998,10
1858032,5
1858059,8
1858091,783
1858117,5
1858149,6
1858176,5
1858201,7
1858233,5
1858250,7
1858271,54
1858297,6
1858321,5
1858350,7
1858377,5
1858408,5
1858436,7
1858456,22
1858489,994
1858518,6
1858535,61
1858563,24
1858589,8
1858620,18
1858649,8
1858676,56
1858703,5
1858731,9
1858765,9
1858789,7
1858806,71
1858832,5
1858867,56
1858896,17
1858916,5
1858941,5
1858965,9
1858991,5
1859031,5
1859055,20
1859081,7
1859105,6
1859127,5
1859150,21
1859180,20
1859200,12
1859230,8
1859263,12
1859294,7
1859324,8
1859343,5
1859367,8
1859399,8
1859424,6
1859459,7
1859481,8
1859499,12
1859522,6
1859547,8
1859580,32
1859608,25
1859636,16
1859668,29
1859690,19
1859717,9
1859747,21
1859778,2507
1859808,10
1859834,5
1859870,7
1859901,12
1859934,3757
1859960,10
1859985,15
1860008,17
1860036,5
1860057,49
1860081,17
1860109,20
1860140,11
1860164,5
1860190,9
1860209,7
1860237,45
1860265,8
1860294,6
1860316,6
1860331,10
1860363,8
1860377,6
1860398,9
1860417,8
1860439,24
1860471,21
1860493,7
1860522,49
1860548,38
1860579,5
1860601,8
1860636,8
1860655,7
1860685,8
1860715,5
1860741,5
1860766,8
1860795,66
1860821,36
1860850,7
1860881,5
1860898,6
1860922,5
1860953,5
1860980,243
1861004,7
1861032,102
1861058,7
1861084,7
1861103,5
1861133,8
1861154,5
1861176,5
1861200,17
1861224,15
1861246,13
1861271,5
1861300,6
1861330,6
1861355,6
1861383,6
1861408,5
1861443,6
1861472,5
1861500,5
1861517,21
1861554,5
1861576,5
1861593,25
1861617,5
1861644,8
1861673,8
1861697,8
1861729,11
1861751,6
1861782,6
1861803,8
1861837,6
1861862,6
1861888,6
1861924,6
1861942,5
1861963,5
1861991,153
1862023,5
1862044,8
1862070,6
1862095,12
1862119,12
1862146,33
1862174,7
1862195,5
1862218,5
1862247,7
1862278,7
1862302,11
1862335,5
1862367,5
1862389,101
1862408,14
1862432,6
1862461,5
1862498,14
1862528,6
1862553,7
1862584,31
1862610,29
1862642,26
1862666,5
1862693,7
1862717,5
1862740,15
1862760,7
1862783,22
1862805,19
1862821,6
1862846,5
1862874,71
1862903,9
1862931,16
1862958,6
1862983,5
1863011,5
1863039,15
1863064,58
1863085,9
1863103,5
1863127,10
1863155,10
1863173,7
1863198,91
1863227,5
1863255,14
1863281,15
1863307,17
1863333,5
1863359,5
1863387,34
1863418,211
1863448,6
1863470,5
1863493,1177
1863519,8
1863538,5
1863557,7
1863585,5
1863602,6
1863626,6
1863646,6
1863666,21
1863687,25
1863708,5
1863731,6
1863759,7
1863788,5
1863810,5
1863834,24
1863853,8
1863880,9
1863911,7
1863929,139
1863959,27
1863993,7
1864024,13
1864052,27
1864072,7
1864102,11
1864127,5
1864147,8
1864180,19
1864199,12
1864223,6
1864250,7
1864280,5
1864307,6
1864343,14
1864373,14
1864402,9
1864425,5
1864454,5
1864477,5
1864499,8
1864520,9
1864545,7
1864557,11
1864582,11
1864607,13
1864639,9
1864662,9
1864680,5
1864710,5
1864735,5
1864755,6
1864785,29
1864803,9
1864836,5
1864859,6
1864886,21
1864912,6
1864935,6
1864964,13
1864989,5
1865017,13
1865045,8
1865067,6
1865093,23
1865118,10
1865142,7
1865167,74
1865185,6
1865207,20
1865236,5
1865257,7
1865285,93
1865304,5
1865327,5
1865352,18
1865386,20
1865411,22
1865440,10
1865458,10
1865489,8
1865515,5
1865544,95
1865570,5
1865591,6
1865612,37
1865635,7
1865658,9
1865674,7
1865708,46
1865739,6
1865764,5
1865786,7
1865812,12
1865838,5
1865861,7
1865882,12
1865901,5
1865922,5
1865945,34
1865982,12
1866002,10
1866028,5
1866047,13
1866069,7
1866089,9
1866108,8
1866126,6
1866154,5
1866186,5
1866219,18
1866238,16
1866262,5
1866278,5
1866308,14
1866332,6
1866353,6
1866382,10
1866403,6
1866424,6
1866454,13
1866481,5
1866510,17
1866529,13
1866565,7
1866590,48
1866619,5
1866642,38
1866666,5
1866697,28
1866720,14
1866742,13
1866765,7
1866793,7
1866819,5
1866851,5
1866878,36
1866905,5
1866936,6
1866966,66
1866987,11
1867010,8
1867036,5
1867062,6
1867087,24
1867112,62
1867136,66
1867163,5
1867184,5
1867210,6
1867242,29
1867261,8
1867281,6
1867311,27
1867337,9
1867350,7
1867376,24
1867398,6
1867422,14
1867450,6
1867475,5
1867498,20
1867531,13
1867554,6
1867579,5
1867604,5
1867641,63
1867670,14
1867704,5
1867736,62
1867753,12
1867779,5
1867809,24
1867840,5
1867867,10
1867890,15
1867913,8
1867941,5
1867960,7
1867999,12
1868028,5
1868054,5
1868092,6
1868111,5
1868136,7
1868167,9
1868197,7
1868230,8
1868255,45
1868276,6
1868301,19
1868334,10
1868365,12
1868390,5
1868409,13
1868434,11
1868460,5
1868485,7
1868520,62
1868558,10
1868586,5
1868614,5
1868640,11
1868664,31
1868687,6
1868716,6
1868743,6
1868780,9
1868799,5
1868830,11
1868858,8
1868883,7
1868910,9
1868933,7
1868954,5
1868977,5
1869000,10
1869031,7
1869053,11
1869077,15
1869105,9
1869138,15
1869157,9
1869178,5
1869190,6
1869223,7
1869253,6
1869276,5
1869302,7
1869328,5
1869349,73
1869370,7
1869397,6
1869424,10
1869445,6
1869471,6
1869489,8
1869514,6
1869557,8
1869585,8
1869616,13
1869645,10
1869672,5
1869696,6
1869728,19
1869750,5
1869781,6
1869804,27
1869826,8
1869850,6
1869879,6
1869917,5
1869947,5
1869970,5
1869991,7
1870017,5
1870040,9
1870069,5
1870096,5
1870122,5
1870153,8
1870177,87
1870202,9
1870234,6
1870258,10
1870283,5
1870306,14
1870333,7
1870364,10
1870387,8
1870414,2372
1870436,5
1870454,5
1870482,6
1870512,7
1870541,6
1870557,9
1870583,5
1870616,5
1870649,63
1870667,12
1870688,17
1870712,24
1870733,5
1870752,15
1870782,5
1870802,11
1870836,20
1870866,9
1870898,8
1870924,6
1870968,5
1870988,9
1871012,5
1871036,12
1871068,5
1871090,5
1871118,5
1871140,6
1871172,6
1871196,8
1871222,28
1871247,7
1871268,5
1871295,52
1871320,7
1871345,5
1871367,7
1871389,6
1871407,7
1871431,10
1871458,28
1871491,13
1871508,5
1871530,15
1871559,5
1871587,14
1871611,37
1871635,8
1871658,6
1871685,8
1871708,11
1871734,21
1871762,103
1871794,5
1871823,5
1871854,5
1871877,6
1871898,5
1871920,5
1871948,5
1871976,5
1871998,73
1872020,7
1872054,53
1872088,6
1872114,8
1872139,251
1872172,112
1872205,38
1872230,8
1872253,5
1872272,18
1872307,6
1872333,9
1872352,22
1872382,21
1872401,5
1872436,5
1872458,7
1872484,5
1872509,67
1872537,6
1872565,10
1872587,6
1872611,11
1872631,8
1872658,6
1872685,5
1872710,5
1872737,9
1872757,5
1872779,7
1872805,10
1872830,29
1872859,143
1872884,5
1872912,8
1872936,7
1872961,10
1872988,15
1873014,7
1873047,10
1873072,5
1873105,6
1873132,39
1873160,8
1873196,6
1873219,25
1873246,5
1873260,7
1873279,17
1873300,10
1873324,7
1873346,19
1873363,13
1873383,51
1873406,27
1873434,5
1873459,12
1873487,16
1873514,16
1873527,6
1873554,6
1873583,7
1873611,21
1873645,82
1873671,5
1873698,7
1873726,23
1873755,6
1873779,44
1873800,6
1873830,6
1873849,12
1873877,6
1873910,15
1873939,7
1873970,20
1873988,113
1874017,5
1874032,14
1874068,9
1874091,6
1874111,5
1874143,8
1874170,5
1874198,5
1874221,5
1874258,5
1874284,6
1874306,132
1874334,25
1874360,5
1874387,6
1874412,15
1874434,6
1874466,8
1874495,64
1874514,7
1874538,12
1874580,10
1874606,7
1874635,7
1874664,28
1874693,33
1874720,9
1874743,24
1874770,66
1874799,5
1874820,8
1874841,6
1874868,146
1874898,7
1874923,5
1874956,5
1874978,11
1875006,9
1875042,29
1875077,50
1875101,7
1875121,22
1875144,110
1875168,5
1875193,9
1875218,5
1875238,6
1875266,39
1875298,6
1875321,9
1875341,7
1875363,6
1875386,8
1875415,8
1875435,7
1875457,13
1875491,18
1875517,5
1875538,5
1875555,184
1875587,5
1875614,11
1875637,37
1875659,6
1875684,16
1875704,8
1875726,5
1875757,25
1875779,11
1875805,8
1875842,7
1875868,22
1875897,7
1875925,7
1875943,15
1875977,12
1875998,13
1876025,5
1876046,10
1876071,52
1876100,11
1876127,11
1876154,5
1876180,17
1876207,5
1876222,15
1876252,18
1876273,18
1876296,139
1876323,38
1876347,26
1876373,28
1876399,5
1876420,5
1876440,9
1876467,8
1876497,6
1876527,8
1876555,7
1876573,23
1876595,9
1876616,40
1876643,14
1876672,7
1876701,5
1876724,5
1876755,6
1876777,20
1876801,10
1876819,11
1876838,25
1876861,5
1876895,72
1876922,98
1876937,26
1876977,6
1877003,19
1877033,6
1877068,5
1877095,5
1877118,6
1877147,5
1877167,6
1877194,11
1877211,28
1877234,11
1877256,13
1877283,7
1877313,191
1877335,5
1877370,11
1877397,9
1877433,51
1877464,5
1877486,8
1877512,9
1877540,16
1877572,5
1877591,10
1877620,93
1877644,7
1877667,15
1877695,5
1877713,71
1877737,5
1877763,13
1877800,100
1877820,9
1877850,10
1877883,8
1877909,79
1877936,14
1877969,17
1878003,21
1878037,8
1878050,16
1878074,6
1878101,11
1878127,8
1878150,344
1878170,5
1878194,5
1878225,6
1878247,6
1878270,11
1878301,12
1878324,45
1878338,7
1878369,42
1878401,5
1878424,6
1878441,5
1878475,24
1878513,22
1878546,6
1878581,37
1878612,5
1878642,6
1878670,6
1878695,7
1878724,11
1878763,13
1878791,7
1878814,6
1878842,6
1878865,35
1878891,7
1878925,14
1878952,34
1878981,11
1879002,5
1879024,13
1879046,13
1879070,9
1879098,6
1879114,5
1879140,6
1879162,5
1879189,5
1879215,139
1879243,6
1879271,25
1879293,5
1879324,7
1879343,7
1879366,5
1879395,28
1879422,6
1879444,6
1879474,21
1879501,5
1879522,6
1879545,6
1879569,23
1879597,15
1879620,105
1879650,26
1879675,5
1879703,32
1879723,9
1879754,15
1879783,6
1879800,6
1879834,12
1879869,7
1879888,9
1879911,12
1879947,26
1879973,13
1879996,51
1880025,6
1880050,31
1880070,5
1880101,27
1880126,5
1880149,6
1880175,10
1880195,10
1880218,11
1880240,22
1880264,5
1880283,28
1880301,10
1880326,6
1880350,6
1880378,6
1880407,40
1880435,9
1880452,10
1880475,5
1880512,5
1880543,9
1880569,9
1880591,9
1880618,715
1880645,6
1880668,8
1880698,7
1880725,6
1880750,527
1880780,10
1880809,12
1880832,6
1880856,9
1880878,8
1880898,5
1880922,13
1880946,7
1880962,12
1880993,7
1881021,20
1881039,6
1881058,31
1881079,8
1881113,68
1881137,15
1881170,62
1881190,7
1881215,5
1881243,8
1881257,12
1881288,7
1881318,11
1881346,20
1881376,5
1881406,14
1881440,5
1881467,7
1881495,7
1881522,15
1881544,17
1881571,6
1881592,16
1881621,8
1881650,13
1881674,254
1881705,35
1881742,6
1881764,6
1881787,8
1881821,5
1881848,8
1881866,6
1881899,6
1881921,283
1881944,9
1881972,7
1881993,5
1882018,7
1882040,49
1882062,6
1882079,16
1882107,5
1882135,9
1882167,5
1882186,10
1882219,5
1882248,65
1882275,8
1882309,15
1882327,9
1882356,6
1882384,5
1882407,5
1882430,41
1882458,14
1882491,5
1882521,7
1882545,7
1882564,38
1882589,8
1882619,10
1882644,5
1882675,5
1882706,5
1882739,5
1882766,7
1882795,6
1882821,8
1882855,7
1882881,13
1882902,9
1882933,11
1882963,12
1883002,16
1883025,5
1883060,5
1883086,5
1883112,10
1883132,5
1883157,7
1883190,6
1883212,31
1883231,8
1883251,6
1883271,8
1883297,5
1883327,17
1883360,6
1883384,14
1883407,9
1883429,5
1883456,5
1883486,11
1883513,9
1883535,9
1883564,6
1883594,9
1883616,28
1883655,12
1883676,5
1883708,11
1883736,6
1883764,5
1883787,8
1883813,5
1883842,7
1883867,6
1883897,7
1883921,7
1883942,18
1883968,23
1883994,20
1884026,7
1884063,5
1884090,19
1884115,65
1884144,7
1884177,7
1884206,7
1884231,71
1884251,12
1884284,6
1884310,6
1884336,19
1884360,8
1884388,9
1884411,9
1884445,5
1884473,7
1884496,7
1884520,37
1884544,7
1884572,7
1884601,6
1884624,19
1884659,6
1884679,17
1884709,17
1884732,6
1884760,8
1884785,5
1884809,10
1884833,144
1884857,11
1884874,6
1884893,5
1884909,22
1884933,8
1884958,11
1884980,14
1885003,6
1885039,26
1885061,7
1885090,5
1885115,50
1885144,11
1885167,5
1885185,5
1885214,5
1885245,7
1885272,19
1885296,6
1885321,5
1885344,5
1885377,6
1885413,7
1885433,17
1885456,5
1885479,5
1885512,20
1885543,7
1885563,10
1885598,15
1885621,441
1885645,5
1885670,20
1885694,5
1885720,10
1885747,6
1885765,8
1885792,9
1885817,19
1885838,31
1885868,15
1885889,5
1885911,8
1885935,5
1885959,17
1885971,22
1885999,6
1886026,10
1886060,42
1886088,15
1886115,6
1886141,5
1886173,22
1886200,5
1886222,11
1886250,5
1886281,5
1886303,10
1886320,5
1886345,6
1886372,195
1886395,6
1886421,7
1886451,32
1886480,20
1886503,6
1886533,6
1886555,7
1886581,6
1886608,25
1886633,9
1886647,7
1886670,8
1886699,7
1886724,5
1886744,7
1886771,13
1886795,6
1886822,51
1886849,8375
1886877,8
1886896,6
1886935,5
1886963,6
1886987,5
1887007,12
1887038,8
1887060,85
1887092,7
1887116,5
1887142,18
1887166,35
1887192,9
1887219,5
1887251,5
1887278,5
1887306,21
1887332,49
1887358,5
1887387,7
1887416,5
1887437,5
1887464,8
1887489,11
1887505,6
1887537,21
1887564,5
1887593,14
1887619,7
1887643,5
1887673,28
1887699,7
1887721,5
1887752,243
1887777,13
1887801,24
1887822,40
1887847,69
1887863,5
1887894,6
1887925,6
1887949,8
1887977,11
1888008,5
1888030,8
1888059,6
1888078,6
1888108,5
1888130,10
1888155,6
1888172,9
1888193,8
1888221,6
1888237,6
1888262,39
1888288,5
1888312,7
1888335,10
1888364,13
1888397,6
1888413,10
1888442,16
1888468,25
1888479,48
1888507,6
1888538,10
1888568,5
1888592,9
1888607,19
1888628,5
1888657,5632
1888681,9
1888708,6
1888740,8
1888762,35
1888779,11
1888802,88
1888818,5
1888844,61
1888873,6
1888909,5
1888941,6
1888959,19
1888985,7
1889012,6
1889031,12
1889051,5
1889073,13
1889110,9
1889146,5
1889169,7
1889197,5
1889227,5
1889254,5
1889285,36
1889310,28
1889333,10
1889359,47
1889386,5
1889408,5
1889429,5
1889453,173
1889475,11
1889501,6
1889521,51
1889551,14
1889576,12
1889597,8
1889623,9
1889648,113
1889667,12
1889703,5
1889733,6
1889765,6
1889790,15
1889822,9
1889855,9
1889882,54
1889918,5
1889931,7
1889955,7
1889981,7
1890008,38
1890035,5
1890054,10
1890072,9
1890092,15
1890122,7
1890152,5
1890178,6
1890211,15
1890231,5
1890264,9
1890296,5
1890323,10
1890350,6
1890366,147
1890387,12
1890416,10
1890446,29
1890473,5
1890493,16
1890530,6
1890558,9
1890592,5
1890615,8
1890636,5
1890663,7
1890698,14
1890727,6
1890744,5
1890762,12
1890791,5
1890822,14
1890853,8
1890882,9
1890906,11
1890939,8
1890963,6
1890984,6
1891007,10
1891029,6
1891046,10
1891074,6
1891095,7
1891121,14
1891147,6
1891175,23
1891210,6
1891236,21
1891263,5
1891299,5
1891320,5
1891352,14
1891376,5
1891396,5
1891409,5
1891436,7
1891450,5
1891485,5
1891503,687
1891531,10
1891553,6
1891578,8
1891597,14
1891623,8
1891654,40
1891681,11
1891709,5
1891735,21
1891755,5
1891773,54
1891802,15
1891830,5
1891855,6
1891907,8
1891936,41
1891968,17
1891996,12
1892022,6
1892044,45
1892072,9
1892091,8
1892124,33
1892146,16
1892168,61
1892192,26
1892215,17
1892235,15
1892263,5
1892284,5
1892322,7
1892350,7
1892380,5
1892412,18
1892433,9
1892456,9
1892478,5
1892502,7
1892530,33
1892551,5
1892575,114
1892595,5
1892615,374
1892639,11
1892667,8
1892694,8
1892714,5
1892747,8
1892778,6
1892801,8
1892827,5
1892845,9
1892871,5
1892897,6
1892928,5
1892953,172
1892980,6
1893007,6
1893035,14
1893063,6
1893086,6
1893115,38
1893140,74
1893160,5
1893187,5
1893216,9070
1893240,6
1893271,6
1893300,9
1893334,10
1893355,5
1893380,10
1893405,6
1893430,6
1893455,14
1893485,6
1893512,10
1893538,22
1893556,146
1893588,6
1893616,11
1893651,6
1893673,5
1893695,6
1893724,7
1893753,11
1893775,11
1893803,10
1893828,23
1893860,5
1893886,7
1893905,27
1893929,30
1893954,5
1893987,8
1894010,444
1894030,5
1894061,5
1894082,2460
1894107,7
1894121,8
1894145,11
1894165,12
1894191,5
1894212,6
1894235,7
1894259,5
1894279,17
1894307,9
1894333,28
1894358,16
1894381,279
1894406,42
1894427,186
1894446,6
1894476,7
1894506,6
1894525,8
1894555,5
1894586,13
1894617,33
1894631,16
1894654,6
1894678,7
1894712,9
1894742,13
1894763,5
1894781,5
1894814,6
1894841,5
1894865,14
1894887,6
1894919,9
1894944,6
1894966,43
1894989,16
1895016,8
1895037,9
1895059,5
1895087,7
1895112,6
1895129,26
1895160,7
1895188,12
1895210,5
1895236,7
1895260,5
1895281,12
1895320,5
1895347,8
1895372,9
1895386,29
1895412,5
1895438,7
1895462,6
1895498,5
1895523,20
1895542,9
1895569,6
1895590,22
1895617,7
1895634,5
1895649,37
1895677,9
1895707,5
1895738,125
1895775,13
1895804,17
1895829,11
1895856,5
1895878,7
1895903,11
1895931,18
1895952,5
1895973,11
1895998,5
1896013,12
1896045,26
1896076,5
1896106,5
1896137,5
1896172,5
1896198,39
1896219,9
1896246,6
1896272,13
1896304,9
1896335,11
1896361,5
1896392,5
1896419,6
1896444,24
1896468,25
1896497,49
1896526,5
1896543,15
1896568,9
1896591,5
1896614,5
1896634,6
1896660,34
1896689,106
1896711,10
1896731,5
1896752,5
1896776,6
1896799,6
1896822,7
1896847,10
1896880,8
1896907,44
1896934,12
1896967,5
1896996,5
1897022,6
1897050,5
1897072,12
1897090,11
1897122,7
1897143,5
1897165,13
1897195,5
1897215,5
1897247,6
1897265,5
1897288,5
1897308,6
1897326,6
1897359,9
1897394,28
1897423,5
1897445,10
1897480,5
1897504,44
1897531,7
1897554,12
1897577,7
1897598,8
1897623,8
1897650,11
1897689,10
1897714,30
1897742,34
1897765,8
1897795,55
1897816,10
1897835,6
1897862,66
1897883,5
1897902,7
1897932,62
1897950,13
1897974,8
1898001,9
1898027,12
1898048,118
1898070,6
1898084,5
1898113,5
1898138,5
1898159,7
1898187,30
1898212,5
1898243,5272
1898268,239
1898292,2140
1898316,53
1898341,7
1898372,5
1898397,5
1898421,666
1898451,17
1898477,7
1898504,6
1898525,9
1898552,5
1898581,9
1898612,7
1898631,10
1898662,5
1898696,5
1898726,5
1898751,6
1898777,5
1898802,6
1898820,12
1898841,17
1898862,6
1898890,60
1898912,6
1898931,79
1898954,6
1898988,6
1899026,74
1899048,6
1899074,5
1899094,11
1899125,9
1899149,10
1899173,9
1899201,6
1899232,18
1899257,12
1899270,23
1899295,14
1899322,20
1899341,75
1899366,6
1899383,39
1899415,22
1899438,7
1899462,8
1899493,5
1899518,5
1899534,128
1899564,27
1899585,5
1899605,5
1899634,14
1899655,33
1899673,6
1899695,10
1899721,27
1899746,8
1899767,10
1899795,6
1899826,18
1899848,12
1899867,9
1899893,5
1899920,8
1899949,7
1899973,136
1900002,6
1900034,8
1900064,10
1900084,6
1900111,56
1900134,9
1900172,5
1900196,8
1900233,28
1900257,5
1900283,35
1900310,8
1900337,7
1900359,5
1900385,5
1900405,8
1900432,6
1900459,22
1900489,242
1900515,181
1900541,9333
1900570,6
1900595,8
1900614,7
1900636,44
1900672,5
1900700,6
1900730,16
1900754,5
1900784,7
1900818,43
1900838,5
1900873,14
1900900,12
1900928,5
1900958,14
1900979,14
1901011,13
1901045,7
1901062,11
1901099,8
1901124,18
1901147,5
1901168,5
1901197,6
1901217,173
1901246,5
1901274,67
1901296,5
1901322,5
1901347,6
1901380,28
1901407,5
1901430,13
1901456,5
1901491,7
1901512,7
1901538,93
1901558,27
1901583,6
1901613,6
1901627,5
1901658,8
1901677,7
1901707,7
1901732,10
1901759,28
1901786,5
1901810,11
1901834,18
1901865,8
1901886,8
1901911,10
1901928,9
1901949,7
1901980,6
1902012,6
1902035,7
1902064,7
1902085,9
1902111,5
1902138,5
1902167,30
1902201,18
1902233,5
1902252,7
1902288,5
1902313,18
1902335,7
1902362,11
1902388,102
1902412,9
1902440,59
1902464,6
1902491,5
1902505,9
1902536,8
1902562,18
1902591,19
1902610,5
1902641,10
1902662,5
1902683,6
1902708,11
1902734,11
1902761,5
1902787,6
1902822,21
1902849,5
1902872,11
1902899,5
1902919,7
1902951,5
1902979,25
1902995,11
1903016,12
1903047,6
1903076,19
1903105,6
1903135,6
1903162,30
1903191,10
1903216,9
1903246,6
1903269,14
1903291,12
1903321,5
1903342,13
1903361,25
1903395,81
1903421,101
1903445,10
1903463,5
1903488,5
1903517,7
1903542,7
1903575,5
1903598,7
1903629,48
1903646,39
1903677,45
1903700,16
1903727,6
1903764,9
1903786,14
1903817,25
1903844,8
1903875,15
1903906,11
1903933,9
1903972,6
1903993,182
1904023,5
1904052,105
1904076,13
1904102,5
1904122,6
1904152,9
1904175,17
1904206,29
1904232,5
1904271,9
1904304,23
1904332,18
1904361,9
1904388,6
1904412,5
1904439,9
1904465,12
1904485,12
1904508,6
1904536,47
1904566,10
1904594,7
1904624,7
1904648,5
1904667,7
1904689,6
1904709,7
1904737,17
1904763,6
1904794,84
1904818,6
1904842,11
1904876,19
1904906,10
1904936,12
1904962,5
1904985,5
1905011,11
1905035,8
1905055,5
1905075,11
1905108,9
1905136,25
1905164,11
1905199,6
1905223,9
1905255,6
1905281,263
1905320,6
1905340,5
1905361,5
1905382,7
1905404,6
1905434,5
1905471,5
1905495,13
1905523,29
1905548,12
1905580,89
1905600,11
1905632,27
1905662,8
1905680,18
1905709,14
1905736,14
1905762,5
1905789,119
1905822,5
1905843,5
1905869,7
1905897,5
1905928,36
1905950,25
1905973,5
1905996,11
1906025,6
1906053,11
1906081,13
1906100,7
1906130,13
1906157,97
1906185,8
1906210,12
1906242,33
1906275,28
1906304,5
1906319,42
1906346,17
1906372,16
1906392,6
1906417,6
1906446,5
1906471,244
1906495,34
1906527,5
1906552,5
1906577,5
1906593,72
1906624,10
1906642,31
1906664,5
1906686,6
1906709,21
1906732,5
1906763,43
1906792,18
1906811,5
1906836,6
1906860,9
1906883,258
1906900,5
1906931,5
1906950,10
1906981,12
1907015,22
1907045,14
1907079,13
1907111,6
1907135,7
1907160,7
1907190,5
1907216,6
1907256,5
1907281,10
1907302,138
1907325,5
1907337,31
1907357,23
1907377,46
1907394,7
1907412,5
1907447,5
1907476,7
1907501,11
1907530,10
1907559,7
1907575,9
1907601,8
1907622,19
1907644,6
1907673,9
1907695,6
1907727,597
1907753,7
1907785,135
1907810,5
1907833,83
1907859,56
1907885,36
1907918,14
1907939,5
1907964,24
1907991,8
1908013,12
1908045,5
1908068,6
1908095,37
1908122,7
1908151,23
1908176,5
1908198,11
1908228,5
1908249,9
1908265,5
1908288,146
1908321,20
1908347,23
1908373,458
1908392,18
1908419,5
1908436,15
1908458,5
1908491,12
1908507,6
1908539,5
1908566,8
1908594,11
1908622,34
1908653,18
1908675,19
1908714,6
1908746,1234
1908781,7
1908807,51
1908835,24
1908863,5
1908891,419
1908918,5
1908949,10
1908981,14
1909007,7
1909031,8
1909064,7
1909090,50
1909112,47
1909136,6
1909158,17
1909184,7
1909205,18
1909236,14
1909262,6
1909286,38
1909331,6
1909356,12
1909383,5
1909410,7
1909433,46
1909453,5
1909479,5
1909500,19
1909532,7
1909565,7
1909596,5
1909618,6
1909650,8
1909668,5
1909688,6
1909710,7
1909732,13
1909759,10
1909786,5
1909817,5
1909844,8
1909866,10
1909888,6
1909920,5
1909942,9
1909973,6
1910000,5
1910036,14
1910067,103
1910094,6
1910113,12
1910137,7
1910162,11
1910182,5
1910203,11
1910232,30
1910267,7
1910286,41
1910314,6
1910352,70
1910376,16
1910407,5
1910432,5
1910457,15
1910482,9
1910501,23
1910522,7
1910557,9
1910585,8
1910611,5
1910646,5
1910673,7
1910699,8
1910718,10
1910754,5
1910782,410
1910813,10
1910836,5
1910872,8
1910895,5
1910922,31
1910954,6
1910971,108
1910995,6
1911018,8
1911040,10
1911068,13
1911093,5
1911123,5
1911150,7
1911171,7
1911190,5
1911215,7
1911237,77
1911274,6
1911305,78
1911326,5
1911355,10
1911380,6
1911413,16
1911443,42
1911471,7
1911502,10
1911524,12
1911548,7
1911567,5
1911593,7
1911629,5
1911648,5
1911675,8
1911709,5
1911739,28
1911775,5
1911789,12
1911823,9
1911857,5
1911875,6
1911904,5
1911927,14
1911953,133
1911984,8
1912016,5
1912053,7
1912073,5
1912102,7
1912136,6
1912168,5
1912190,6
1912211,20
1912239,15
1912258,8
1912280,11
1912304,5
1912328,21
1912354,9
1912375,16
1912398,59
1912421,8
1912450,8
1912478,5
1912504,12
1912524,15
1912552,16
1912582,6
1912607,9
1912635,5
1912662,9
1912680,25
1912704,18
1912726,9
1912750,8
1912773,6
1912794,34
1912823,7
1912850,21
1912869,126
1912894,10
1912926,5
1912956,7
1912988,12
1913019,7
1913052,5
1913079,6
1913106,12
1913131,6
1913152,28
1913181,11
1913208,8
1913231,5
1913260,7
1913299,74
1913326,21
1913348,6
1913372,14
1913399,13
1913427,13
1913457,8
1913486,8
1913519,16
1913543,6
1913573,5
1913597,5
1913625,360
1913657,9
1913687,98
1913708,8
1913743,6
1913770,6
1913802,20
1913820,10
1913846,5
1913872,5
1913902,5
1913924,6
1913951,6
1913981,9
1914000,5
1914025,5
1914061,10
1914085,38
1914117,12
1914143,5
1914168,7
1914185,8
1914212,20
1914238,31
1914268,14
1914291,5
1914317,8
1914343,117
1914373,9
1914396,50
1914424,6
1914447,6
1914477,11
1914502,14
1914525,9
1914545,5
1914576,8
1914590,6
1914620,16
1914646,8
1914678,6
1914707,11
1914727,11
1914751,23
1914778,18
1914805,15
1914835,10
1914864,36
1914894,5
1914924,6
1914945,15
1914969,7
1914987,12
1915010,13
1915031,22
1915054,61
1915075,75
1915109,266
1915130,5
1915160,11
1915183,23
1915202,5
1915225,18
1915258,6
1915294,9
1915317,19
1915335,7
1915359,8
1915389,19
1915416,51
1915452,5
1915471,27
1915499,7
1915522,13
1915561,12
1915587,6
1915607,6
1915632,41
1915660,8
1915680,5
1915701,32
1915727,9
1915749,6
1915767,446
1915789,6
1915813,8
1915842,5
1915870,6
1915896,8
1915923,12
1915949,7
1915976,7
1916006,7
1916029,6
1916054,5
1916081,15
1916102,12
1916131,116
1916162,7
1916187,7
1916208,5
1916243,7
1916265,11
1916291,8
1916309,5
1916340,16
1916369,23
1916395,5
1916420,5
1916446,11
1916482,14
1916500,7
1916521,5
1916549,5
1916567,12
1916590,20
1916619,4090
1916640,5
1916660,10
1916687,7
1916713,7
1916747,6
1916771,14
1916793,6
1916816,25
1916840,10
1916866,6
1916892,12
1916908,8
1916934,5
1916963,20
1916996,7
1917028,6
1917053,6
1917080,11
1917104,7
1917135,5
1917161,179
1917180,23
1917207,5
1917226,10
1917249,6
1917282,140
1917305,38
1917332,8
1917357,27
1917390,12
1917416,18
1917435,5
1917464,143
1917492,7
1917519,25
1917547,11
1917573,5
1917600,5
1917633,11
1917662,10
1917689,5
1917719,13
1917737,10
1917764,5
1917785,5
1917814,5
1917839,10
1917859,7
1917887,9
1917910,6
1917935,7
1917958,5
1917986,24
1918008,14
1918033,6
1918061,5
1918089,8
1918116,20
1918143,11
1918167,15
1918194,8
1918208,6
1918228,5
1918253,8
1918278,6
1918307,5
1918336,6
1918363,41
1918388,5
1918411,10
1918432,6
1918458,5
1918481,6
1918494,12
1918519,17
1918540,7
1918569,15
1918602,10
1918622,5
1918648,8
1918678,7
1918707,8
1918729,11
1918754,5
1918779,67
1918801,5
1918829,5
1918851,6
1918873,7
1918899,5
1918930,5
1918943,5
1918961,11
1918999,9
1919025,5
1919052,5
1919085,9
1919116,6
1919147,12
1919168,6
1919197,12
1919231,113
1919258,18
1919288,11
1919315,7
1919341,8
1919361,14
1919394,11
1919416,7
1919435,10
1919452,10
1919477,5
1919504,18
1919531,5
1919547,7
1919577,11
1919600,58
1919623,9
1919654,10
1919675,8
1919707,9
1919731,6
1919767,5
1919798,5
1919823,5
1919850,72
1919872,6
1919897,7
1919924,6
1919954,5
1919980,25
1920007,7
1920025,9
1920066,6
1920090,5
1920110,5
1920132,5
1920165,6
1920191,10
1920219,5
1920240,13
1920266,37
1920288,14
1920322,11
1920342,10
1920369,8
1920390,17
1920409,9
1920435,16
1920460,24
1920481,16
1920513,14
1920533,74
1920569,10
1920607,6
1920636,7
1920663,6
1920686,6
1920717,5
1920746,6
1920774,5
1920800,266
1920825,7
1920853,6
1920873,15
1920906,51
1920936,7
1920958,17
1920984,7
1921009,5
1921034,5
1921056,6
1921089,9
1921116,5
1921143,5
1921173,6
1921195,14
1921219,9
1921234,6
1921258,21
1921279,5
1921303,14
1921323,8
1921357,7
1921382,5
1921410,7
1921446,8
1921473,9
1921503,5
1921531,22
1921558,5
1921581,6
1921612,10
1921641,8
1921665,36
1921685,5
1921711,8
1921739,8
1921771,7
1921803,5
1921827,275
1921853,20
1921890,6
1921925,10
1921940,17
1921963,9
1921996,5
1922023,45
1922044,8
1922076,16
1922095,6
1922125,12
1922143,10
1922173,9
1922197,5
1922232,6
1922255,5
1922284,118
1922321,37
1922347,30
1922368,25
1922403,10
1922433,13
1922461,9
1922487,5
1922500,25
1922531,5
1922556,7
1922586,8
1922619,6
1922643,5
1922664,12
1922684,15
1922708,23
1922731,5
1922756,21
1922780,5
1922808,5
1922843,5
1922872,6
1922909,5
1922927,5
1922944,5
1922976,6
1923006,5
1923026,5
1923055,16
1923087,8
1923119,11
1923144,6
1923163,15
1923202,5
1923229,10
1923252,8
1923278,9
1923307,7
1923331,5
1923363,19
1923391,18
1923411,30
1923427,26
1923451,10
1923475,18
1923496,5
1923528,5
1923557,10
1923583,16
1923601,17
1923638,12
1923666,5
1923698,8
1923720,5
1923742,11
1923771,62
1923798,6
1923824,94
1923845,10
1923869,11
1923897,6
1923926,7
1923955,151
1923982,5
1924006,48
1924044,7
1924068,28
1924098,17
1924123,7
1924152,7
1924186,8
1924214,5
1924243,7
1924277,5
1924292,6
1924325,5
1924346,5
1924372,17
1924393,17
1924416,6
1924450,16
1924471,17
1924498,11
1924519,12
1924546,9
1924567,6
1924605,5
1924628,502
1924655,5
1924679,5
1924710,5
1924736,65
1924761,5
1924791,7
1924819,7
1924839,10
1924870,18
1924906,25
1924939,24
1924960,24
1924979,12
1924996,48
1925017,13
1925041,156
1925071,8
1925090,8
1925117,10
1925135,5
1925163,5
1925187,12
1925216,11
1925235,6
1925262,11
1925286,23
1925312,6
1925338,9
1925369,10
1925390,21
1925428,15
1925452,5
1925483,8
1925503,33
1925535,23
1925559,6
1925577,12
1925595,32
1925624,5
1925660,5
1925678,8
1925704,7
1925720,6
1925737,23
1925762,6
1925790,9
1925822,6
1925855,8
1925885,14
1925905,5
1925938,157
1925963,5
1925983,5
1926013,13
1926041,13
1926061,6
1926087,5
1926119,23
1926141,9
1926171,6
1926199,31
1926224,71
1926263,7
1926281,5
1926309,29
1926344,49
1926368,12
1926388,14
1926410,11
1926434,5
1926457,5
1926484,755
1926506,5
1926520,6
1926542,29
1926565,17
1926583,7
1926602,12
1926630,8
1926663,9
1926682,9
1926721,43
1926747,7
1926768,6
1926796,27
1926821,5
1926862,81
1926895,14
1926919,23
1926939,5
1926969,22
1926989,15
1927012,10
1927037,5
1927072,10
1927095,5
1927114,9
1927138,15
1927164,51
1927187,5
1927217,7
1927246,6
1927287,6
1927316,21
1927336,347
1927357,6
1927384,7
1927417,33
1927452,5
1927474,6
1927493,9
1927517,6
1927545,5
1927576,6
1927604,9
1927629,8
1927659,6
1927692,8
1927713,15
1927739,23
1927765,7
1927783,53
1927809,5
1927827,11
1927854,6
1927880,5
1927904,13
1927934,8
1927964,14
1927995,9
1928018,8
1928044,5
1928067,6
1928086,7
1928110,20
1928137,14
1928169,64
1928194,12
1928223,5
1928242,114
1928267,8
1928291,6
1928323,21
1928343,51
1928371,5
1928392,10
1928415,7
1928449,6
1928470,12
1928500,6
1928514,6
1928544,7
1928581,6
1928603,6
1928634,8
1928658,5
1928681,7
1928708,5
1928735,9
1928757,5
1928782,11
1928806,9
1928838,7
1928862,5
1928884,7
1928912,6
1928935,15
1928954,14
1928991,8
1929021,6
1929047,8
1929074,14
1929096,5
1929115,5
1929138,13
1929158,5
1929186,7
1929207,5
1929241,5
1929279,8
1929315,64
1929341,6
1929363,10
1929387,6
1929409,6
1929441,7
1929473,16
1929499,7
1929518,16
1929544,41
1929571,5
1929593,6
1929622,13
1929647,8
1929670,6
1929693,6
1929719,23
1929744,8
1929763,11
1929792,19
1929821,11
1929844,17
1929871,6
1929905,22
1929921,47
1929950,6
1929979,7
1930014,5
1930042,6
1930069,8
1930093,6
1930112,880
1930137,5
1930157,161
1930188,8
1930215,5
1930240,6
1930267,5
1930286,5
1930308,6
1930340,41
1930367,13
1930386,95
1930409,13
1930439,13
1930459,6
1930487,25
1930521,13
1930544,8
1930574,7
1930603,20
1930621,14
1930644,9
1930671,12
1930699,13
1930728,25
1930760,7
1930789,5
1930820,6
1930848,11
1930872,9
1930903,3259
1930930,124
1930964,74
1930989,11
1931015,8
1931047,11
1931063,12
1931095,5
1931119,14
1931146,8
1931174,34
1931197,27
1931225,5
1931251,7
1931277,14
1931304,6
1931332,36
1931359,6
1931394,6
1931425,6
1931446,46
1931470,6
1931509,63
1931534,6
1931562,11
1931583,22
1931613,9
1931635,11
1931664,8
1931689,9
1931715,5
1931739,7
1931766,5
1931790,22
1931819,7
1931841,6
1931867,22
1931894,5
1931923,29
1931955,6
1931982,29
1932011,6
1932043,5
1932076,21
1932108,69
1932136,26
1932159,11
1932180,24
1932210,13
1932233,5
1932261,6
1932285,14
1932307,309
1932336,5
1932360,10
1932382,99
1932408,6
1932430,24
1932451,17
1932481,9
1932506,10
1932529,35
1932560,20
1932584,15
1932609,5
1932637,5
1932662,17
1932679,7
1932702,5
1932723,12
1932752,5
1932772,14
1932789,5
1932819,13
1932855,10
1932874,33
1932906,11
1932937,11
1932971,9
1932992,10
1933011,5
1933038,549
1933071,10
1933104,258
1933147,5
1933176,21
1933198,9
1933226,7
1933249,12
1933281,29
1933312,111
1933350,11
1933379,6
1933405,9
1933436,16
1933457,11
1933475,7
1933495,16
1933527,22
1933566,10
1933589,8
1933614,6
1933645,5
1933676,29
1933704,5
1933721,5
1933748,374
1933774,5
1933790,9
1933808,113
1933832,10
1933858,7
1933892,14
1933916,16
1933952,5
1933974,12
1933998,5
1934031,9
1934068,6
1934088,19
1934111,24
1934135,7
1934159,6
1934189,8
1934212,5
1934234,9
1934263,9
1934295,5
1934311,96
1934337,6
1934360,5
1934388,5
1934424,83
1934447,11
1934471,6
1934494,39
1934523,16
1934549,5
1934568,6
1934589,8
1934617,7
1934652,5
1934675,10
1934696,8
1934720,5
1934749,10
1934776,8
1934802,5
1934823,55
1934846,27
1934868,7
1934890,8
1934925,5
1934950,6
1934969,5
1934996,5
1935027,8
1935048,16
1935073,28
1935098,7
1935126,8
1935164,6
1935189,12
1935206,5
1935230,5
1935254,6
1935283,157
1935312,15
1935335,8
1935364,5
1935396,11
1935419,6
1935440,17
1935465,5
1935503,22
1935534,12
1935560,25
1935593,21
1935624,87
1935649,5
1935684,103
1935712,6
1935736,10
1935766,5
1935799,18
1935828,5
1935860,6
1935891,39
1935913,10
1935945,5
1935975,11
1935998,6
1936020,5
1936054,12
1936087,277
1936109,6
1936122,5
1936145,8
1936166,151
1936189,5
1936221,75
1936247,8
1936267,32
1936292,10
1936310,9
1936336,14
1936368,118
1936393,139
1936421,350
1936445,30
1936466,5
1936499,92
1936528,76
1936555,20
1936580,6
1936599,8
1936627,11
1936656,11
1936673,7
1936704,5
1936733,7
1936754,12
1936775,6
1936805,13
1936822,5
1936842,57
1936864,9
1936886,5
1936922,5
1936954,7
1936983,51
1937013,18
1937032,6
1937057,82
1937083,7
1937117,5
1937140,6
1937162,54
1937182,6
1937208,11
1937229,105
1937250,6
1937281,23
1937316,13
1937343,6
1937370,55
1937390,43
1937418,6
1937439,12
1937465,23
1937488,9
1937523,5
1937549,8
1937576,6
1937603,5
1937631,14
1937661,5
1937681,5
1937705,6
1937742,29
1937771,6
1937794,6
1937816,5
1937837,14
1937879,9
1937903,5
1937932,6
1937951,5
1937979,6
1937997,5
1938029,14
1938047,9
1938064,12
1938092,12
1938116,28
1938150,8
1938176,7
1938206,7
1938240,6
1938265,11
1938281,18
1938304,7
1938321,5
1938343,5
1938365,50
1938382,5
1938411,6
1938441,7
1938470,9
1938495,15
1938523,11
1938548,8
1938575,15
1938601,94
1938632,8
1938665,6
1938691,141
1938712,5
1938740,5
1938762,18
1938790,6
1938813,12
1938837,30
1938867,9
1938899,8
1938936,22
1938954,95
1938987,13
1939010,10
1939041,6
1939088,21
1939117,25
1939138,5
1939176,6
1939207,7
1939234,6
1939255,49
1939274,31
1939302,18
1939331,6
1939351,8
1939383,6
1939403,5
1939430,7
1939455,6
1939480,17
1939509,8
1939539,16
1939562,6
1939585,6
1939606,5
1939633,27
1939657,7
1939680,11
1939703,8
1939727,17
1939754,13
1939776,5
1939794,5
1939809,13
1939835,6
1939864,12
1939890,29
1939926,11
1939955,9
1939987,19
1940017,5
1940039,6
1940063,24
1940098,8
1940121,8
1940146,9
1940173,12
1940198,5
1940224,5
1940249,6
1940272,15
1940301,5
1940329,5
1940362,5
1940387,9
1940414,5
1940437,200
1940467,6
1940497,6
1940519,7
1940542,6
1940566,7
1940588,8
1940616,30
1940639,7
1940670,7
1940700,12
1940720,5
1940751,5
1940783,7
1940803,23
1940826,21
1940856,20
1940885,6
1940917,6
1940938,5
1940971,16
1940996,6
1941022,7
1941041,16
1941068,5
1941093,9
1941122,42
1941145,8
1941168,8
1941191,14
1941221,6
1941242,5
1941264,7
1941286,72
1941307,5
1941333,12
1941364,9
1941389,6
1941413,178
1941440,11
1941466,8
1941497,5
1941521,37
1941546,8
1941576,12
1941600,5
1941624,16
1941650,7
1941680,43
1941711,5
1941733,5
1941760,6
1941781,7
1941807,9
1941831,35
1941851,6
1941870,5
1941897,5
1941928,6
1941961,14
1941984,5
1942011,8
1942039,17
1942070,45
1942099,6
1942125,5
1942164,6
1942198,12
1942225,5
1942250,11
1942280,5
1942307,5
1942330,7
1942357,16
1942376,6
1942400,8
1942425,9
1942457,7
1942487,13
1942517,5
1942544,7
1942566,8
1942593,9
1942628,6
1942654,15
1942685,5
1942714,25
1942743,12
1942768,13
1942801,5
1942821,9
1942850,6
1942872,120
1942910,18
1942932,8
1942954,6
1942983,12
1943006,11
1943039,11
1943060,9
1943091,9
1943120,5
1943154,7
1943179,101
1943202,6
1943229,17
1943257,33
1943273,186
1943295,16
1943324,19
1943344,5
1943376,8
1943395,6
1943420,10
1943446,9
1943486,6
1943510,11
1943530,5
1943557,27
1943579,8
1943599,5
1943619,5
1943644,15
1943675,8
1943699,9
1943717,5
1943740,14
1943765,6
1943793,14
1943810,5
1943833,22
1943857,19
1943882,13
1943909,7
1943932,6
1943954,7
1943980,5
1944019,22
1944037,5
1944068,5
1944083,37
1944114,7
1944139,272
1944170,5
1944186,5
1944216,6
1944238,5
1944269,5
1944295,5
1944321,7
1944345,8
1944367,51
1944394,6
1944426,7
1944449,20
1944472,5
1944498,11
1944530,16
1944555,22
1944579,72
1944610,10
1944626,5
1944651,9
1944679,5
1944701,12
1944734,116
1944760,9
1944786,5
1944820,6
1944852,6
1944884,6
1944907,17
1944929,8
1944957,11
1944984,6
1945010,9
1945037,6
1945054,5
1945089,14
1945112,9
1945145,6
1945169,7
1945195,9
1945223,19
1945250,2831
1945261,41
1945285,7
1945298,7
1945331,78
1945352,5
1945373,6
1945393,7
1945415,11
1945440,10
1945475,6
1945500,14
1945521,5
1945550,11
1945588,41
1945623,22
1945648,5
1945678,15
1945704,56
1945726,6
1945757,10
1945782,6
1945808,6
1945835,14
1945867,16
1945896,15
1945924,18
1945954,5
1945982,9
1946008,13
1946046,6
1946071,5
1946103,25
1946130,8
1946156,8
1946189,5
1946214,12
1946226,25
1946252,6
1946274,9
1946297,5
1946325,6
1946347,7
1946375,10
1946406,13
1946435,8
1946456,13
1946481,10
1946510,5
1946533,5
1946563,10
1946586,5
1946617,5
1946643,7
1946670,5
1946693,10
1946715,285
1946739,22
1946772,5
1946801,7
1946827,5
1946859,6
1946887,5
1946911,37
1946946,5
1946975,13
1946995,8
1947023,14
1947049,9
1947065,6
1947098,25
1947127,115
1947155,5
1947185,20
1947210,7
1947248,9
1947273,7
1947300,9
1947334,5
1947362,8
1947392,17
1947420,95
1947445,19
1947468,8
1947490,9
1947518,18
1947545,5
1947566,13
1947593,6
1947612,5
1947636,13
1947657,14
1947686,5
1947714,5
1947738,5
1947769,17
1947796,5
1947817,60
1947847,8
1947871,6
1947902,5
1947938,7
1947967,27
1947989,12
1948007,5
1948030,13
1948061,11
1948085,8
1948119,13
1948140,8
1948165,271
1948196,6
1948223,6
1948250,9
1948280,7
1948307,6
1948335,5
1948361,5
1948393,5
1948426,7
1948452,5
1948486,25
1948518,5
1948532,8
1948559,31
1948582,11
1948608,6
1948639,5
1948664,7
1948684,5
1948706,5
1948729,19
1948756,12
1948782,5
1948812,5
1948842,5
1948864,59
1948893,16
1948912,16
1948940,15
1948965,5
1948989,5
1949021,30
1949045,12
1949068,5
1949096,10
1949117,9
1949149,5
1949178,10
1949203,18
1949236,9
1949261,11
1949290,72
1949310,54
1949338,31
1949364,64
1949394,8
1949416,5
1949444,6
1949471,7
1949495,5
1949514,9
1949542,133
1949579,13
1949604,5
1949636,7
1949656,10
1949680,103
1949701,7
1949731,7
1949764,12
1949779,6
1949796,5
1949824,12
1949849,158
1949870,21
1949893,5
1949920,66
1949939,7
1949967,13
1949990,5
1950020,8
1950042,8
1950061,6
1950097,5
1950122,9
1950165,5
1950191,9
1950214,12
1950238,6
1950260,6
1950285,5
1950310,28
1950339,8
1950365,9
1950392,96
1950409,5
1950424,1824
1950449,39
1950470,16
1950488,5
1950520,5
1950546,6
1950573,5
1950598,6
1950627,14
1950643,7
1950671,6
1950697,7
1950727,845
1950758,33
1950782,5
1950814,5
1950846,15
1950873,394
1950898,5
1950930,5
1950955,12
1950973,7
1950989,13
1951020,9
1951047,11
1951069,8
1951088,17
1951109,16
1951132,12
1951154,20
1951171,51
1951196,5
1951221,8
1951248,10
1951282,29
1951313,37
1951339,7
1951365,34
1951386,16
1951406,17
1951430,6
1951448,9
1951475,20
1951498,12
1951524,12
1951543,6
1951565,6
1951588,24
1951612,43
1951635,5
1951660,5
1951681,2509
1951705,6
1951722,9
1951741,27
1951772,5
1951798,61
1951815,5
1951834,8
1951870,7
1951889,6
1951916,5
1951953,16
1951983,8
1952021,8
1952054,8
1952085,12
1952110,103
1952132,5
1952157,7
1952179,6
1952212,16
1952241,5
1952273,12
1952300,20
1952331,10
1952357,5
1952384,26
1952410,13
1952430,14
1952443,5
1952473,5
1952497,30
1952523,5
1952549,28
1952577,5
1952609,472
1952636,17
1952664,5
1952689,9
1952716,20
1952746,8
1952767,7
1952791,28
1952809,5
1952835,8
1952854,8
1952883,14
1952912,14
1952935,6
1952963,5
1952992,8
1953022,1035
1953053,6
1953083,6
1953110,9
1953130,8
1953147,5
1953177,18
1953197,6
1953220,10
1953242,7
1953266,12
1953289,42
1953322,10
1953348,8
1953360,8
1953384,12
1953406,8
1953433,9
1953454,7
1953470,7
1953495,5
1953523,5
1953543,5
1953572,9
1953592,7
1953620,8
1953647,8
1953670,42
1953696,16
1953724,8
1953741,87
1953766,29
1953800,5
1953815,6
1953837,12
1953861,6
1953877,7
1953894,6
1953918,5
1953959,58
1953983,21
1954022,15
1954044,9
1954078,5
1954098,6
1954135,5
1954166,8
1954188,22
1954217,12
1954247,5
1954268,7
1954292,7
1954330,6
1954359,8
1954384,22
1954405,5
1954440,5
1954459,13
1954483,741
1954507,5
1954540,24
1954570,6
1954595,11
1954615,11
1954640,8
1954665,5
1954692,8
1954722,6
1954746,6
1954767,50
1954789,17
1954805,7
1954821,7
1954843,18
1954871,6
1954893,7
1954928,5
1954950,5
1954978,9
1954998,5
1955036,83
1955053,29
1955074,7
1955107,5
1955135,1153
1955163,226
1955190,6
1955219,7
1955253,5
1955277,19
1955290,17
1955313,6
1955328,21
1955352,267
1955391,8
1955417,9
1955428,12
1955456,40
1955491,5
1955520,8
1955547,6
1955565,60
1955587,8
1955607,10
1955630,6
1955671,5
1955700,6
1955724,13
1955749,12
1955780,8
1955795,5
1955820,5
1955849,5
1955876,16
1955900,9
1955923,9
1955947,8
1955969,19
1955991,15
1956023,17
1956049,7
1956076,10
1956098,41
1956120,48
1956140,16
1956165,9
1956186,5
1956211,5
1956236,5
1956273,10
1956296,5
1956325,6
1956355,17
1956383,66
1956411,7
1956433,5
1956458,8
1956485,16
1956502,12
1956531,8
1956557,35
1956585,5
1956612,13
1956636,9
1956670,11
1956699,43
1956715,15
1956737,15
1956760,11
1956787,12
1956821,39
1956842,23
1956865,34
1956890,6
1956916,21
1956934,6
1956955,5
1956980,17
1957002,39
1957029,14
1957062,7
1957084,42
1957114,10
1957140,5
1957159,44
1957185,17
1957215,25
1957235,60
1957259,17
1957285,5
1957310,13
1957330,5
1957354,12
1957381,5
1957399,10
1957424,5
1957454,7
1957474,9
1957499,5
1957523,5
1957545,6
1957568,11
1957589,9
1957614,23
1957643,12
1957666,26
1957688,5
1957714,5
1957745,15
1957771,6
1957794,6
1957828,6
1957857,6
1957881,5
1957901,16
1957932,5
1957964,5
1957984,6
1958016,24
1958048,10
1958077,7
1958111,38
1958139,8
1958163,36
1958185,7
1958206,6
1958234,5
1958257,49
1958284,5
1958306,8
1958323,5
1958350,8
1958369,5
1958396,5
1958420,5
1958455,7
1958491,6
1958519,15
1958553,28
1958574,7
1958595,5
1958622,7
1958652,12
1958680,9
1958706,7
1958738,16
1958758,11
1958777,7
1958799,5
1958823,5
1958852,42
1958875,6
1958903,6
1958918,16
1958941,6
1958960,26
1958985,51
1959011,10
1959034,6
1959064,5
1959090,8
1959114,7
1959145,26
1959165,7
1959181,9
1959202,6
1959220,5
1959245,8
1959266,10
1959292,6
1959326,6
1959350,7
1959367,5
1959379,9
1959402,5
1959434,7
1959457,7
1959486,6
1959524,6
1959555,64
1959580,23
1959619,11
1959634,6
1959661,8
1959690,11
1959717,7
1959743,13
1959762,5
1959792,40
1959818,15
1959851,15
1959871,5
1959898,12
1959920,12
1959944,6
1959973,7
1959997,6
1960015,5
1960041,5
1960069,6
1960091,6
1960128,26
1960154,11
1960182,5
1960211,52
1960243,30
1960270,7
1960299,5
1960329,12
1960361,20
1960379,10
1960400,12
1960416,6
1960443,13
1960466,15
1960499,5
1960519,9
1960535,10
1960563,5
1960584,20
1960611,5
1960643,16
1960665,9
1960690,6
1960717,12
1960746,13
1960781,20
1960803,10
1960830,14
1960858,9
1960880,8
1960901,5
1960927,38
1960970,8
1960993,5
1961020,18
1961040,5
1961074,5
1961100,6
1961117,226
1961142,7
1961170,15
1961190,19
1961229,5
1961255,21
1961283,6
1961319,7
1961349,6
1961379,6
1961402,6
1961445,12
1961460,9
1961478,6
1961501,5
1961519,12
1961544,45
1961564,8
1961589,8
1961621,12
1961651,5
1961676,7
1961706,8
1961731,5
1961761,8
1961801,6
1961827,12
1961849,25
1961874,5
1961899,5
1961922,16
1961956,25
1961977,6
1962001,5
1962019,58
1962038,6
1962053,8
1962076,6
1962110,6
1962137,8
1962167,8
1962196,6
1962215,6
1962238,40
1962263,17
1962299,5
1962324,6
1962354,13
1962378,7
1962406,22
1962429,15
1962458,5
1962490,5
1962521,143
1962555,6
1962573,5
1962601,6
1962629,6
1962655,377
1962688,15
1962706,14
1962732,7
1962755,9
1962784,10
1962810,6
1962838,7
1962870,8
1962895,11
1962915,25
1962943,5
1962973,10
1962987,5
1963010,6
1963037,6
1963072,173
1963105,33
1963134,5
1963159,6
1963179,7
1963200,11
1963227,10
1963255,30
1963280,5
1963310,5
1963331,5
1963361,5
1963389,5
1963410,28
1963442,5
1963472,27
1963507,15
1963535,29
1963552,7
1963579,28
1963597,7
1963624,5
1963657,12
1963693,14
1963720,5
1963743,29
1963772,12
1963801,438
1963828,9
1963861,16
1963885,5
1963915,9
1963937,7
1963961,10
1963976,18
1964003,12
1964024,5
1964044,31
1964066,6
1964096,6
1964119,15
1964146,20
1964173,6
1964187,11
1964208,22
1964240,12
1964267,16
1964288,5
1964315,6
1964340,8
1964372,17
1964390,10
1964419,13
1964438,9
1964463,9
1964484,5
1964507,5
1964532,21
1964560,6
1964581,7
1964601,96
1964621,11
1964641,10
1964669,7
1964689,25
1964705,12
1964734,8
1964757,5
1964786,9
1964806,5
1964829,9
1964857,6
1964882,13
1964911,6
1964939,5
1964971,32
1965000,13
1965017,12
1965046,52
1965084,5
1965104,7
1965123,15
1965145,6
1965176,42
1965202,5
1965221,10
1965251,5
1965276,6
1965293,16
1965317,20
1965349,12
1965378,5
1965407,8
1965442,5
1965472,12
1965500,7
1965529,37
1965553,31
1965570,13
1965589,10
1965607,7
1965623,73
1965648,88
1965674,5
1965698,6
1965722,13
1965750,6
1965772,5
1965797,6
1965831,5
1965857,21
1965870,5
1965898,10
1965925,8
1965946,8
1965968,6
1965992,25
1966019,8
1966049,8
1966074,5
1966099,5
1966121,5
1966144,8
1966169,10
1966191,7
1966220,6
1966256,5
1966275,54
1966302,29
1966322,5
1966344,5
1966377,70
1966410,10
1966435,9
1966461,7
1966486,7
1966513,7
1966533,5
1966554,7
1966578,5
1966596,16
1966625,170
1966647,57
1966672,10
1966695,35
1966717,5
1966752,8
1966781,5
1966803,5
1966830,7
1966852,5
1966882,7
1966909,6
1966931,58
1966960,19
1966981,6
1967014,6
1967047,8
1967077,5
1967103,8
1967126,5
1967154,9
1967183,7
1967218,10
1967236,5
1967266,10
1967306,5
1967326,26
1967351,5
1967380,6
1967413,8
1967443,5
1967474,7
1967499,5
1967522,14
1967553,10
1967581,7
1967602,16
1967634,7
1967656,10
1967686,6
1967718,47
1967741,13
1967767,5
1967790,5
1967809,284
1967832,7
1967859,9
1967885,11
1967913,32
1967946,19
1967969,5
1967993,12
1968020,7
1968034,8
1968062,7
1968089,8
1968120,9
1968147,10
1968173,6
1968216,108
1968235,5
1968264,11
1968290,15
1968311,44
1968338,73
1968361,5
1968394,191
1968421,5
1968449,20
1968480,8
1968508,23
1968539,5
1968561,5
1968590,41
1968610,13
1968636,23
1968657,5
1968682,11
1968713,45
1968743,7
1968775,9
1968798,32
1968831,6
1968864,6
1968889,12
1968918,5
1968946,17
1968971,48
1968996,167
1969018,9
1969039,8
1969066,7
1969088,8
1969122,13
1969149,5
1969177,10
1969199,24
1969224,9
1969254,5
1969275,6
1969296,24
1969327,7
1969351,10
1969378,7
1969410,12
1969437,5
1969462,42
1969491,13
1969517,31
1969547,29
1969573,9
1969600,5
1969622,5
1969653,8
1969681,11
1969704,42
1969731,10
1969750,15
1969772,5
1969795,8
1969816,5
1969828,7
1969855,8
1969879,26
1969910,5
1969938,7
1969971,5
1969992,13
1970012,7
1970039,6
1970071,23
1970097,5
1970126,5
1970145,11
1970175,9
1970204,9
1970225,6
1970247,11
1970276,7
1970306,16
1970335,25
1970367,7
1970384,5
1970415,15
1970437,15
1970466,43
1970488,6
1970515,8
1970535,92
1970554,32
1970594,5
1970624,20
1970653,12
1970689,7
1970721,9
1970756,6
1970787,51
1970815,7
1970838,9
1970865,11
1970897,5
1970925,10
1970953,7
1970974,9
1971006,10
1971035,8
1971060,5
1971086,40
1971115,6
1971144,5
1971159,13
1971183,14
1971213,21
1971231,54
1971250,5
1971274,5
1971301,5
1971331,5
1971358,5
1971386,5
1971414,13
1971438,6
1971461,60
1971493,10
1971521,45
1971557,5
1971584,9
1971612,5
1971637,37
1971660,5
1971691,5
1971712,168
1971741,9
1971761,7
1971788,14
1971815,5
1971851,10
1971884,9
1971906,10
1971929,8
1971964,6
1971995,6
1972019,5
1972048,30
1972080,5
1972108,42
1972128,6
1972148,10
1972167,5
1972192,6
1972218,8
1972238,5
1972271,5
1972296,6
1972312,196
1972340,7
1972362,5
1972393,5
1972416,7
1972449,5
1972471,8
1972494,11
1972522,7
1972541,5
1972570,28
1972594,39
1972623,13
1972646,7
1972667,5
1972691,6
1972714,5
1972737,23
1972762,9
1972786,5
1972817,15
1972847,9
1972870,16
1972901,17
1972928,7
1972960,5
1972982,7
1973015,11
1973036,12
1973057,6
1973081,5
1973123,5
1973149,155
1973169,5
1973192,6
1973220,6
1973246,6
1973276,6
1973297,6
1973324,526
1973352,10
1973382,5
1973406,5
1973442,7
1973469,29
1973499,17
1973525,61
1973552,6
1973569,5
1973592,115
1973609,7
1973623,5
1973643,14
1973679,5
1973703,6
1973719,6
1973743,15
1973769,16
1973795,7
1973820,5
1973844,5
1973871,7
1973900,5
1973918,13
1973954,5
1973984,10
1974006,9
1974031,6
1974062,19
1974083,5
1974117,7
1974151,6
1974175,11
1974198,34
1974233,5
1974249,21
1974270,16
1974295,5
1974324,10
1974352,33
1974373,154
1974403,10
1974420,12
1974440,24
1974475,7
1974503,7
1974536,24
1974566,6
1974588,6
1974615,6
1974637,10
1974655,11
1974679,5
1974709,38
1974738,5
1974767,6
1974800,6
1974834,6
1974861,6
1974891,9
1974915,23
1974936,10
1974955,47
1974979,9
1975011,15
1975046,6
1975077,5
1975100,17
1975118,6
1975151,6
1975180,18
1975196,5
1975221,10
1975243,6
1975265,85
1975296,5
1975331,36
1975362,10
1975390,46
1975412,7
1975434,6
1975461,5
1975501,6
1975529,8
1975557,8
1975575,10
1975599,13
1975624,5
1975653,10
1975679,11
1975708,6
1975738,5
1975764,35
1975792,5
1975812,26
1975842,8
1975868,12
1975901,9
1975921,7
1975954,6
1975974,9
1975998,5
1976019,7
1976046,298
1976074,21
1976101,5
1976128,6
1976160,20
1976183,8
1976215,5
1976252,18
1976281,17
1976309,42
1976328,11
1976362,8
1976384,45
1976411,7
1976447,5
1976476,14
1976509,7
1976534,5
1976559,9
1976584,10
1976614,8
1976638,17
1976655,16
1976673,23
1976692,12
1976717,7
1976737,5
1976759,5
1976791,7
1976824,5
1976856,10
1976890,10
1976916,6
1976942,5
1976972,6
1976993,8
1977012,6
1977038,7
1977069,11
1977095,1646
1977125,5
1977156,10
1977179,29
1977204,6
1977227,8
1977257,5
1977273,14
1977303,6
1977323,7
1977345,8
1977378,6
1977408,9
1977434,9
1977467,15
1977486,13
1977503,5
1977534,25
1977550,13
1977575,15
1977606,10
1977628,11
1977648,7
1977675,18
1977697,6
1977734,14
1977758,5
1977784,5
1977809,5
1977837,5
1977855,7
1977874,29
1977909,9
1977929,352
1977950,12
1977966,16
1977993,5
1978011,10
1978042,5
1978063,9
1978092,29
1978116,528
1978146,6
1978174,8
1978191,11
1978220,15
1978242,18
1978266,8
1978292,5
1978316,11
1978338,6
1978362,38
1978381,76
1978404,6
1978438,7
1978464,5
1978494,6
1978528,8
1978562,8
1978587,7
1978615,6
1978639,6
1978668,10
1978685,10
1978712,15
1978728,5
1978771,6
1978797,13
1978824,7
1978852,43
1978869,5
1978892,47
1978920,6
1978938,32
1978959,9
1978976,5
1979003,5
1979037,5
1979066,25
1979091,7
1979114,7
1979138,10
1979155,7
1979178,8
1979206,23
1979225,12
1979248,27
1979271,9
1979291,5
1979312,13
1979337,19
1979359,6
1979383,8
1979407,6
1979432,11
1979456,13
1979489,16
1979506,9
1979531,5
1979550,7
1979589,7
1979618,5
1979636,7
1979664,27
1979691,7
1979715,47
1979741,90
1979768,7
1979788,5
1979825,25
1979852,10
1979868,5
1979892,7
1979912,7
1979942,20
1979968,6
1979990,9
1980014,5
1980039,5
1980058,6
1980085,6
1980111,166
1980135,17
1980157,5
1980195,22
1980216,5
1980252,11
1980278,36
1980303,6
1980330,8
1980356,5
1980393,8
1980425,8
1980460,5
1980475,7
1980494,7
1980515,593
1980539,9
1980570,21
1980600,5
1980629,40
1980658,8
1980675,5
1980704,10
1980735,7
1980766,8
1980792,8
1980810,18
1980836,75
1980858,6
1980893,5
1980914,6
1980940,6
1980976,5
1981004,7
1981043,60
1981082,11
1981108,94
1981145,7
1981168,42
1981197,9
1981226,9
1981244,7
1981268,13
1981291,6
1981323,99
1981350,54
1981386,28
1981413,8
1981435,7
1981462,5
1981492,6
1981511,14
1981543,5
1981563,15
1981588,7
1981611,18
1981629,139
1981657,178
1981680,8
1981711,6
1981739,7
1981767,8
1981792,10
1981833,7
1981858,8
1981884,5
1981917,6
1981943,5
1981956,5
1981981,6
1982001,6
1982033,7
1982059,20
1982078,23
1982104,7
1982135,16
1982160,14
1982187,6
1982212,7
1982235,9
1982262,36
1982283,5
1982311,5
1982331,8
1982361,5
1982393,6
1982418,7
1982440,5
1982468,66
1982495,6
1982519,104
1982545,11
1982569,10
1982591,5
1982612,9
1982643,7
1982672,56
1982704,6
1982725,14
1982756,12
1982779,11
1982801,12
1982827,5
1982848,8
1982885,27
1982909,5
1982930,9
1982956,11
1982985,15
1983010,31
1983029,6
1983061,7
1983084,15
1983105,12
1983134,5
1983166,6
1983190,20
1983212,5
1983237,104
1983269,6
1983296,6
1983328,8
1983349,9
1983368,5
1983398,43
1983431,11
1983456,5
1983482,7
1983505,43
1983532,16
1983554,12
1983575,5
1983597,8
1983626,138
1983651,7
1983673,5
1983694,5
1983723,12
1983753,6
1983778,10
1983810,5
1983836,6
1983862,16
1983883,7
1983912,9
1983941,5
1983977,27
1984002,7
1984036,12
1984065,5
1984100,5
1984133,10
1984164,11
1984199,6
1984226,6
1984254,11
1984284,5
1984314,6
1984342,35
1984362,17
1984385,7
1984405,11
1984430,5
1984452,10
1984473,8
1984507,106
1984538,14
1984558,34
1984580,6
1984599,20
1984624,6
1984652,8
1984677,16
1984711,5
1984739,36
1984764,8
1984792,6
1984820,5
1984847,9
1984870,17
1984893,14
1984924,6
1984952,40
1984974,7
1985005,19
1985036,13
1985065,5
1985087,10
1985112,10
1985144,14
1985171,5
1985198,8
1985225,10
1985252,34
1985285,7
1985308,14
1985329,6
1985354,6
1985381,6
1985400,9
1985428,14
1985460,14
1985481,7
1985502,64
1985534,9
1985550,9
1985581,5
1985594,5
1985632,9
1985665,6
1985696,99
1985719,6
1985742,11
1985777,13
1985806,10
1985834,5
1985860,5
1985887,69
1985915,7
1985944,5
1985967,22
1985994,6
1986015,7
1986036,7
1986068,6
1986093,5
1986116,9
1986147,9
1986169,5
1986203,17
1986230,17
1986251,6
1986281,13
1986303,12
1986320,6
1986345,7
1986375,6
1986397,5
1986427,11
1986453,5
1986479,13
1986514,6
1986539,8
1986568,10
1986589,8
1986612,5
1986635,6
1986656,5
1986680,7
1986707,13
1986725,6
1986757,8
1986776,8
1986802,5
1986822,5
1986859,5
1986881,5
1986914,5
1986944,18
1986965,8
1986996,5
1987021,92
1987039,243
1987068,7
1987096,5
1987117,6
1987140,5
1987164,6
1987191,7
1987224,7
1987253,9
1987281,7
1987309,6
1987331,6
1987358,16
1987387,7
1987411,11
1987435,6
1987463,6
1987488,35
1987507,8
1987530,6
1987558,22
1987580,8
1987606,5
1987633,5
1987657,8
1987680,10
1987719,19
1987742,16
1987771,9
1987799,27
1987823,13
1987853,5
1987883,6
1987911,5
1987935,5
1987963,38
1987983,10
1988013,12
1988048,6
1988071,6
1988097,10
1988128,6
1988155,12
1988179,14
1988201,5
1988222,13
1988241,8
1988261,12
1988292,11
1988315,12
1988351,20
1988377,5
1988397,8
1988421,20
1988441,11
1988455,37
1988475,6
1988512,5
1988544,81
1988574,7
1988597,17
1988624,5
1988646,6
1988668,9
1988696,6
1988719,5
1988746,6
1988767,22
1988805,5
1988834,11
1988866,23
1988890,5
1988918,13
1988960,5
1988989,6
1989019,5
1989048,5
1989082,21
1989106,13
1989135,5
1989164,19
1989190,24
1989209,12
1989229,8
1989251,17
1989281,6
1989307,5
1989338,9
1989358,6
1989385,16
1989412,5
1989443,28
1989476,6
1989495,7
1989521,9
1989550,7
1989573,9
1989597,5
1989629,21
1989654,6
1989682,5
1989711,160
1989733,17
1989759,5
1989786,5
1989815,6
1989839,14
1989858,7
1989883,9
1989899,6
1989926,21
1989956,12
1989979,16
1989998,7
1990021,8
1990060,162
1990080,6
1990100,7
1990121,12
1990148,5
1990174,6
1990197,7
1990224,29
1990253,7
1990282,242
1990308,5
1990328,9
1990359,7
1990397,15
1990411,7
1990435,17
1990463,13
1990482,10
1990507,12
1990534,9
1990565,67
1990591,7
1990613,6
1990641,10
1990669,5
1990701,17
1990726,7
1990758,6
1990791,5
1990814,7
1990839,8
1990864,5
1990894,13
1990921,10
1990945,5
1990980,22
1991000,8
1991020,6
1991052,10
1991076,7
1991093,5
1991115,5
1991140,14
1991167,7
1991191,5
1991203,5
1991233,5
1991265,5
1991296,5
1991340,8
1991360,6
1991381,16
1991402,22
1991428,10
1991455,9
1991478,22
1991505,19
1991540,95
1991559,6
1991582,7
1991608,10
1991629,6
1991659,14
1991682,6
1991704,11
1991734,8
1991768,484
1991790,5
1991815,6
1991836,6
1991872,9
1991892,9
1991912,10
1991937,5
1991968,10
1991990,5
1992011,11
1992048,18
1992070,23
1992101,6
1992128,6
1992160,11
1992189,7
1992215,8
1992241,124
1992272,7
1992295,7
1992322,17
1992355,19
1992378,6
1992405,6
1992428,20
1992454,10
1992487,8
1992506,12
1992538,9
1992564,6
1992598,12
1992620,9
1992642,5
1992671,15
1992696,34
1992723,31
1992745,10
1992773,9
1992802,17
1992822,5
1992846,8
1992879,7
1992907,17
1992945,5
1992970,8
1993004,7
1993043,8
1993069,58
1993096,7
1993123,5
1993142,10
1993161,6
1993188,9
1993205,6
1993246,7
1993280,23
1993302,5
1993327,8
1993355,10
1993386,8
1993413,7
1993431,64
1993460,5
1993489,6
1993513,25
1993546,9
1993569,10
1993596,115
1993622,5
1993643,9
1993662,5
1993690,21
1993715,6
1993744,5
1993766,6
1993788,15
1993817,83
1993848,5
1993875,6
1993896,5
1993925,12
1993954,6
1993989,7
1994016,6
1994039,20
1994063,5
1994086,6
1994114,10
1994136,6
1994161,16
1994186,5
1994214,5
1994234,5
1994252,9
1994282,20
1994307,7
1994335,5
1994365,12
1994388,5
1994423,17
1994443,11
1994471,23
1994492,11
1994523,16
1994547,6
1994574,37
1994594,21
1994614,5
1994639,26
1994676,5
1994693,9
1994720,5
1994740,7
1994769,13
1994794,18
1994816,17
1994834,5
1994864,9
1994890,5
1994915,5
1994938,7
1994960,5
1994978,5
1995001,6
1995031,8
1995061,78
1995084,6
1995106,6
1995136,8
1995157,31
1995185,25
1995207,7
1995236,15
1995273,901
1995298,9
1995321,12
1995349,7
1995378,23
1995403,23
1995429,14
1995450,6
1995474,195
1995503,11
1995522,10
1995544,7
1995578,13
1995604,5
1995630,11
1995650,26
1995666,5
1995696,8
1995722,5
1995747,5
1995773,9
1995798,5
1995827,26
1995847,5
1995870,15
1995907,8
1995925,6
1995955,8
1995980,28
1996011,5
1996033,10
1996052,14
1996084,5
1996110,13
1996129,11
1996156,5
1996188,5
1996208,13
1996233,16
1996260,5
1996283,8
1996312,5
1996333,7
1996356,6
1996381,8
1996396,7
1996415,5
1996445,5
1996467,5
1996486,7
1996508,6
1996533,6
1996559,17
1996587,9
1996614,44
1996643,6
1996660,6
1996684,7
1996710,13
1996735,7
1996771,9
1996791,7
1996814,5
1996836,16
1996865,5
1996897,7
1996923,6
1996958,13
1996986,13
1997008,22
1997033,7
1997065,26
1997086,8
1997109,21
1997135,688
1997164,7
1997184,5
1997215,9
1997242,13
1997270,7
1997292,5
1997323,69
1997350,32
1997375,6
1997404,8
1997433,6
1997449,5
1997465,9
1997489,9
1997517,6
1997550,11
1997579,5
1997603,7
1997635,6
1997654,10
1997674,6
1997691,7
1997722,7
1997745,35
1997781,19
1997802,7
1997828,6
1997856,11
1997879,9
1997907,9
1997937,5
1997971,182
1998001,10
1998027,5
1998047,5
1998074,7
1998092,6
1998115,19
1998137,5
1998171,5
1998199,9
1998221,6
1998244,8
1998283,7
1998314,7
1998349,5
1998373,16
1998402,9
1998436,6
1998461,7
1998487,6
1998515,9
1998546,6
1998565,14
1998598,7
1998622,7
1998666,7
1998693,5
1998726,9
1998750,12
1998777,7
1998812,10
1998846,9
1998864,6
1998885,15
1998911,6
1998939,32
1998962,10
1998984,7
1999018,18
1999046,30
1999084,9
1999110,8
1999139,5
1999173,5
1999195,6
1999223,7
1999240,6
1999265,6
1999287,5
1999315,6
1999343,6
1999366,22
1999394,5
1999424,7
1999452,12
1999468,9
1999495,5
1999522,6
1999544,6
1999566,6
1999589,8
1999621,5
1999651,77
1999687,77
1999727,14
1999748,5
1999774,8
1999794,6
1999818,9
1999839,25
1999859,12
1999884,6
1999910,8
1999935,5
1999959,11
1999993,8
2000018,13
2000041,9
2000075,5
2000102,7
2000132,5
2000161,28
2000191,15
2000217,9
2000250,13
2000274,5
2000298,80
2000313,12
2000341,9
2000361,37
2000389,263
2000412,15
2000440,23
2000464,33
2000485,12
2000507,530
2000532,9
2000556,5
2000590,11
2000617,40
2000646,5
2000666,8
2000689,10
2000713,7
2000749,6
2000772,5
2000792,25
2000809,10
2000837,6
2000875,5
2000905,7
2000935,65
2000965,23
2000990,11
2001014,5
2001034,13
2001064,5
2001095,9
2001113,6
2001140,6
2001171,7
2001200,31
2001215,7
2001253,6
2001293,6
2001320,6
2001347,52
2001369,9
2001397,5
2001417,6
2001446,6
2001467,6
2001494,56
2001516,17
2001541,5
2001567,8
2001591,8
2001619,7
2001646,11
2001665,8
2001684,5
2001714,15
2001745,7
2001780,5
2001809,12
2001839,6
2001857,7
2001882,11
2001903,10
2001925,6
2001954,5
2001975,53
2001991,6
2002020,20
2002050,9
2002078,5
2002105,7
2002124,7
2002152,31
2002172,5
2002198,11
2002220,8
2002260,12
2002295,8
2002320,6
2002354,7
2002372,5
2002401,9
2002429,11
2002455,7
2002476,8
2002506,5
2002526,5
2002553,7
2002577,75
2002610,13
2002630,45
2002651,28
2002671,5
2002701,7
2002728,30
2002754,23
2002779,13
2002801,42
2002823,14
2002849,30
2002871,49
2002894,13
2002919,90
2002942,9
2002968,5
2002997,5
2003021,22
2003047,7
2003068,8
2003090,1251
2003122,5
2003150,5
2003181,6
2003212,6
2003229,105
2003257,5
2003295,5
2003317,10
2003339,23
2003369,9
2003408,6
2003429,14
2003449,14
2003482,21
2003511,8
2003530,11
2003551,34
2003575,14
2003601,16
2003625,9
2003653,5
2003674,7
2003697,8
2003721,7
2003748,15
2003769,49
2003793,12
2003808,6
2003834,6
2003858,14
2003875,5
2003897,26
2003924,172
2003951,12
2003969,23
2004003,6
2004035,38
2004060,9
2004087,7
2004114,5
2004133,7
2004156,5
2004177,5
2004197,11
2004219,6
2004240,5
2004260,6
2004286,7
2004306,5
2004332,12
2004351,30
2004373,27
2004391,8
2004411,5
2004439,22
2004459,6
2004477,7
2004514,23
2004537,24
2004564,5
2004594,11
2004625,55
2004668,5
2004690,133
2004711,10
2004736,5
2004760,8
2004781,9
2004810,243
2004845,7
2004874,5
2004898,7
2004919,6
2004950,7
2004969,19
2005006,5
2005030,13
2005054,6
2005082,9
2005100,5
2005121,5
2005141,13
2005163,24
2005189,12
2005224,5
2005247,19
2005264,5
2005295,7
2005315,5
2005335,5
2005361,7
2005388,8
2005424,9
2005442,31
2005472,24
2005495,7
2005527,6
2005559,7
2005586,9
2005617,11
2005639,278
2005668,22
2005682,6
2005714,15
2005735,71
2005760,7
2005791,7
2005813,7
2005831,89
2005863,16
2005889,10
2005918,17
2005942,107
2005972,5
2005999,16
2006022,6
2006048,5
2006081,5
2006113,6
2006139,5
2006160,194
2006188,7
2006227,5
2006255,12
2006285,6
2006310,5
2006337,6
2006366,8
2006389,6
2006415,8
2006444,6
2006466,5
2006490,6
2006522,8
2006543,5
2006574,17
2006604,16
2006638,8
2006668,25
2006693,25
2006729,7
2006761,5
2006797,5
2006822,77
2006836,5
2006853,19
2006879,5
2006911,5
2006937,18
2006973,9
2006995,17
2007019,8
2007043,248
2007063,6
2007100,15
2007127,8
2007147,26
2007170,9
2007194,8
2007220,5
2007249,15
2007273,7
2007295,6
2007324,9
2007356,7
2007376,5
2007407,5
2007434,6
2007462,6
2007486,439
2007519,7
2007552,8
2007572,13
2007608,5
2007623,13
2007651,42
2007676,18
2007698,24
2007726,6
2007748,22
2007767,5
2007787,12
2007816,8
2007846,5
2007874,7
2007906,59
2007925,10
2007949,5
2007974,6
2008003,6
2008029,11
2008051,5
2008080,6
2008107,8
2008132,6
2008158,5
2008186,8
2008204,9
2008223,13
2008255,8
2008272,8
2008297,237
2008322,6
2008346,5
2008375,96
2008397,33
2008419,6
2008450,6
2008476,12
2008511,6
2008544,6
2008568,6
2008597,6
2008619,12
2008661,9
2008685,16
2008708,5
2008731,5
2008755,5
2008779,6
2008804,5
2008826,217
2008846,5
2008875,5
2008896,7
2008924,6
2008957,20
2008985,8
2009011,5
2009033,46
2009049,18
2009077,9
2009113,6
2009136,6
2009161,22
2009189,22
2009209,6
2009237,5
2009258,5
2009288,5
2009315,5
2009341,12
2009361,5
2009392,7
2009420,9
2009441,16
2009465,23
2009485,5
2009511,13
2009539,5
2009570,6
2009594,12
2009614,50
2009639,5
2009664,126
2009678,14
2009700,23
2009726,8
2009745,5
2009768,45
2009795,15
2009812,11
2009840,5
2009873,49
2009901,18
2009923,5
2009942,184
2009966,22
2009989,6
2010013,5
2010049,5
2010078,8
2010104,634
2010125,30
2010148,21
2010172,5
2010199,7
2010235,6
2010252,5
2010282,5
2010307,8
2010337,26
2010356,7
2010386,37
2010420,5
2010446,9
2010473,6
2010502,6
2010523,8
2010557,5
2010583,6
2010610,5
2010636,32
2010659,8
2010675,12
2010696,10
2010726,6
2010754,20
2010779,14
2010811,5
2010841,12
2010867,8
2010887,188
2010911,5
2010934,21
2010954,56
2010992,8
2011018,6
2011050,5
2011085,71
2011109,6
2011139,5
2011171,9
2011194,7
2011226,16
2011250,7
2011278,9
2011302,19
2011326,16
2011349,8
2011375,5
2011407,5
2011433,8
2011462,6
2011485,12
2011504,18
2011527,11
2011559,5
2011572,29
2011598,5
2011621,6
2011645,6
2011673,43
2011694,6
2011719,7
2011736,5
2011776,6
2011796,5
2011823,132
2011841,5
2011861,59
2011895,9
2011932,9
2011957,18
2011980,7
2012003,5
2012036,5
2012058,26
2012078,5
2012101,6
2012128,5
2012152,10
2012177,152
2012209,8
2012238,5
2012268,7
2012295,5
2012319,6
2012354,17
2012378,15
2012407,6
2012436,8
2012454,12
2012468,6
2012494,8
2012515,20
2012535,5
2012560,5
2012590,5
2012617,5
2012642,5
2012672,11
2012689,5
2012711,23
2012740,8
2012764,13
2012785,12
2012807,6
2012833,6
2012852,6
2012868,5
2012895,5
2012916,15
2012941,10
2012964,6
2012993,6
2013025,15
2013049,16
2013073,6
2013093,11
2013114,36
2013139,7
2013173,87
2013207,23
2013231,6
2013257,7
2013275,5
2013297,10
2013326,11
2013360,18
2013381,7
2013408,27
2013436,15
2013460,6
2013490,5
2013512,9
2013536,17
2013555,5
2013577,5
2013602,5
2013625,14
2013656,8
2013679,18
2013700,6
2013733,9
2013760,5
2013786,9
2013807,12
2013836,5
2013868,6
2013891,6
2013913,13
2013939,7
2013964,10
2013991,6
2014018,12
2014052,6
2014083,7
2014107,11
2014135,9
2014161,7
2014185,18
2014207,12
2014229,13
2014256,6
2014281,5
2014310,9
2014331,5
2014362,13
2014387,7
2014411,6
2014442,8
2014464,5
2014488,6
2014513,9
2014538,7
2014563,7
2014598,7
2014616,7
2014647,8
2014675,5
2014703,11
2014737,5
2014756,7
2014787,8
2014817,7
2014852,11
2014875,5
2014905,8
2014937,12
2014960,7
2014982,8
2015004,7
2015029,78
2015055,52
2015084,20
2015114,117
2015140,8
2015162,20
2015186,166
2015215,10
2015241,13
2015270,25
2015300,27
2015332,7
2015358,21
2015390,10
2015428,5
2015453,75
2015473,6
2015487,6
2015518,23
2015544,5
2015569,16
2015596,7
2015619,13
2015640,6
2015662,10
2015687,7
2015710,7
2015740,23
2015759,5
2015787,8
2015812,5
2015832,5
2015871,12
2015906,8
2015931,22
2015954,25
2015980,16
2016006,5
2016038,17
2016062,47
2016090,5
2016117,14
2016140,9
2016169,94
2016190,8
2016217,6
2016246,5
2016273,5
2016298,62
2016328,6
2016343,8
2016376,14
2016396,11
2016423,5
2016449,6
2016470,5
2016497,53
2016528,21
2016556,6
2016584,14
2016611,9
2016638,6
2016664,7
2016692,17
2016714,11
2016744,5
2016774,32
2016796,6
2016824,7
2016851,5
2016873,17
2016891,6
2016912,20
2016940,5
2016963,163
2016990,15
2017021,9
2017049,5
2017076,6
2017108,9
2017134,11
2017157,43
2017173,5
2017200,6
2017224,5
2017246,14
2017273,20
2017307,5
2017340,24
2017366,225
2017406,8
2017433,11
2017461,68
2017486,11
2017508,11
2017530,10
2017564,15
2017592,12
2017613,1284
2017642,7
2017665,5
2017688,7
2017720,13
2017746,6
2017773,10
2017805,5
2017837,6
2017869,17
2017895,10
2017917,7
2017939,8
2017961,47
2017984,16
2018015,5
2018039,5
2018056,29
2018079,66
2018097,5
2018115,10
2018145,7
2018178,5
2018206,34
2018227,5
2018252,14
2018277,5
2018306,15
2018335,171
2018355,6
2018398,8
2018421,39
2018447,11
2018469,10
2018493,23
2018518,6
2018547,5
2018575,12
2018602,18
2018633,25
2018662,55
2018693,24
2018723,7
2018754,7
2018779,21
2018804,5
2018828,7
2018850,8
2018881,10
2018905,40
2018933,38
2018965,7
2018982,12
2018998,5
2019029,8
2019056,9
2019076,7
2019107,13
2019133,5
2019157,9
2019191,12
2019215,11
2019254,5
2019280,6
2019303,8
2019330,7
2019357,16
2019385,6
2019406,10
2019423,5
2019447,112
2019476,9
2019501,12
2019530,12
2019555,6
2019577,7
2019600,13
2019637,7
2019675,7
2019696,6
2019713,5
2019730,6
2019753,7
2019786,220
2019811,12
2019840,10
2019862,7
2019892,19
2019913,5
2019942,5
2019967,5
2019996,8
2020024,5
2020046,7
2020071,30
2020097,7
2020117,7
2020139,9
2020170,16
2020191,12
2020208,12
2020237,7
2020258,5
2020289,12
2020315,6
2020343,7
2020361,5
2020383,180
2020403,12
2020430,7
2020464,8
2020494,6
2020512,7
2020540,16
2020571,10
2020593,8
2020622,21
2020648,5
2020672,6
2020699,52
2020726,6
2020748,9
2020773,6
2020786,11
2020812,5
2020843,15
2020870,6
2020901,7
2020927,6
2020951,6
2020975,6
2020996,5
2021017,5
2021045,7
2021072,13
2021099,209
2021127,30
2021153,5
2021175,29
2021195,5
2021231,8
2021259,13
2021280,29
2021311,12
2021331,6
2021366,6
2021389,7
2021407,5
2021427,66
2021450,16
2021473,6
2021500,8
2021530,8
2021552,5
2021580,17
2021600,5
2021625,11
2021650,17
2021669,349
2021693,33
2021717,15
2021745,16
2021772,5
2021792,9
2021828,10
2021861,32
2021885,29
2021915,7
2021951,5
2021975,13
2022006,5
2022032,22
2022059,34
2022076,5
2022101,7
2022127,14
2022155,6
2022187,5
2022211,37
2022228,5
2022254,25
2022284,8
2022313,5
2022343,55
2022380,8
2022406,6
2022429,24
2022448,14
2022469,17
2022498,12
2022520,7
2022544,6
2022566,5
2022591,5
2022613,10
2022642,6
2022662,19
2022689,6
2022708,38
2022728,18
2022754,9
2022782,7
2022806,13
2022837,5
2022862,6
2022884,10
2022915,13
2022944,11
2022973,9
2023004,13
2023038,5
2023063,101
2023094,8
2023118,13
2023146,13
2023164,5
2023201,5
2023213,6
2023242,6
2023276,6
2023307,5
2023332,8
2023366,26
2023393,23
2023426,13
2023456,5
2023482,6
2023503,10
2023535,6
2023558,24
2023580,8
2023608,12
2023639,25
2023671,18
2023701,141
2023721,58
2023746,5
2023773,9
2023802,5
2023824,5
2023853,17
2023880,13
2023905,7
2023932,16
2023961,7
2023986,6
2024009,5
2024036,23
2024060,41
2024089,78
2024116,7
2024139,8
2024162,13
2024186,5
2024213,13
2024248,6
2024283,6
2024307,25
2024336,17
2024366,6
2024395,24
2024424,33
2024449,15
2024470,5
2024505,27
2024529,35
2024548,5
2024585,14
2024624,7
2024648,5
2024665,10
2024692,6
2024707,15
2024730,8
2024750,5
2024776,6
2024803,5
2024821,7
2024850,20
2024871,5
2024905,24
2024925,5
2024950,6
2024979,20
2024997,6
2025033,7
2025057,6
2025088,7
2025112,21
2025133,11
2025157,35
2025185,6
2025212,5
2025235,6
2025255,44
2025288,5
2025322,10
2025347,178
2025374,16
2025406,6
2025430,5
2025452,26
2025474,10
2025507,34
2025539,26
2025567,7
2025600,5
2025626,24
2025650,5
2025680,36
2025706,10
2025725,5
2025745,11
2025765,5
2025793,25
2025813,6
2025845,8
2025868,10
2025890,12
2025919,12
2025944,6
2025977,8
2025997,11
2026021,5
2026047,964
2026068,5
2026098,7
2026127,8
2026152,9
2026180,8
2026211,5
2026236,8
2026266,13
2026287,26
2026326,48
2026351,12
2026368,14
2026394,17
2026416,20
2026446,44
2026474,5
2026489,36
2026523,9
2026553,6
2026576,5
2026603,8
2026626,9
2026651,5
2026686,6
2026710,5
2026733,8
2026756,5
2026781,88
2026808,10
2026832,9
2026860,8
2026888,14
2026909,85
2026930,6
2026960,5
2026983,8
2027007,19
2027035,428
2027070,29
2027090,10
2027113,18
2027143,7
2027167,232
2027195,15
2027221,7
2027245,6
2027274,36
2027310,6
2027342,10
2027366,5
2027396,6
2027429,6
2027456,5
2027485,70
2027499,9
2027522,8
2027550,13
2027568,9
2027602,8
2027629,8
2027658,11
2027683,8
2027716,5
2027744,29
2027773,5
2027801,7
2027830,9
2027853,6
2027883,9
2027913,14
2027935,7
2027954,5
2027984,10
2028017,5
2028040,5
2028070,20
2028096,5
2028118,6
2028145,7
2028165,10
2028190,5
2028224,5
2028239,10
2028272,59
2028294,41
2028317,10
2028342,11
2028366,5
2028385,8
2028404,24
2028429,7
2028453,6
2028480,18
2028507,5
2028537,35
2028559,8
2028600,13
2028625,5
2028656,6
2028695,8
2028723,7
2028751,7
2028781,9
2028807,12
2028832,44
2028862,21
2028894,17
2028918,10
2028943,6
2028976,15
2029009,5
2029031,5
2029058,15
2029077,9
2029099,56
2029121,5
2029152,7
2029178,11
2029202,6
2029225,5
2029255,5
2029273,7
2029289,7
2029312,8
2029336,7
2029367,5
2029384,11
2029408,12
2029429,10
2029443,9
2029468,14
2029498,8
2029520,5
2029551,8
2029581,19
2029609,8
2029633,9
2029663,5
2029703,6
2029729,136
2029752,5
2029785,28
2029819,3955
2029846,5
2029883,18
2029910,35
2029937,5
2029964,5
2029990,5
2030014,6
2030039,5
2030072,9
2030088,8
2030112,5
2030141,32
2030168,14
2030192,36
2030212,8
2030237,11
2030272,5
2030304,818
2030332,7
2030347,23
2030372,36
2030401,5
2030433,15
2030458,8
2030488,8
2030518,42
2030540,5
2030557,10
2030576,12
2030597,5
2030622,5
2030641,67
2030664,6
2030693,5
2030721,5
2030744,5
2030771,5
2030800,94
2030823,128
2030841,5
2030866,5
2030896,36
2030917,5
2030946,5
2030977,6
2031000,8
2031027,7
2031055,6
2031076,5
2031103,15
2031144,6
2031169,8
2031190,5
2031222,8
2031246,8
2031276,11
2031308,145
2031337,5
2031364,7
2031394,8
2031417,6
2031433,5
2031455,5
2031479,22
2031509,17
2031535,20
2031552,6
2031580,5
2031605,33
2031638,6
2031666,112
2031685,6
2031714,9
2031743,7
2031772,6
2031794,12
2031822,16
2031846,5
2031881,11
2031912,10
2031941,25
2031973,7
2032003,6
2032025,6
2032050,6
2032076,7
2032114,17
2032146,5
2032164,14
2032183,33
2032207,6
2032234,5
2032263,6
2032285,34
2032306,5
2032331,6
2032360,18
2032381,5
2032413,145
2032436,6
2032465,17
2032483,15
2032505,11
2032531,12
2032553,11
2032577,18
2032591,116
2032620,7
2032657,15
2032686,6
2032714,8
2032744,5
2032769,26
2032804,8
2032829,7
2032852,5
2032885,11
2032916,25
2032936,11
2032959,21
2032992,7
2033020,5
2033043,15
2033075,5
2033100,6
2033125,35
2033146,8
2033178,8
2033205,7
2033226,6
2033250,12
2033285,5
2033302,6
2033330,6
2033355,7
2033379,9
2033408,5
2033426,5
2033452,6
2033482,19
2033511,7
2033531,16
2033557,62
2033591,9
2033614,41
2033634,5
2033664,7
2033687,24
2033711,66
2033743,9
2033771,7
2033794,20
2033820,5
2033852,15
2033869,7
2033899,5
2033913,6
2033939,30
2033960,27
2033986,10
2034015,8
2034037,5
2034065,7
2034091,5
2034118,9
2034141,7
2034170,5
2034200,17
2034230,5
2034255,8
2034285,41
2034310,6
2034332,14
2034360,5
2034382,34
2034407,30
2034436,80
2034458,10
2034489,8
2034510,6
2034536,6
2034562,8
2034588,6
2034610,12
2034635,30
2034662,23
2034689,213
2034727,20
2034762,5
2034798,6
2034820,8
2034849,5
2034869,5
2034890,5
2034909,5
2034931,6
2034955,16
2034987,9
2035011,6
2035033,8
2035055,5
2035085,8
2035117,6
2035141,7
2035173,11
2035191,11
2035211,15
2035230,7
2035260,6
2035288,6
2035312,79
2035328,11
2035355,19
2035385,9
2035411,6
2035438,7
2035464,5
2035493,11
2035512,8
2035531,8
2035552,6
2035585,6
2035608,5
2035634,5
2035661,19
2035687,6
2035708,21
2035741,5
2035761,9
2035785,5
2035812,17
2035841,5
2035864,8
2035893,27
2035915,6
2035930,33
2035963,8
2036003,7
2036033,9
2036056,8
2036087,12
2036125,17
2036148,9
2036171,34
2036199,10
2036227,6
2036249,7
2036276,11
2036304,8
2036327,13
2036353,8
2036376,39
2036394,144
2036412,9
2036437,49
2036466,9
2036495,6
2036516,7
2036543,25
2036569,7
2036594,10
2036612,5
2036631,6
2036656,10
2036674,6
2036705,6
2036730,5
2036751,13
2036780,6
2036807,19
2036834,32
2036855,10
2036879,5
2036897,5
2036928,14
2036959,7
2036995,9
2037019,6
2037054,8
2037072,13
2037092,7
2037126,10
2037150,17
2037174,18
2037204,5
2037245,6
2037272,20
2037297,17
2037319,5
2037348,35
2037368,6
2037386,7
2037405,6
2037427,15
2037464,6
2037486,11
2037512,7
2037541,16
2037578,5
2037595,11
2037630,5
2037650,8
2037668,6
2037690,70
2037717,8
2037737,10
2037770,13
2037801,5
2037830,8
2037856,32
2037878,5
2037900,41
2037925,9
2037947,13
2037970,11
2038006,8
2038028,6
2038059,5
2038079,13
2038103,9
2038130,8
2038164,15
2038190,11
2038209,14
2038241,5
2038272,6
2038301,7
2038325,50
2038358,9
2038385,13
2038404,8
2038436,31
2038465,5
2038499,6
2038514,144
2038540,14
2038570,278
2038590,18
2038623,5
2038643,5
2038673,5
2038700,6
2038721,13
2038751,15
2038777,10
2038802,7
2038840,6
2038872,74
2038908,12
2038935,7
2038962,11
2038985,8
2039004,19
2039032,14
2039057,10
2039087,5
2039116,10
2039141,17
2039169,8
2039196,23
2039220,8
2039242,7
2039276,15
2039306,13
2039335,5
2039364,15
2039391,5
2039424,11
2039447,7
2039473,5
2039502,19
2039528,14
2039548,10
2039575,416
2039604,9
2039633,7
2039661,100
2039686,10
2039713,6
2039738,6
2039762,5
2039787,9
2039826,19
2039853,23
2039882,6
2039913,6
2039942,83
2039971,25
2039993,5
2040018,6
2040046,6
2040078,6
2040109,12
2040139,5
2040152,8
2040177,8
2040202,6
2040225,38
2040258,7
2040289,69
2040314,7
2040336,8
2040364,5
2040390,8
2040414,22
2040432,5
2040461,7
2040474,121
2040498,33
2040522,9
2040555,19
2040581,5
2040608,6
2040640,7
2040675,6
2040706,7
2040732,15
2040755,9
2040788,8
2040816,20
2040842,9
2040858,6
2040879,122
2040914,10
2040940,9
2040956,6
2040977,16
2041001,7
2041027,7
2041057,18
2041091,12
2041120,9
2041138,6
2041163,12
2041193,21
2041218,8
2041233,151
2041264,7
2041291,9
2041313,15
2041337,5
2041361,7
2041383,9
2041410,11
2041438,7
2041468,6
2041495,11
2041525,19
2041550,5
2041579,11
2041605,16
2041629,5
2041646,9
2041673,11
2041703,14
2041737,19
2041760,5
2041786,10
2041818,52
2041841,7
2041862,13
2041894,6
2041928,6
2041951,24
2041980,20
2041993,11
2042013,13
2042050,9
2042083,9
2042104,32
2042130,5
2042149,6
2042170,14
2042196,5
2042220,10
2042253,8
2042285,10
2042316,5
2042345,13
2042370,16
2042406,15
2042430,28
2042454,6
2042487,6
2042514,9
2042541,6
2042563,22
2042589,8
2042611,5
2042637,8
2042670,10
2042692,13
2042716,20
2042740,6
2042770,6
2042800,59
2042822,13
2042853,22
2042885,5
2042909,5
2042934,5
2042966,5
2042989,7
2043018,5
2043038,21
2043068,13
2043089,19
2043108,27
2043131,5
2043148,8
2043177,48
2043203,6
2043224,5
2043253,8
2043275,11
2043299,9
2043320,12
2043337,6
2043360,46
2043386,6
2043412,10
2043437,11
2043461,5
2043491,15
2043521,6
2043545,5
2043570,7
2043587,12
2043606,11
2043626,13
2043652,85
2043677,8
2043711,8
2043737,14
2043765,26
2043787,106
2043810,6
2043832,7
2043865,7
2043889,66
2043909,5
2043936,8
2043972,7
2043998,31
2044024,21
2044053,10
2044083,17
2044102,5
2044126,6
2044154,15
2044181,5
2044203,8
2044236,9
2044273,9
2044303,25
2044331,38
2044355,29
2044374,6
2044394,76
2044415,23
2044450,5
2044480,12
2044509,17
2044534,17
2044564,24
2044593,34
2044626,5
2044656,17
2044674,7
2044699,13
2044718,5
2044745,13
2044767,8
2044783,6
2044815,11
2044836,43057
2044863,7
2044884,90
2044923,6
2044963,18
2044978,12
2045000,8
2045029,5
2045043,22
2045071,14
2045110,71
2045134,5
2045168,5
2045193,19
2045216,8
2045245,6
2045276,9
2045297,5
2045324,6
2045347,11
2045378,17
2045400,9
2045427,49
2045462,12
2045490,6
2045519,11
2045545,5
2045569,5
2045598,11
2045624,6
2045645,16
2045663,9
2045691,8
2045713,5
2045736,55
2045760,10
2045782,7
2045806,10
2045831,5
2045853,5
2045879,10
2045906,15
2045938,7
2045968,20
2045993,7
2046018,11
2046047,6
2046079,9
2046102,15
2046119,11
2046148,5
2046174,23
2046198,5
2046223,16
2046252,44
2046272,8
2046299,7
2046327,363
2046363,14
2046390,5
2046411,8
2046441,5
2046470,10
2046507,6
2046534,12
2046559,5
2046583,10
2046609,17
2046632,7
2046643,9
2046667,7
2046693,7
2046721,5
2046741,5
2046760,7
2046802,5
2046826,15
2046855,5
2046872,18
2046904,9
2046935,43
2046961,16
2046984,14
2047002,16
2047032,6
2047064,8
2047087,6
2047104,37
2047132,25
2047156,19
2047189,15
2047216,15
2047244,5
2047266,5
2047304,5
2047329,9
2047349,15
2047374,10
2047402,15
2047442,37
2047469,23
2047496,34
2047530,15
2047560,39
2047587,17
2047615,7
2047641,9
2047658,6
2047696,9
2047723,5
2047744,11
2047773,5
2047798,5
2047822,9
2047854,9
2047885,5
2047912,11
2047938,5
2047958,19
2047993,5
2048009,5
2048038,12
2048066,20
2048093,8
2048121,7
2048147,6
2048179,196
2048206,9
2048225,5
2048251,17
2048277,136
2048303,5
2048332,16
2048362,10
2048388,16
2048411,22
2048442,67
2048467,5
2048496,20
2048523,7
2048543,6
2048563,6
2048592,16
2048621,56
2048642,5
2048674,93
2048694,10
2048713,6
2048743,7
2048771,25
2048795,8
2048828,5
2048860,16
2048893,5
2048911,6
2048939,7
2048961,8
2048991,6
2049015,9
2049043,101
2049073,5
2049104,10
2049125,10
2049157,21
2049185,11
2049204,9
2049223,33
2049253,11
2049281,17
2049311,32
2049333,8
2049362,12
2049378,57
2049405,6
2049433,6
2049459,6
2049482,6
2049509,9
2049541,6
2049564,6
2049591,22
2049610,71
2049628,6
2049652,5
2049684,5
2049714,7
2049740,5
2049760,34
2049787,6
2049821,13
2049853,5
2049877,5
2049910,16
2049938,5
2049968,18
2050000,5
2050031,6
2050061,9
2050084,6
2050100,5
2050133,153
2050154,13
2050180,6
2050210,7
2050245,9
2050264,6
2050293,14
2050320,74
2050346,7
2050370,8
2050395,40
2050417,7
2050440,16
2050462,5
2050487,5
2050513,13
2050530,20
2050549,6
2050578,20
2050606,9
2050636,5
2050669,5
2050694,8
2050718,6
2050738,14
2050759,10
2050783,6
2050813,5
2050831,12
2050861,6
2050891,15
2050921,5
2050936,8
2050974,5
2050995,17
2051018,8
2051042,5
2051073,78
2051093,9
2051116,8
2051137,39
2051170,10
2051193,6
2051213,15
2051233,124
2051256,7
2051281,6
2051312,5
2051335,6
2051360,6
2051386,14
2051410,5
2051427,12
2051446,42
2051475,55
2051505,18
2051540,5
2051571,5
2051582,7
2051604,7
2051631,12
2051645,174
2051666,5
2051689,60
2051717,5
2051745,5
2051767,5
2051802,75
2051834,11
2051858,48
2051881,38
2051906,8
2051933,16
2051957,53
2051983,8
2052010,5
2052038,47
2052066,6
2052089,6
2052111,23
2052130,6
2052158,19
2052184,10
2052197,7
2052222,17
2052261,48
2052285,6
2052314,5
2052335,5
2052367,9
2052395,12
2052418,9
2052442,6
2052464,10
2052492,5
2052508,8
2052537,14
2052569,21
2052595,10
2052621,5
2052641,6
2052668,5
2052688,11
2052718,11
2052749,6
2052781,5
2052799,9
2052828,6
2052849,172
2052873,27
2052897,5
2052919,5
2052948,27
2052974,12
2053004,25
2053031,16
2053060,20
2053081,14
2053104,6
2053133,28
2053155,33
2053190,10
2053214,13
2053235,14
2053268,5
2053294,10
2053316,11
2053347,41
2053369,10
2053397,8
2053427,9
2053455,13
2053490,9
2053516,9
2053538,5
2053568,14
2053593,7
2053616,8
2053637,12
2053666,11
2053692,12
2053719,5
2053747,6
2053777,68
2053798,6
2053825,6
2053859,23
2053885,6
2053906,5
2053929,6
2053967,11
2053991,5
2054010,12
2054044,14
2054075,23
2054104,20
2054125,6
2054154,23
2054182,9
2054206,5
2054229,9
2054252,6
2054284,16
2054310,6
2054331,5
2054356,28
2054387,13
2054415,8
2054436,10
2054452,6
2054476,12
2054507,7
2054531,16
2054556,7
2054577,6
2054601,5
2054621,6
2054646,42
2054670,5
2054696,8
2054734,11
2054765,31
2054795,10
2054823,8
2054849,10
2054879,7
2054909,6
2054937,16
2054969,5
2054995,7
2055020,6
2055051,24
2055076,5
2055100,6
2055130,13
2055145,17
2055173,11
2055197,13
2055231,9
2055257,8
2055282,110
2055313,6
2055335,9
2055362,16
2055381,6
2055404,55
2055437,20
2055455,11
2055480,7
2055515,13
2055537,14
2055562,17
2055596,8
2055618,11
2055648,5
2055668,5
2055690,107
2055718,5
2055745,6
2055769,21
2055802,17
2055828,19
2055856,5
2055882,11
2055908,5
2055930,11
2055962,67
2055985,5
2056013,5
2056035,5
2056070,13
2056108,5
2056132,5
2056155,18
2056181,17
2056205,22
2056231,9
2056256,7
2056296,1361
2056318,6
2056349,6
2056374,5
2056401,6
2056430,5
2056451,335
2056483,7
2056517,10
2056546,5
2056574,6
2056602,31
2056616,9
2056638,7
2056653,9
2056678,6
2056711,15
2056746,8
2056762,6
2056781,84
2056801,27
2056829,17
2056850,5
2056870,5
2056897,13
2056930,41
2056955,10
2056975,12
2056998,14
2057028,37
2057044,20
2057070,10
2057096,5
2057123,9
2057144,9
2057170,5
2057199,9
2057217,13
2057244,11
2057273,5
2057293,45
2057320,6
2057341,8
2057365,5
2057388,8
2057406,21
2057439,11
2057459,5
2057492,15
2057515,25
2057545,11
2057571,6
2057590,7
2057621,5
2057653,6
2057679,6
2057709,5
2057739,82
2057770,17
2057795,8
2057827,34
2057859,20
2057890,5
2057923,6
2057959,6
2057983,10
2058011,8
2058040,5
2058060,6
2058090,10
2058110,5
2058144,6
2058162,9
2058178,6
2058201,7
2058216,7
2058241,7
2058271,7
2058292,56
2058315,21
2058338,8
2058371,5
2058381,5
2058406,6
2058436,10
2058471,16
2058492,5
2058523,37
2058545,23
2058574,48
2058599,9
2058624,11
2058647,10
2058681,5
2058715,9
2058750,9
2058776,40
2058796,91
2058819,30
2058848,8
2058873,6
2058894,15
2058916,9
2058940,21
2058965,14
2058993,5
2059028,23
2059053,43
2059077,616
2059101,7
2059133,55
2059153,11
2059184,8
2059208,6
2059232,13
2059256,17
2059276,9
2059307,6
2059331,9
2059352,6
2059388,12
2059413,19
2059434,6
2059465,9
2059493,5
2059519,5
2059547,8
2059582,6
2059610,6
2059637,7
2059667,15
2059694,20
2059718,6
2059739,5
2059768,5
2059795,16
2059822,6
2059843,9
2059870,31
2059890,6
2059916,31
2059937,18
2059965,7
2059991,5
2060009,7
2060037,31
2060067,13
2060096,32
2060125,8
2060152,7
2060186,11
2060207,7
2060228,9
2060253,5
2060289,70
2060317,6
2060338,5
2060358,6
2060395,5
2060422,5
2060453,5
2060476,62
2060500,11
2060534,8
2060568,8
2060602,5
2060630,9
2060667,13
2060693,6
2060728,7
2060752,8
2060776,13
2060807,5
2060830,23
2060856,14
2060879,8
2060902,15
2060925,19
2060946,6
2060966,7
2060997,6
2061021,39
2061052,14
2061080,6
2061102,7
2061127,7
2061151,6
2061173,10
2061202,12
2061223,5
2061249,18
2061276,7
2061311,5
2061334,10
2061358,7
2061390,20
2061424,24
2061448,12
2061483,8
2061506,6
2061533,5
2061560,5
2061590,45
2061622,11
2061646,5
2061662,16
2061679,18
2061696,5
2061721,8
2061737,7
2061757,6
2061789,11
2061817,6
2061847,6
2061880,5
2061907,7
2061927,6
2061959,8
2061991,5
2062016,13
2062029,6
2062049,5
2062085,6
2062102,47
2062122,8
2062146,5
2062167,34
2062197,11
2062224,6
2062254,7
2062284,5
2062306,12
2062322,5
2062346,24
2062376,10
2062414,94
2062444,5
2062472,13
2062493,6
2062518,11
2062548,5
2062569,35
2062604,6
2062633,11
2062657,22
2062687,16
2062710,5
2062744,5
2062767,15
2062794,7
2062815,10
2062845,5
2062870,8
2062895,10
2062925,29
2062949,5
2062977,6
2062990,114
2063010,10
2063034,11
2063054,5
2063082,10
2063103,5
2063129,9
2063145,5
2063171,12
2063191,10
2063221,28
2063240,7
2063268,6
2063289,7
2063309,9
2063343,11
2063372,8
2063398,9
2063415,38
2063445,6
2063469,7
2063496,13
2063518,6
2063554,7
2063580,7
2063604,5
2063629,5
2063660,8
2063688,10
2063712,7
2063743,11
2063762,41
2063782,11
2063805,168
2063826,5
2063861,9
2063887,12
2063911,15
2063942,25
2063966,6
2063990,23
2064023,6
2064043,5
2064060,5
2064097,60
2064118,10
2064149,5
2064167,6
2064188,5
2064204,16
2064225,10
2064251,39
2064279,7
2064311,7
2064335,13
2064351,11
2064382,8
2064412,6
2064429,8
2064460,7
2064493,6
2064527,63
2064555,5
2064577,10
2064599,13
2064628,6
2064648,7
2064674,28
2064692,8
2064707,10
2064732,19
2064764,26
2064801,40
2064829,7
2064855,21
2064878,10
2064915,6
2064943,5
2064966,5
2064985,7
2065016,5
2065039,6
2065069,7
2065094,29
2065129,6
2065160,30
2065182,5
2065206,6
2065231,5
2065260,6
2065287,24
2065316,7
2065343,31
2065371,388
2065396,17
2065421,9
2065447,5
2065473,5
2065505,21
2065529,5
2065553,5
2065580,30
2065612,6
2065633,77
2065666,8
2065685,30
2065710,12
2065737,66
2065756,5
2065782,10
2065807,29
2065836,6
2065861,95
2065886,7
2065911,7
2065932,5
2065967,6
2065988,6
2066018,12
2066042,6
2066069,77
2066095,12
2066120,5
2066151,5
2066186,8
2066209,10
2066237,48
2066257,6
2066279,9
2066304,6
2066332,21
2066359,6
2066399,15
2066421,6
2066452,7
2066480,6
2066516,11
2066545,6
2066567,7
2066596,9
2066627,5
2066657,6
2066673,9
2066695,7
2066722,5
2066750,5
2066772,12
2066793,5
2066815,7
2066834,32
2066853,16
2066881,8
2066906,23
2066927,5
2066948,6
2066977,40
2067005,15
2067026,7
2067052,7
2067075,15
2067111,9
2067145,8
2067168,8
2067193,8
2067221,5
2067248,13
2067274,6
2067294,7
2067326,6
2067352,8
2067386,5
2067408,8
2067442,5
2067475,9
2067500,5
2067528,5
2067554,57
2067584,94
2067614,10
2067641,5
2067673,5
2067697,8
2067721,6
2067752,9
2067787,16
2067799,5
2067826,6
2067863,9
2067898,5
2067915,9
2067938,7
2067959,5
2067989,14
2068023,29
2068053,26
2068072,8
2068093,5
2068123,11
2068148,9
2068174,6
2068206,15
2068228,7
2068249,5
2068277,16
2068303,9
2068324,8
2068350,8
2068383,9
2068414,7
2068440,66
2068463,8
2068486,6
2068515,11
2068535,8
2068564,7
2068591,5
2068609,10
2068653,7
2068682,201
2068701,6
2068717,5
2068740,28
2068762,102
2068782,7
2068813,193
2068828,5
2068847,11
2068875,11
2068907,6
2068933,6
2068959,11
2068992,54
2069025,6
2069054,5
2069076,5
2069106,5
2069133,7
2069170,7
2069193,9
2069227,7
2069249,15
2069277,115
2069306,22
2069334,47
2069353,12
2069376,5
2069396,5
2069417,9
2069448,7
2069480,20
2069520,52
2069548,6
2069579,10
2069612,6
2069632,5
2069654,5
2069683,11
2069713,7
2069745,10
2069770,13
2069790,42
2069814,8
2069838,6
2069873,18
2069902,20
2069940,5
2069974,5
2070006,317
2070030,5
2070059,9
2070077,7
2070099,5
2070131,5
2070148,11
2070171,14
2070197,11
2070228,21
2070255,5
2070279,8
2070305,6
2070328,5
2070359,13
2070388,8
2070415,6
2070435,6
2070465,6
2070493,84
2070520,7
2070537,31
2070567,9
2070595,131
2070616,8
2070633,5
2070661,19
2070685,22
2070698,5
2070723,5
2070753,6
2070779,7
2070795,11
2070826,8
2070855,13
2070871,5
2070899,21
2070927,13
2070947,8
2070976,6
2071001,11
2071026,12
2071057,9
2071083,6
2071114,5
2071142,12
2071166,5
2071190,5
2071212,6
2071233,6
2071261,6
2071294,8
2071320,10
2071340,17
2071360,10
2071387,9
2071419,6
2071438,7
2071464,17
2071491,8
2071520,34
2071543,6
2071571,44
2071597,7
2071616,14
2071640,7
2071667,33
2071690,13
2071713,6
2071738,9
2071768,5
2071803,6
2071828,7
2071850,10
2071871,5
2071894,19
2071919,5
2071947,8
2071978,9
2071998,153
2072026,7
2072053,16
2072080,7
2072101,30
2072129,5
2072150,8
2072172,6
2072192,5
2072221,8
2072250,7
2072272,6
2072300,29
2072323,5
2072351,7
2072387,14
2072406,76
2072427,5
2072453,6
2072486,6
2072507,8
2072527,7
2072554,35
2072582,5
2072612,6
2072637,7
2072660,7
2072687,19
2072710,14
2072735,6
2072752,5
2072777,5
2072805,7
2072832,7
2072854,22
2072886,5
2072913,32
2072937,6
2072964,13
2072987,5
2073024,18
2073047,6
2073072,5
2073101,5
2073128,8
2073157,8
2073186,5
2073214,7
2073241,6
2073269,9
2073296,37
2073320,12
2073341,11
2073354,11
2073384,15
2073419,18
2073446,23
2073467,6
2073489,27
2073505,6
2073530,17
2073558,6
2073578,8
2073600,7
2073622,5
2073647,23
2073687,12
2073714,5
2073743,61
2073769,7
2073792,5
2073817,5
2073840,66
2073870,5
2073888,21
2073912,18
2073933,9
2073967,71
2073990,17
2074012,8
2074040,13
2074062,6
2074090,11
2074114,6
2074135,634
2074157,28
2074188,5
2074214,9
2074243,6
2074268,8
2074291,22
2074327,10
2074355,67
2074376,6
2074392,30
2074409,13
2074438,11
2074464,12
2074491,132
2074520,11
2074540,8
2074562,10
2074583,22
2074600,50
2074619,5
2074646,17
2074670,34
2074695,53
2074723,5
2074742,6
2074766,6
2074797,216
2074831,5
2074862,12
2074886,19
2074913,5
2074937,5
2074965,8
2074985,5
2075012,11
2075041,16
2075069,8
2075096,68
2075129,23
2075156,40
2075179,6
2075208,7
2075237,59
2075264,6
2075288,5
2075316,30
2075347,16
2075380,5
2075407,6
2075440,7
2075465,59
2075492,10
2075514,30
2075531,5
2075553,7
2075582,5
2075616,7
2075637,26
2075668,11
2075691,6
2075722,9
2075755,5
2075793,5
2075824,6
2075861,6
2075890,11
2075924,7
2075954,15
2075973,6
2076004,67
2076032,10
2076061,5
2076093,7
2076122,5
2076152,5
2076181,6
2076200,5
2076216,14
2076239,6
2076262,6
2076285,6
2076305,13
2076328,5
2076350,10
2076375,10
2076403,15
2076425,10
2076453,5
2076472,12
2076499,5
2076517,5
2076538,7
2076557,6
2076582,6
2076605,5
2076626,18
2076644,6
2076668,6
2076698,5
2076727,23
2076759,18
2076784,8
2076807,16
2076835,5
2076861,5
2076883,9
2076910,6
2076948,6
2076976,19
2076999,6
2077029,11
2077060,5
2077083,18
2077103,26
2077119,5
2077135,7
2077158,11
2077181,7
2077207,6
2077228,20
2077252,14
2077269,8
2077299,5
2077311,5
2077344,23
2077366,16
2077399,20
2077426,7
2077456,7
2077481,5
2077503,6
2077533,11
2077556,13
2077579,8
2077611,5
2077642,7
2077666,6
2077690,6
2077722,7
2077748,5
2077778,7
2077812,12
2077849,19
2077876,6
2077905,10
2077931,5
2077963,11
2077984,7
2078020,16
2078040,14
2078064,5
2078093,5
2078129,5
2078154,14
2078185,6
2078217,16
2078251,6
2078270,5
2078298,5
2078327,62
2078358,7
2078386,5
2078405,7
2078426,5
2078454,7
2078471,9
2078501,8
2078518,5
2078546,7
2078575,9
2078602,12
2078615,11
2078640,6
2078666,13
2078691,5
2078721,16
2078749,6
2078773,16
2078797,6
2078825,7
2078855,7
2078879,9
2078901,7
2078928,5
2078968,10
2078989,17
2079022,10
2079038,13
2079071,19
2079101,5
2079117,43
2079146,7
2079173,5
2079197,12
2079226,5
2079264,5
2079294,8
2079312,16
2079340,17
2079366,572
2079390,21
2079418,6
2079452,109
2079476,7
2079500,8
2079526,20
2079550,10
2079574,6
2079603,6
2079633,5
2079652,60
2079678,6
2079710,12
2079735,7
2079757,15
2079779,19
2079804,35
2079832,12
2079863,21
2079890,9
2079913,145
2079944,20
2079971,5
2079994,5
2080021,5
2080045,72
2080076,5
2080111,9
2080138,7
2080170,6
2080193,25
2080214,13
2080237,7
2080264,5
2080294,5
2080321,9
2080341,7
2080353,11
2080378,5
2080402,8
2080428,5
2080449,19
2080475,5
2080510,7
2080534,7
2080561,9
2080582,7
2080599,5
2080622,20
2080652,15
2080688,20
2080720,7
2080742,82
2080773,7
2080808,26
2080834,18
2080856,52
2080888,14
2080914,33
2080934,111
2080959,5
2080985,15
2081010,6
2081042,15
2081079,6
2081100,5
2081131,7
2081154,9
2081177,5
2081213,16
2081237,10
2081271,5
2081304,5
2081322,5
2081351,24
2081376,121
2081401,5
2081431,9
2081466,8
2081499,6
2081523,6
2081552,8
2081579,7
2081612,5
2081640,6
2081671,10
2081697,6
2081720,55
2081740,5
2081765,7
2081788,53
2081808,27
2081834,33
2081865,8
2081894,6
2081938,10
2081964,5
2081980,16
2082004,12
2082026,18
2082045,9
2082069,8
2082100,5
2082122,24
2082140,8
2082169,11
2082194,8
2082215,14
2082243,8
2082270,13
2082297,5
2082322,5
2082350,7
2082379,34
2082399,131
2082427,10
2082454,9
2082485,5
2082520,9
2082555,7
2082583,5
2082601,11
2082628,15
2082647,5
2082669,6
2082698,8
2082726,7
2082748,81
2082782,19
2082806,10
2082833,8
2082865,5
2082890,41
2082917,19
2082949,8
2082974,10
2082994,10
2083021,15
2083045,11
2083075,6
2083106,6
2083125,6
2083156,9
2083181,11
2083208,5
2083234,6
2083262,6
2083287,10
2083313,6
2083340,15
2083377,35
2083401,5
2083433,6
2083456,5
2083484,11
2083507,5
2083535,14
2083559,11
2083592,5
2083619,14
2083642,22
2083668,5
2083689,957
2083709,12
2083739,9
2083760,22
2083788,58
2083820,43
2083841,5
2083860,9
2083877,5
2083905,972
2083925,6
2083949,6
2083971,26
2084001,10
2084037,9
2084077,10
2084107,8
2084134,11
2084157,8
2084181,8
2084205,5
2084237,184
2084270,6
2084290,5
2084318,8
2084342,8
2084360,5
2084382,9
2084406,5
2084435,16
2084459,10
2084487,8
2084511,5
2084542,30
2084573,12
2084604,14
2084630,7
2084662,8
2084685,8
2084697,15
2084730,7
2084752,5
2084778,14
2084807,5
2084826,48
2084870,5
2084891,47
2084915,7
2084945,5
2084969,19
2084991,7
2085019,28
2085044,60
2085063,102
2085088,9
2085112,49
2085133,5
2085155,5
2085183,5
2085210,8
2085226,14
2085251,5
2085275,7
2085300,8
2085319,14
2085347,6
2085374,12
2085400,5
2085427,5
2085460,6
2085483,14
2085513,31
2085536,7
2085555,12
2085573,8
2085602,13
2085630,11
2085654,12
2085673,107
2085702,12
2085728,79
2085760,13
2085798,10
2085830,9
2085857,21
2085885,8
2085910,22
2085941,14
2085966,5
2085992,22
2086018,6
2086038,5
2086067,9
2086096,6
2086116,8
2086142,9
2086166,5
2086174,6
2086203,5
2086241,9
2086259,10
2086282,9
2086304,20
2086334,5
2086361,5
2086382,44
2086394,6
2086433,7
2086453,5
2086484,5
2086516,6
2086533,6
2086557,13
2086591,43
2086619,16
2086640,7
2086673,8
2086698,5
2086723,12
2086749,42
2086766,5
2086787,11
2086810,7
2086838,5
2086864,145
2086898,15
2086929,7
2086955,5
2086988,8
2087028,13
2087052,5
2087086,6
2087111,5
2087138,17
2087164,6
2087183,5
2087202,9
2087224,9
2087251,15
2087285,11
2087310,7
2087338,5
2087364,5
2087396,35
2087417,5
2087436,15
2087465,11
2087485,6
2087505,56
2087528,5
2087558,10
2087583,8
2087607,83
2087630,5
2087651,5
2087686,7
2087712,7
2087740,6
2087759,5
2087784,6
2087813,5
2087838,19
2087869,8
2087895,19
2087934,6
2087958,5
2087983,17
2088013,5
2088044,6
2088072,74
2088095,7
2088119,7
2088150,9
2088176,8
2088198,7
2088225,6
2088255,15
2088285,9
2088312,21
2088346,6
2088369,90
2088405,8
2088432,12
2088463,7
2088479,42
2088511,60
2088542,7
2088566,5
2088595,63
2088615,5
2088637,5
2088667,5
2088696,16
2088725,7
2088745,80
2088771,5
2088791,6
2088826,21
2088853,7
2088876,27
2088900,5
2088922,5
2088948,5
2088979,37
2089007,13
2089043,5
2089070,8
2089095,5
2089118,5
2089145,10
2089171,27
2089201,5
2089226,5
2089244,23
2089268,9
2089294,35
2089320,10
2089348,6
2089378,6
2089404,44
2089422,9
2089448,18
2089482,6
2089512,11
2089539,5
2089560,20
2089591,10
2089622,17
2089655,23
2089688,17
2089717,17
2089741,13
2089764,8
2089790,8
2089808,12
2089837,9
2089876,5
2089902,10
2089926,6
2089948,5
2089974,5
2090004,6
2090025,8106
2090053,10
2090074,15
2090095,5
2090125,33
2090150,15
2090181,11
2090201,10
2090225,31
2090250,14
2090269,5
2090299,6
2090327,5
2090351,5
2090373,16
2090406,28
2090437,10
2090475,6
2090507,5
2090533,6
2090564,11
2090591,5
2090617,8
2090644,22
2090663,15
2090686,12
2090698,6
2090728,10
2090760,44
2090792,6
2090818,5
2090841,7
2090865,7
2090896,12
2090926,19
2090951,6
2090976,14
2091001,11
2091031,30
2091053,5
2091090,10
2091121,9
2091154,15
2091172,6
2091198,5
2091216,29
2091244,46
2091263,6
2091288,19
2091313,25
2091349,12
2091385,171
2091415,6
2091440,8
2091465,20
2091493,6
2091513,5
2091535,5
2091563,5
2091585,13
2091617,288
2091638,6
2091666,44
2091697,28
2091712,9
2091735,6
2091758,5
2091780,9
2091804,5
2091824,8
2091847,5
2091878,12
2091904,6
2091926,9
2091946,16
2091976,13
2092003,6
2092034,7
2092058,16
2092091,5
2092129,13
2092158,44
2092182,9
2092197,128
2092224,7
2092246,6
2092278,9
2092299,8
2092325,25
2092355,10
2092375,6
2092408,6
2092429,5
2092445,23
2092477,15
2092501,8
2092531,11
2092556,15
2092583,8
2092613,15
2092634,7
2092658,21
2092683,19
2092718,109
2092742,16
2092771,6
2092793,5
2092817,9
2092849,6
2092873,55
2092898,12
2092921,12
2092948,5
2092973,20
2092998,9
2093025,9
2093050,5
2093078,5
2093099,15
2093122,47
2093146,47
2093166,24
2093196,6
2093215,5
2093244,5
2093271,7
2093296,18013
2093322,5
2093354,9
2093382,124
2093407,5
2093431,8
2093452,9
2093482,6
2093513,13
2093542,11
2093564,6
2093590,8
2093616,8
2093641,6
2093679,5
2093704,5
2093738,11
2093763,9
2093800,16
2093824,10
2093845,6
2093868,7
2093894,5
2093915,22
2093934,16
2093954,28
2093977,8
2093991,41
2094008,8
2094039,8
2094067,8
2094086,14
2094106,6
2094125,5
2094150,5
2094170,6
2094205,5
2094220,10
2094248,10
2094275,5
2094301,23
2094339,5
2094361,14
2094388,39
2094412,10
2094434,5
2094459,13
2094486,10
2094507,7
2094531,8
2094558,10
2094593,5
2094622,10
2094643,9
2094670,22
2094707,7
2094727,5
2094756,6
2094789,15
2094818,7
2094837,18
2094869,5
2094893,11
2094913,27
2094942,5
2094972,7
2095006,10
2095032,10
2095051,8
2095077,42
2095104,11
2095127,54
2095150,12
2095180,14
2095205,5
2095238,8
2095254,5
2095279,5
2095314,5
2095335,5
2095362,7
2095397,6
2095421,5
2095457,5
2095478,42
2095494,5
2095522,19
2095545,23
2095576,52
2095603,5
2095628,25
2095652,5
2095674,11
2095692,6
2095728,5
2095759,18
2095793,7
2095815,33
2095845,40
2095865,35
2095895,115
2095925,5
2095955,6
2095978,16
2096002,6
2096033,7
2096062,7
2096090,9
2096112,29
2096147,97
2096174,13
2096202,11
2096226,5
2096250,12
2096272,110
2096299,45
2096331,5
2096353,108
2096384,7
2096409,29
2096429,5
2096451,20
2096475,6
2096499,7
2096521,22
2096552,13
2096588,7
2096624,7
2096648,5
2096665,7
2096701,29
2096724,77
2096751,5
2096780,5
2096806,13
2096827,5
2096857,5
2096886,12
2096906,5
2096927,11
2096959,7
2096989,8
2097009,26
2097033,39
2097055,28
2097080,5
2097111,7
2097146,6
2097171,9
2097197,31
2097217,11
2097235,4243
2097264,6
2097291,12
2097313,11
2097333,5
2097353,8
2097375,7
2097408,5
2097432,6
2097457,82
2097480,8
2097500,7
2097527,8
2097541,36
2097553,11
2097572,6
2097596,8
2097624,5
2097647,10
2097681,5
2097703,13
2097730,19
2097756,12
2097785,8
2097807,16
2097834,9
2097852,16
2097878,7
2097913,9
2097939,15
2097966,134
2097988,6
2098010,5
2098044,25
2098073,26
2098091,5
2098121,8
2098150,41
2098185,5
2098211,16
2098227,10
2098257,8
2098280,5
2098309,11
2098332,8
2098367,18
2098398,7
2098424,10
2098453,6
2098489,10
2098515,15
2098542,6
2098574,6
2098599,6
2098631,30
2098662,42
2098687,8
2098711,24
2098738,6
2098771,7
2098796,6
2098825,5
2098850,9
2098871,7
2098889,7
2098917,5
2098939,11
2098982,5
2099015,29
2099035,6
2099056,10
2099085,30
2099102,5
2099120,48
2099145,6
2099172,10
2099194,9
2099226,6
2099246,5
2099272,11
2099292,450
2099317,17
2099352,8
2099377,13
2099395,8
2099413,5
2099438,334
2099468,16
2099486,16
2099513,7
2099537,10
2099556,12
2099587,5
2099614,6
2099633,7
2099658,8
2099681,5
2099709,9
2099734,5
2099755,11
2099780,8
2099799,20
2099827,5
2099857,12
2099886,6
2099903,7
2099925,8
2099955,7
2099985,40
2100013,37
2100043,5
2100071,13
2100099,24
2100129,23
2100154,5
2100183,8
2100207,18
2100241,18
2100275,12
2100308,5
2100332,11
2100357,16
2100376,38
2100401,94
2100420,6
2100455,6
2100480,8
2100500,10
2100533,48
2100562,8
2100585,10
2100604,9
2100629,5
2100660,9
2100676,10
2100701,11
2100723,9
2100745,5
2100765,14
2100798,10
2100827,5
2100854,5
2100879,8
2100903,12
2100936,5
2100958,6
2100980,12
2101015,18
2101041,5
2101075,11
2101101,10
2101126,9
2101159,10
2101186,36
2101220,10
2101247,7
2101264,6
2101291,5
2101308,6
2101332,13
2101364,48
2101397,5
2101409,5
2101437,29
2101468,5
2101498,7
2101532,22
2101552,13
2101574,60
2101605,7
2101632,5
2101662,276
2101687,20
2101705,21
2101729,7
2101749,35
2101771,6
2101803,7
2101830,5
2101855,7
2101876,19
2101905,16
2101930,11
2101956,10
2101987,9
2102009,7
2102032,54
2102065,8
2102088,18
2102110,41
2102145,15
2102164,5
2102196,14
2102220,20
2102238,6
2102259,5
2102279,8
2102309,8
2102332,14
2102354,5
2102387,21
2102412,6
2102438,22
2102461,8
2102486,11
2102510,21
2102542,5
2102576,10
2102599,30
2102620,5
2102642,5
2102668,5
2102695,7
2102722,5
2102746,7
2102776,6
2102799,7
2102829,51
2102861,5
2102877,6
2102902,8
2102922,13
2102958,6
2102980,36
2103003,31
2103032,5
2103053,24
2103080,9
2103114,14
2103140,6
2103165,13
2103196,22
2103230,62
2103258,5
2103278,13
2103312,77
2103346,14
2103376,7
2103400,9
2103432,8
2103459,5
2103479,8
2103495,10
2103530,6
2103558,14
2103583,10
2103617,21
2103637,10
2103663,5
2103697,15
2103716,20
2103744,61
2103766,17
2103785,5
2103810,10
2103824,11
2103847,9
2103867,8
2103901,5
2103921,9
2103953,9
2103977,16
2104005,52
2104027,8
2104061,27
2104090,5
2104119,13
2104151,5
2104173,5
2104204,6
2104230,10
2104246,5
2104265,6
2104297,20
2104323,7
2104345,5
2104375,5
2104418,5
2104439,11
2104459,11
2104485,11
2104508,13
2104532,10
2104555,5
2104583,51
2104606,68
2104628,7
2104658,5
2104681,7
2104698,85
2104727,14
2104749,5
2104772,11
2104805,196
2104826,7
2104856,6
2104880,6
2104911,11
2104941,12
2104971,9
2104993,5
2105027,5
2105052,8
2105077,26
2105103,7
2105126,6
2105154,6
2105184,6
2105213,5
2105242,26
2105262,5
2105290,24
2105319,7
2105344,8
2105364,22
2105393,140
2105413,34
2105436,19
2105465,9
2105500,29
2105526,9
2105545,25
2105567,7
2105597,14
2105632,6
2105655,12
2105678,6
2105702,11
2105722,14
2105749,6
2105770,15
2105790,5
2105808,7
2105834,9
2105860,17
2105883,7
2105907,44
2105925,5
2105953,7
2105977,7
2106006,8
2106037,27
2106058,5
2106084,5
2106118,11
2106145,36
2106175,5
2106197,168
2106227,8
2106262,17
2106299,53
2106320,6
2106353,12
2106387,10
2106411,14
2106441,18
2106462,16
2106484,6
2106515,5
2106537,5
2106565,6
2106586,78
2106616,18
2106637,7
2106671,10
2106697,6
2106724,5
2106751,71
2106776,15
2106809,17
2106833,5
2106858,8
2106887,5
2106910,8
2106933,8
2106956,13
2106994,9
2107024,7
2107051,56
2107086,13
2107108,28
2107124,7
2107145,6
2107168,5
2107194,6
2107219,6
2107249,6
2107273,6
2107307,5
2107337,19
2107374,6
2107401,64
2107423,15
2107450,274
2107476,7
2107501,5
2107517,13
2107540,7
2107573,7
2107596,13
2107619,11
2107649,43
2107682,15
2107708,10
2107738,8
2107760,5
2107787,5
2107806,6
2107833,5
2107861,6
2107878,36
2107896,5
2107930,13
2107959,6
2107988,27
2108014,9
2108038,25
2108070,31
2108095,5
2108119,5
2108145,5
2108171,5
2108205,15
2108235,46
2108258,62
2108289,10
2108314,6
2108337,8
2108361,9
2108391,9
2108416,10
2108445,6
2108465,6
2108499,13
2108528,8
2108549,5
2108578,7
2108604,9
2108634,8
2108662,35
2108691,6
2108719,7
2108746,7
2108782,6
2108824,9
2108849,11
2108872,7
2108898,9
2108921,35
2108949,11
2108968,11
2108992,5
2109019,9
2109036,7
2109056,5
2109090,7
2109118,11
2109139,7
2109163,42
2109186,9
2109208,8
2109243,5
2109269,12
2109291,10
2109324,9
2109356,62
2109377,43
2109399,19
2109435,6
2109458,28
2109478,9
2109506,8
2109535,62
2109563,10
2109590,6
2109614,95
2109644,7
2109672,6
2109699,7
2109720,11
2109742,5
2109776,27
2109803,5
2109829,9
2109861,12
2109892,8
2109916,15
2109944,11
2109977,14
2109996,5
2110014,5
2110037,5
2110066,7
2110090,7
2110113,17
2110136,12
2110163,9
2110190,18
2110219,6
2110244,8
2110276,6
2110302,5
2110330,10
2110355,30
2110380,7
2110408,9
2110432,7
2110460,16
2110482,5
2110513,5
2110547,5
2110577,33
2110605,18
2110632,5
2110672,5
2110699,24
2110725,5
2110750,9
2110777,26
2110804,6
2110831,12
2110864,6
2110898,74
2110920,16
2110941,18
2110967,5
2110990,7
2111017,5
2111038,7
2111064,5
2111089,116
2111106,7
2111135,8
2111154,5
2111183,5
2111219,11
2111240,5
2111273,11
2111299,5
2111326,11
2111363,8
2111385,5
2111417,67
2111453,5
2111474,8
2111495,21
2111521,10
2111546,6
2111569,30
2111603,6
2111621,7
2111650,6
2111671,7
2111698,8
2111721,7
2111752,53
2111766,5
2111787,6
2111820,10
2111844,5
2111865,5
2111887,11
2111906,10
2111939,8
2111971,6
2111996,7
2112016,6
2112045,106
2112073,6
2112091,5
2112113,12
2112144,48
2112172,7
2112191,12
2112214,29
2112238,30
2112270,5
2112294,15
2112323,15
2112343,10
2112371,9
2112398,16
2112419,7
2112438,70
2112461,27
2112488,8
2112519,15
2112551,7
2112575,9
2112604,8
2112626,6
2112655,17
2112681,13
2112700,73
2112728,5
2112755,21
2112789,6
2112815,10
2112840,6
2112861,20
2112882,5
2112908,12
2112931,7
2112952,9
2112981,13
2113006,34
2113035,7
2113061,10
2113092,6
2113122,10
2113152,5
2113180,23
2113207,10
2113234,5
2113257,9
2113285,11
2113314,11
2113333,14
2113353,5
2113368,16
2113388,30
2113420,8
2113451,6
2113473,10
2113501,6
2113521,5
2113547,8
2113580,49
2113602,5
2113630,27
2113654,6
2113682,34
2113710,8
2113745,5
2113778,5
2113806,5
2113829,8
2113866,44
2113890,7
2113907,35
2113934,33
2113967,5
2113981,19
2114008,8
2114029,5
2114049,6
2114074,5
2114102,22
2114128,32
2114156,10
2114187,13
2114212,11
2114246,9
2114272,5
2114305,169
2114327,6
2114357,8
2114377,7
2114400,5
2114427,5
2114458,16
2114484,5
2114515,29
2114534,6
2114557,9
2114586,14
2114626,5
2114648,9
2114665,6
2114688,22
2114708,9
2114737,6
2114777,10
2114810,7
2114843,5
2114873,14
2114902,5
2114935,7
2114959,7
2114977,20
2115001,16
2115020,12
2115047,19
2115078,10
2115114,6
2115133,9
2115164,37
2115190,36
2115216,8
2115246,6
2115276,27
2115313,5
2115339,7
2115372,14
2115398,30
2115424,22
2115450,7
2115481,5
2115502,13
2115534,5
2115558,5
2115582,6
2115610,5
2115638,19
2115656,6
2115685,7
2115718,5
2115746,5
2115772,15
2115798,16
2115819,6
2115838,15
2115858,9
2115883,6
2115908,15
2115937,7
2115962,7
2115998,5
2116014,5
2116048,19
2116080,94
2116102,7
2116127,7
2116144,16
2116163,9
2116189,6
2116220,10
2116241,200
2116268,7
2116294,14
2116318,7
2116340,9
2116367,5
2116391,5
2116420,7
2116441,5
2116464,12
2116495,6
2116519,24
2116536,7
2116556,22
2116576,16
2116596,11
2116620,5
2116646,5
2116671,6
2116693,5
2116714,5
2116743,8
2116776,15
2116803,5
2116826,6
2116851,14
2116878,9
2116912,15
2116929,7
2116953,6
2116983,16
2117013,16
2117033,7
2117064,8
2117092,5
2117122,9
2117150,6
2117169,5
2117186,5
2117213,5
2117242,22
2117265,36
2117286,7
2117311,279
2117332,7
2117357,8
2117391,7
2117426,12
2117457,19
2117481,5
2117509,73
2117537,17
2117564,13
2117587,7
2117618,7
2117638,5
2117666,11
2117692,5
2117712,93
2117736,15
2117761,5
2117793,5
2117823,7
2117839,10
2117860,7
2117889,5
2117913,7
2117940,9
2117970,8
2117998,14
2118024,8
2118047,14
2118072,5
2118098,90
2118128,17
2118157,18
2118183,5
2118209,5
2118229,13
2118258,24
2118283,71
2118314,6
2118333,6
2118364,5
2118393,5
2118415,10
2118437,6
2118461,8
2118491,5
2118517,6
2118544,11
2118578,6
2118601,9
2118633,10
2118662,73
2118695,5
2118719,7
2118747,9
2118779,7
2118809,7
2118829,8
2118863,8
2118885,18
2118909,13
2118944,8
2118971,20
2118999,5
2119029,8
2119052,7
2119077,9
2119100,5
2119121,6
2119148,5
2119184,16
2119209,17
2119233,5
2119256,49
2119282,9
2119316,8
2119349,8
2119382,18
2119409,139
2119438,5
2119462,9
2119490,32
2119512,5
2119538,5
2119557,9
2119585,222
2119608,18
2119632,6
2119660,7
2119683,7
2119706,5
2119737,12
2119758,51
2119788,44
2119817,8
2119846,29
2119860,15
2119883,46
2119901,5
2119922,10
2119950,7
2119974,9
2120003,6
2120023,9
2120040,36
2120065,12
2120088,7
2120117,23
2120141,5
2120165,18
2120185,5
2120214,9
2120239,8
2120268,10
2120294,5
2120318,8
2120340,6
2120370,6
2120384,14
2120410,18
2120431,6
2120459,9
2120484,11
2120510,5
2120529,34
2120549,5
2120581,5
2120597,6
2120615,7
2120639,6
2120658,5
2120686,10
2120710,6
2120723,11
2120754,7
2120781,8
2120802,7
2120828,5
2120857,17
2120883,8
2120910,9
2120927,5
2120950,9
2120974,5
2120997,8
2121021,14
2121045,5
2121070,23
2121105,7
2121129,5
2121152,15
2121185,6
2121210,8
2121232,7
2121251,5
2121279,13
2121302,5
2121327,8
2121353,25
2121380,13
2121407,5
2121436,5
2121461,12
2121489,7
2121518,51
2121536,73
2121554,6
2121579,9
2121607,8
2121638,5
2121665,12
2121690,9
2121716,32
2121740,17
2121765,71
2121795,6
2121819,26
2121839,9
2121859,10
2121896,6
2121924,69
2121943,43
2121972,6
2121998,8
2122031,10
2122054,8
2122081,11
2122104,6
2122122,91
2122144,6
2122170,728
2122197,6
2122222,6
2122246,16
2122269,11
2122294,5
2122319,12
2122340,5
2122374,6
2122404,5
2122430,28
2122460,196
2122490,6
2122512,6
2122541,11
2122564,7
2122584,10
2122617,5
2122636,13
2122661,6
2122687,6
2122718,5
2122755,11
2122772,11
2122794,6
2122815,7
2122843,5
2122867,22
2122897,16
2122919,5
2122951,12
2122970,5
2122997,14
2123015,8
2123034,11
2123053,9
2123075,15
2123106,7
2123132,47
2123154,8
2123176,5
2123199,15
2123221,18
2123240,10
2123274,5
2123310,6
2123340,25
2123367,8
2123388,16
2123421,5
2123451,5
2123473,6
2123498,5
2123528,6
2123551,5
2123575,7
2123606,7
2123633,6
2123661,9
2123695,8
2123723,42
2123743,5
2123772,13
2123805,51
2123828,11
2123852,31
2123876,6
2123906,6
2123933,5
2123955,12
2123988,5
2124009,29
2124037,5
2124060,6
2124082,5
2124101,13
2124117,12
2124139,5
2124157,5
2124187,9
2124218,20
2124246,5
2124271,6
2124292,11
2124318,5
2124345,5
2124378,9
2124406,13
2124440,43
2124465,11
2124495,9
2124524,6
2124546,6
2124580,6
2124614,14
2124639,56
2124661,14
2124686,6
2124710,36
2124735,7
2124757,5
2124784,6
2124807,14
2124834,5
2124853,93
2124882,8
2124921,9
2124953,12
2124980,5
2125002,149
2125031,7
2125053,19
2125086,6
2125110,99
2125135,5
2125162,6
2125182,6
2125205,24
2125222,17
2125243,102
2125277,8
2125297,6
2125318,36
2125336,27
2125361,5
2125384,10
2125410,11
2125429,5
2125452,10
2125481,5
2125514,7
2125540,24
2125566,400
2125590,14
2125618,5
2125641,5
2125667,22
2125692,6
2125724,5
2125748,25
2125777,9
2125798,8
2125819,27
2125846,9
2125869,30
2125902,5
2125929,13
2125962,31
2125994,5
2126025,6
2126048,12
2126076,14
2126103,8
2126131,5
2126150,60
2126175,116
2126196,95
2126223,5
2126250,27
2126278,10
2126300,9
2126321,15
2126346,8
2126383,5
2126426,5
2126455,14
2126479,5
2126508,5
2126534,8
2126568,6
2126588,9
2126611,5
2126641,13
2126665,5
2126694,5
2126719,5
2126751,8
2126786,35
2126814,8
2126838,5
2126864,6
2126891,5
2126920,10
2126953,6
2126982,7
2127003,5
2127024,13
2127043,16
2127078,7
2127108,5
2127130,15
2127153,24
2127180,6
2127207,20
2127234,7
2127262,5
2127290,14
2127313,8
2127343,5
2127369,12
2127396,20
2127425,8
2127451,5
2127476,12
2127506,8
2127540,6
2127562,5
2127602,13
2127630,9
2127651,9
2127678,7
2127709,8
2127732,6
2127761,7
2127782,6
2127804,5
2127837,6
2127864,11
2127888,10
2127914,6
2127952,5
2127973,11
2127997,5
2128028,8
2128055,7
2128086,7
2128118,5
2128143,9
2128162,71
2128188,169
2128212,18
2128232,77
2128259,5
2128300,58
2128324,7
2128349,8
2128373,5
2128394,8
2128418,6
2128445,5
2128470,5
2128493,6
2128532,5
2128550,7
2128569,7
2128594,7
2128630,12
2128660,10
2128678,14
2128703,12
2128732,9
2128759,6
2128788,9
2128821,10
2128840,7
2128867,5
2128906,14
2128929,12
2128946,12
2128971,21
2128995,8
2129015,7
2129036,6
2129060,6
2129084,5
2129105,6
2129137,5
2129155,204
2129180,7
2129203,15
2129234,7
2129254,5
2129282,6
2129305,7
2129335,25
2129354,5
2129381,6
2129403,7
2129436,6
2129465,12
2129486,5
2129509,17
2129533,18
2129558,6
2129585,7
2129615,13
2129641,11
2129675,10
2129693,6
2129728,5
2129755,170
2129784,41
2129801,7
2129824,5
2129846,6
2129875,6
2129890,20
2129920,7
2129948,9
2129974,10
2129996,5
2130023,1328
2130046,14
2130063,5
2130089,78
2130109,5
2130129,34
2130156,5
2130183,6
2130219,7
2130244,9
2130269,5
2130296,19
2130321,29
2130344,7
2130373,127
2130399,5
2130422,9
2130458,5
2130481,206
2130508,7
2130531,10
2130560,32
2130579,5
2130607,5
2130637,7
2130665,8
2130685,7
2130703,6
2130730,5
2130754,5
2130784,30
2130808,6
2130832,23
2130872,5
2130893,11
2130915,5
2130942,7
2130962,16
2130995,7
2131019,56
2131044,18
2131074,12
2131100,9
2131124,118
2131151,7
2131186,11
2131214,5
2131242,138
2131269,8
2131298,5
2131320,63
2131345,18
2131373,20
2131404,13
2131429,150
2131460,5
2131491,6
2131514,13
2131543,8
2131576,5
2131603,7
2131627,6
2131657,18
2131689,5
2131717,10
2131737,21
2131751,13
2131781,5
2131810,7
2131827,5
2131854,16
2131885,19
2131912,5
2131932,50
2131965,21
2131987,8
2132012,9
2132031,5
2132052,6
2132075,20
2132108,5
2132128,5
2132152,6
2132178,9
2132207,8
2132234,26
2132262,8
2132286,5
2132311,31
2132338,5
2132357,184
2132379,17
2132404,5
2132427,5
2132451,25
2132473,8
2132501,18
2132529,9
2132560,5
2132586,8
2132614,7
2132638,58
2132669,9
2132695,6
2132720,7
2132747,6
2132770,41
2132795,6
2132822,12
2132840,134
2132862,9
2132888,6
2132912,74
2132940,6
2132964,5
2132994,7
2133014,6
2133040,20
2133074,40
2133104,13
2133126,7
2133151,38
2133182,14
2133210,45
2133234,9
2133259,15
2133290,5
2133312,44
2133333,5
2133353,14
2133387,7
2133416,5
2133433,6
2133460,5
2133486,20
2133515,6
2133539,6
2133571,9
2133596,221
2133619,7
2133644,6
2133658,13
2133681,132
2133702,282
2133736,12
2133763,5
2133790,9
2133822,9
2133847,18
2133868,5
2133893,5
2133915,5
2133937,20
2133964,6
2133989,5
2134017,77
2134042,7
2134070,6
2134098,31
2134125,5
2134156,19
2134184,5
2134209,34
2134236,9
2134259,5
2134287,6
2134315,5
2134332,5
2134357,6
2134393,5
2134420,33
2134440,5
2134463,19
2134492,13
2134521,8
2134548,6
2134567,25
2134591,11
2134619,6
2134643,7
2134668,51
2134686,6
2134719,16
2134744,5
2134761,28
2134787,9
2134811,12
2134843,6
2134867,25
2134892,13
2134916,35
2134944,6
2134960,7
2134988,5
2135020,6
2135048,54
2135070,6
2135098,32
2135131,5
2135153,7
2135182,9
2135215,6
2135235,10
2135258,32
2135283,7
2135314,11
2135334,13
2135356,13
2135387,5
2135407,7
2135433,14
2135471,6
2135500,6
2135517,7
2135539,9
2135556,10
2135578,5
2135600,7
2135625,10
2135645,5
2135666,6
2135701,8
2135720,5
2135746,7
2135764,13
2135807,5
2135842,16
2135866,5
2135900,11
2135927,5
2135956,16
2135986,86
2136015,8
2136033,15
2136062,20
2136099,10
2136126,75
2136153,19
2136177,10
2136202,30
2136230,5
2136254,7
2136280,6
2136303,5
2136326,7
2136357,12
2136384,43
2136404,5
2136429,44
2136450,9
2136489,35
2136518,6
2136550,10
2136588,8
2136621,9
2136657,12
2136682,28
2136711,7
2136734,7
2136757,6
2136784,5
2136808,17
2136830,13
2136855,10
2136884,5
2136912,5
2136938,6
2136964,19
2136996,16
2137028,18
2137050,5
2137076,5
2137097,15
2137128,13
2137144,8
2137171,13
2137199,6
2137219,14
2137250,10
2137278,7
2137303,5
2137327,16
2137356,8
2137386,6
2137412,7
2137436,16
2137456,5
2137478,19
2137498,11
2137525,103
2137557,12
2137581,5
2137608,5
2137635,12
2137660,5
2137677,12
2137700,7
2137728,6
2137747,8
2137773,186
2137805,426
2137827,6
2137851,5
2137877,6
2137902,24
2137928,6
2137956,6
2137978,14
2138001,7
2138029,5
2138047,16
2138071,8
2138112,8
2138140,5
2138164,14
2138185,8
2138215,5
2138233,8
2138261,7
2138292,5
2138328,9
2138355,5
2138378,12
2138402,5
2138428,5
2138454,6
2138477,5
2138503,8
2138523,18
2138555,12
2138574,5
2138604,9
2138626,7
2138644,6
2138674,12
2138702,59
2138730,12
2138757,11
2138787,12
2138813,6
2138838,5
2138862,6
2138884,5
2138911,6
2138936,5
2138953,8
2138978,120
2139010,6
2139038,108
2139071,23
2139101,5
2139123,7
2139154,5
2139181,14
2139218,12
2139241,5
2139274,6
2139306,5
2139329,10
2139352,5
2139381,7
2139407,14
2139429,10
2139456,7
2139479,5
2139506,11
2139531,15
2139564,10
2139580,9
2139606,8
2139641,8
2139662,9
2139681,8
2139703,20
2139720,15
2139751,1331
2139782,44
2139806,33
2139833,5
2139865,22
2139900,14
2139928,14
2139957,11
2139985,8
2140012,11
2140041,37
2140062,7
2140085,11
2140106,6
2140130,7
2140155,9
2140188,7
2140221,8
2140242,21
2140273,28
2140302,12
2140329,5
2140356,6
2140383,5
2140414,13
2140445,7
2140476,7
2140504,5
2140525,12
2140551,8
2140583,6
2140604,21
2140628,9
2140655,62
2140684,17
2140717,6
2140742,14
2140766,5
2140795,5
2140822,9
2140851,13
2140878,7
2140908,7
2140931,35
2140956,7
2140980,6
2140996,14
2141026,12
2141043,6
2141065,11
2141085,5
2141103,5
2141125,11
2141163,9
2141188,10
2141209,8
2141238,5
2141267,10
2141284,24
2141307,7
2141330,8
2141363,5
2141384,9
2141409,7
2141440,17
2141466,510
2141497,14
2141519,10
2141545,7
2141577,32
2141599,8
2141625,21
2141654,10
2141671,102
2141702,13
2141728,16
2141747,9
2141771,5
2141795,7
2141828,9
2141855,6
2141887,6
2141907,7
2141935,19
2141970,5
2141990,13
2142022,8
2142045,119
2142065,6
2142093,6
2142109,11
2142141,10
2142163,5
2142189,30
2142208,5
2142241,16
2142263,12
2142287,6
2142312,13
2142331,11
2142352,34
2142383,7
2142402,18
2142430,6
2142458,5
2142489,6
2142511,6
2142536,5
2142574,51
2142603,6
2142637,7
2142661,6
2142685,12
2142710,5
2142736,14
2142768,5
2142791,8
2142818,6
2142836,6
2142866,7
2142894,8
2142924,9
2142955,7
2142984,5
2143008,6
2143032,7
2143055,53
2143079,6
2143106,34
2143131,7
2143158,16
2143183,43
2143208,26
2143236,5
2143257,5
2143291,6
2143313,5
2143336,18
2143364,6
2143394,11
2143422,5
2143446,46
2143463,5
2143491,5
2143519,5
2143544,6
2143567,6
2143589,34
2143614,8
2143642,17
2143662,7
2143685,15
2143715,5
2143743,32
2143769,28
2143799,7
2143816,5
2143837,5
2143866,27
2143893,5
2143924,8
2143950,49
2143969,5
2143995,5
2144020,5
2144056,5
2144086,10
2144100,8
2144119,6
2144148,6
2144176,5
2144198,29
2144222,6
2144255,6
2144283,5
2144308,5
2144335,45
2144370,6
2144393,8
2144419,20
2144443,12
2144472,127
2144499,10
2144528,10
2144552,5
2144576,23
2144610,15
2144632,14
2144652,5
2144682,6
2144702,16
2144725,14
2144751,7
2144773,8
2144792,5
2144820,7
2144844,8
2144869,13
2144891,9
2144921,17
2144942,5
2144967,5
2144986,8
2145015,8
2145034,12
2145069,6
2145097,5
2145130,21
2145158,8
2145184,8
2145214,6
2145240,6
2145265,24
2145288,49
2145315,6
2145337,7
2145361,7
2145381,12
2145411,58
2145434,21
2145467,7
2145494,10
2145519,7
2145551,5
2145570,29
2145603,16
2145631,5
2145650,11
2145677,7
2145703,13
2145737,5
2145758,5
2145788,7
2145813,6
2145838,8
2145862,11
2145885,17
2145908,7
2145932,6
2145953,7
2145973,63
2146009,14
2146038,11
2146066,11
2146090,5
2146111,5
2146144,147
2146170,19
2146193,6
2146219,5
2146241,265
2146261,8
2146287,18
2146312,17
2146334,6
2146367,6
2146397,7
2146424,5
2146446,5
2146467,6
2146497,5
2146531,5
2146556,22
2146594,10
2146625,6
2146652,5
2146673,24
2146693,7
2146721,12
2146741,44
2146761,6
2146786,5
2146811,5
2146833,7
2146853,5
2146880,7
2146902,5
2146930,13
2146968,17
2146992,17
2147012,20
2147045,5
2147069,18
2147089,9
2147105,5
2147125,7
2147145,16
2147175,38
2147202,48
2147231,6
2147249,9
2147273,7
2147298,5
2147315,8
2147346,6
2147373,5
2147397,6
2147414,12
2147439,46
2147463,9
2147486,8
2147511,5
2147544,6
2147573,23
2147596,5
2147614,5
2147644,5
2147662,7
2147687,11
2147715,5
2147739,6
2147770,5
2147802,10
2147831,8
2147853,15
2147876,7
2147904,5
2147940,5
2147959,9
2147975,10
2147997,16
2148023,26
2148042,19
2148068,7
2148088,19
2148110,6
2148137,12
2148163,8
2148188,5
2148211,66
2148245,8
2148271,5
2148308,5
2148338,6
2148360,8
2148384,27
2148408,7
2148436,11
2148470,26
2148494,6
2148521,47
2148549,5
2148579,5
2148610,5
2148632,15
2148657,22
2148677,8
2148698,133
2148728,5
2148747,8
2148772,5
2148800,6
2148819,6
2148848,12
2148871,7
2148896,6
2148919,9
2148934,15
2148970,5
2148992,5
2149014,27
2149033,5
2149064,5
2149086,10
2149107,8
2149145,5
2149175,8
2149196,9
2149213,6
2149237,13
2149267,39
2149299,7
2149324,10
2149349,10
2149375,5
2149404,13
2149431,6
2149456,7
2149475,14
2149512,15
2149548,6
2149583,10
2149603,20
2149630,11
2149668,7
2149686,5
2149711,5
2149735,8
2149759,6
2149782,8
2149806,21
2149830,47
2149859,5
2149882,5
2149905,12
2149931,11
2149954,10
2149981,6
2150009,19
2150035,16
2150058,5
2150081,18
2150108,9
2150138,8
2150166,5
2150194,12
2150218,6
2150245,5
2150272,111
2150286,10
2150311,9
2150338,6
2150363,11
2150391,7
2150417,6
2150445,5
2150466,13
2150494,16
2150516,10
2150542,5
2150576,175
2150604,27
2150624,6
2150638,8
2150675,39
2150699,28
2150731,5
2150764,114
2150790,8
2150814,7
2150830,9
2150854,5
2150879,6
2150911,12
2150939,12
2150975,5
2151006,5
2151033,30
2151056,10
2151076,7
2151105,5
2151134,13
2151159,27
2151194,16
2151225,6
2151248,5
2151277,5
2151305,13
2151328,7
2151356,13
2151378,5
2151411,5
2151429,5
2151451,8
2151473,93
2151502,5
2151525,5
2151548,23
2151573,9
2151609,9
2151634,7
2151662,12
2151695,8
2151725,8
2151756,6
2151781,7
2151812,6
2151833,6
2151858,5
2151893,19
2151930,12
2151954,10
2151978,5
2152001,12
2152028,6
2152062,5
2152097,5
2152119,5
2152145,6
2152172,16
2152196,5
2152223,5
2152255,6
2152281,6
2152303,5
2152335,6
2152355,6
2152372,7
2152402,5
2152426,7
2152449,8
2152475,5
2152504,7
2152528,5
2152564,6
2152577,9
2152608,7
2152638,15
2152672,94
2152693,13
2152733,5
2152756,61
2152778,14
2152793,7
2152816,8
2152841,61
2152868,7
2152907,5
2152937,24
2152956,8
2152983,5
2153017,26
2153041,13
2153064,5
2153090,5
2153113,28
2153134,5
2153157,5
2153183,6
2153202,12
2153241,6
2153274,8
2153290,8
2153310,10
2153340,5
2153369,23
2153393,8
2153421,7
2153446,27
2153478,6
2153501,6
2153535,8
2153562,6
2153586,13
2153620,5
2153645,145
2153666,15
2153696,32
2153721,9
2153752,8
2153778,36
2153803,8
2153833,23
2153855,21
2153877,7
2153905,6
2153931,20
2153962,5
2153987,5
2154013,12
2154034,7
2154059,11
2154079,12
2154096,15
2154128,78
2154144,5
2154177,6
2154202,6
2154231,10
2154254,10
2154268,12
2154285,20
2154312,14
2154334,11
2154364,5
2154389,6
2154415,26
2154447,5
2154475,21
2154504,98
2154526,9
2154557,8
2154578,5
2154609,8
2154632,28
2154656,9
2154686,7
2154709,56
2154737,22
2154760,368
2154775,9
2154802,6
2154825,8
2154846,19
2154868,9
2154896,6
2154931,23
2154954,6
2154984,8
2155007,32
2155037,11
2155062,8
2155085,5
2155121,6
2155149,13
2155170,76
2155192,11
2155215,5
2155248,11
2155269,13
2155300,5
2155334,5
2155370,9
2155394,7
2155421,15
2155447,5
2155479,7
2155499,52
2155527,7
2155552,6
2155572,17
2155599,99
2155622,8
2155645,27
2155671,7
2155687,11
2155717,8
2155750,10
2155769,14
2155797,5
2155818,12
2155845,5
2155863,9
2155879,53
2155903,7
2155921,16
2155948,22
2155979,10
2155995,8
2156010,10
2156036,9
2156059,13
2156096,112
2156136,6
2156153,6
2156172,26
2156187,5
2156212,47
2156234,5
2156256,12
2156284,5
2156305,7
2156335,7
2156366,8
2156387,5
2156416,12
2156451,14
2156474,5
2156496,6
2156523,7
2156553,7
2156580,16
2156605,18
2156636,22
2156660,6
2156683,11
2156710,17
2156749,6
2156771,6
2156792,29
2156826,5
2156854,8
2156886,11
2156924,6
2156952,16
2156981,5
2157004,20
2157026,17
2157056,10
2157081,19
2157107,28
2157135,42
2157159,5
2157179,5
2157207,5
2157230,7
2157253,6
2157278,18
2157301,5
2157327,6
2157351,5
2157378,6
2157406,23
2157434,6
2157460,6
2157482,5
2157500,8
2157521,7
2157556,6
2157576,53
2157603,10
2157634,10
2157653,7
2157678,49
2157701,6
2157735,11
2157759,7
2157786,5
2157814,17
2157842,14
2157865,64
2157887,5
2157925,8
2157948,31
2157966,5
2157990,45
2158018,5
2158048,6
2158067,16
2158097,6
2158116,8
2158136,6
2158148,12
2158168,16
2158185,5
2158212,10
2158238,9
2158259,21
2158279,10
2158309,29
2158340,7
2158365,5
2158391,6
2158420,35
2158447,111
2158473,16
2158504,30
2158529,8
2158555,21
2158578,6
2158608,7
2158630,7
2158664,5
2158687,7
2158712,5
2158736,11
2158761,6
2158785,7
2158818,7
2158846,5
2158869,5
2158896,26
2158922,16
2158944,6
2158960,15
2158986,6
2159013,7
2159038,6
2159066,13
2159091,5
2159118,15
2159152,5
2159177,6
2159202,5
2159238,7
2159262,7
2159280,7
2159304,6
2159334,7
2159363,6
2159388,51
2159407,22
2159433,11
2159454,6
2159471,5
2159500,17
2159526,8
2159549,61
2159567,15
2159599,6
2159628,5
2159662,25
2159692,37
2159722,5
2159756,5
2159775,5
2159797,43
2159823,5
2159847,49
2159876,6
2159899,1813
2159915,5
2159942,27
2159963,6
2159993,5
2160022,8
2160045,9
2160070,12
2160097,8
2160126,6
2160151,16
2160175,28
2160202,7
2160234,12
2160259,5
2160285,8
2160310,12
2160333,121
2160351,13
2160385,6
2160412,13
2160440,5
2160457,12
2160482,21
2160511,5
2160542,5
2160571,6
2160591,5
2160615,9
2160635,22
2160654,11
2160684,32
2160706,7
2160734,5
2160753,26
2160779,5
2160800,7
2160826,6
2160847,9
2160872,12
2160896,6
2160928,6
2160944,22
2160969,8
2160993,5
2161009,27
2161036,5
2161063,13
2161078,16
2161098,7
2161125,5
2161146,5
2161166,6
2161188,27
2161215,14
2161232,6
2161263,14
2161282,6
2161321,6
2161342,5
2161369,377
2161396,34
2161420,11
2161448,7
2161479,9
2161506,8
2161534,5
2161564,8
2161585,5
2161606,9
2161638,35
2161664,16
2161682,5
2161709,30
2161734,5
2161759,8
2161776,22
2161797,23
2161814,6
2161835,9
2161863,34
2161886,16
2161911,60
2161933,63
2161967,18
2161999,5
2162027,31
2162051,5
2162081,9
2162103,12
2162133,48
2162153,5
2162175,9
2162201,31
2162235,12
2162269,7
2162288,23
2162312,15
2162347,12
2162365,7
2162387,6
2162412,6
2162443,10
2162471,10
2162501,15
2162527,5
2162554,5
2162581,7
2162612,6
2162638,44
2162665,5
2162696,5
2162720,5
2162749,5
2162772,224
2162798,8
2162831,10
2162857,8
2162881,62
2162910,22
2162937,27
2162963,9
2162991,34
2163013,5
2163041,6
2163061,31
2163090,7
2163110,13
2163134,9
2163168,5
2163193,6
2163218,5
2163245,5
2163266,93
2163291,7
2163314,6
2163331,5
2163349,6
2163370,22
2163394,8
2163420,5
2163448,12
2163477,8
2163503,9
2163539,6
2163568,12
2163595,6
2163618,6
2163635,26
2163675,5
2163697,11
2163724,8
2163753,12
2163771,8
2163801,18
2163829,15
2163849,7
2163875,50
2163912,11
2163943,5
2163970,24
2163982,12
2164007,5
2164025,7
2164053,5
2164085,6
2164107,5
2164131,16
2164154,5
2164183,6
2164212,21
2164240,11
2164258,6
2164279,6
2164298,13
2164321,21
2164347,5
2164372,14
2164396,13
2164429,10
2164450,7
2164469,25
2164494,24
2164518,5
2164550,12
2164572,17
2164605,7
2164632,5
2164664,5
2164692,67
2164710,27
2164729,32
2164751,6
2164776,5
2164808,15
2164826,6
2164863,8
2164886,6
2164907,7
2164928,16
2164946,5
2164978,8
2165009,5
2165039,32
2165064,7
2165088,6
2165117,6
2165145,10
2165167,7
2165193,27
2165213,6
2165242,13
2165272,53
2165291,16
2165315,5
2165335,23
2165357,12
2165377,11
2165407,15
2165426,17
2165461,7
2165490,9
2165516,8
2165541,10
2165569,5
2165597,25
2165622,6
2165655,8
2165683,23
2165705,7
2165732,16
2165765,7
2165801,5
2165826,6
2165840,6
2165875,6
2165899,7
2165932,105
2165954,7
2165977,8
2166004,5
2166025,10
2166066,8
2166085,10
2166104,5
2166137,17
2166171,8
2166195,16
2166226,4514
2166256,18
2166288,5
2166316,7
2166343,18
2166366,26
2166387,13
2166412,6
2166448,6
2166477,13
2166495,37
2166520,8
2166548,7
2166574,26
2166607,16
2166642,254
2166667,5
2166695,7
2166720,7
2166744,7
2166780,7
2166812,7
2166835,18
2166859,28
2166886,5
2166908,21
2166930,7
2166954,6
2166979,6
2167001,37
2167017,5
2167050,6
2167075,26
2167106,12
2167135,6
2167158,19
2167178,5
2167206,363
2167236,7
2167264,8
2167290,8
2167326,7
2167357,7
2167383,48
2167408,68
2167429,8
2167458,74
2167479,9
2167502,6
2167524,8
2167550,9
2167572,8
2167593,374
2167616,5
2167639,17
2167667,6
2167696,11
2167724,7
2167739,5
2167767,139
2167798,5
2167825,5
2167849,5
2167870,19
2167903,6
2167932,7
2167973,6
2168001,5
2168021,5
2168040,8
2168076,7
2168102,5
2168131,20
2168159,11
2168193,5
2168217,21
2168240,5
2168266,10
2168283,5
2168305,5
2168331,5
2168350,9
2168376,23
2168397,14
2168419,15
2168448,5
2168482,23
2168517,8
2168540,6
2168566,12
2168590,5
2168611,6
2168629,20
2168661,6
2168684,14
2168702,17
2168730,5
2168750,28
2168774,111
2168807,8
2168833,5
2168865,12
2168890,5
2168913,14
2168941,7
2168967,6
2168987,5
2169009,14
2169027,5
2169045,10
2169068,32
2169089,6
2169112,6
2169140,9
2169171,7
2169196,8
2169230,65
2169260,5
2169280,28
2169297,6
2169326,16
2169359,14
2169384,10
2169427,7
2169447,6
2169472,10
2169495,21
2169523,6
2169545,330
2169577,6
2169597,17
2169625,5
2169642,7
2169675,6
2169691,6
2169723,5
2169756,9
2169788,8
2169812,20
2169841,8
2169870,18
2169902,14
2169941,5
2169966,39
2169987,269
2170004,7
2170019,9
2170049,7
2170073,19
2170096,5
2170126,5
2170148,5
2170168,5
2170189,7
2170219,5
2170250,5
2170276,5
2170307,6
2170342,14
2170373,5
2170400,5
2170419,12
2170456,5
2170479,5
2170504,24
2170541,8
2170569,11
2170599,5
2170619,10
2170649,14
2170674,7
2170700,5
2170735,5
2170759,5
2170778,6
2170808,6
2170830,26
2170865,8
2170892,5
2170914,28
2170936,9
2170962,39
2170993,5
2171021,10
2171049,6
2171075,7
2171117,43
2171145,8
2171167,13
2171193,11
2171222,157
2171254,5
2171282,5
2171316,5
2171341,18
2171369,17
2171398,46
2171427,5
2171450,5
2171478,17
2171498,5
2171517,5
2171548,9
2171577,12
2171608,48
2171637,5
2171660,23
2171680,7
2171701,5
2171732,12
2171755,5
2171787,13
2171814,23
2171842,5
2171865,7
2171885,6
2171907,17
2171930,5
2171955,90
2171985,5
2172009,5
2172031,9
2172068,17
2172090,8
2172115,5
2172147,5
2172171,12
2172191,5
2172227,6
2172250,5
2172289,13
2172316,5
2172335,5
2172355,22
2172382,5
2172405,5
2172425,15
2172459,30
2172482,5
2172508,5
2172544,5
2172565,9
2172586,111
2172604,16
2172635,6
2172656,5
2172684,70
2172715,5
2172737,5
2172755,6
2172785,7
2172811,55
2172840,16
2172869,5
2172897,10
2172917,34
2172937,8
2172970,7
2172994,7
2173022,56
2173042,11
2173064,8
2173091,11
2173114,8
2173130,12
2173154,13
2173171,5
2173197,7
2173216,9
2173239,16
2173268,21
2173290,22
2173320,12
2173342,6
2173371,79
2173395,6
2173415,6
2173443,8
2173471,5
2173495,28
2173526,6
2173557,20
2173585,5
2173615,6
2173636,9
2173665,8
2173696,8
2173721,11
2173747,60
2173773,10
2173795,5
2173818,7
2173845,16
2173870,5
2173887,69
2173903,13
2173929,6
2173955,5
2173973,58
2174007,6
2174032,11
2174059,7
2174082,6
2174110,7
2174138,8
2174169,14
2174188,6
2174217,20
2174238,5
2174263,12
2174281,17
2174306,11
2174334,5
2174357,10
2174398,5
2174423,7
2174447,26
2174483,5
2174512,5
2174536,7
2174574,5
2174600,24
2174624,5
2174661,6
2174687,5
2174717,5
2174743,7
2174780,8
2174802,10
2174826,5
2174846,6
2174870,21
2174888,10
2174922,5
2174956,12
2174979,206
2175008,7
2175027,8
2175054,7
2175086,9
2175123,8
2175154,43
2175187,5
2175206,95
2175230,5
2175250,6
2175276,10
2175307,25
2175332,157
2175357,16
2175387,90
2175407,6
2175435,6
2175455,5
2175478,30
2175502,5
2175524,5
2175551,20
2175573,910
2175590,9
2175619,5
2175656,1578
2175675,13
2175698,8
2175729,13
2175763,18
2175791,7
2175810,28
2175838,8
2175868,6
2175895,5
2175921,5
2175952,16
2175980,9
2176001,16
2176023,5
2176048,132
2176069,8
2176099,5
2176120,17
2176140,22
2176160,7
2176181,7
2176206,7
2176237,5
2176260,7
2176283,5
2176301,11
2176329,67
2176351,5
2176384,5
2176406,7
2176437,8
2176462,5
2176491,5
2176513,8
2176544,6
2176574,5
2176603,11
2176621,5
2176641,5
2176669,9
2176690,13
2176720,124
2176741,104
2176782,7
2176811,89
2176841,8
2176862,9
2176887,9
2176917,16
2176933,47
2176961,8
2176984,6
2177013,7
2177049,23
2177078,29
2177098,7
2177120,10
2177137,23
2177162,5
2177190,5
2177221,81
2177242,5
2177266,56
2177288,6
2177318,11
2177345,8
2177382,39
2177408,6
2177429,5
2177458,5
2177483,5
2177501,7
2177535,20
2177556,6
2177586,6
2177612,60
2177644,7
2177675,5
2177696,10
2177716,133
2177741,6
2177774,8
2177794,5
2177818,7
2177842,5
2177857,9
2177885,5
2177906,5
2177942,6
2177970,9
2177989,19
2178019,6
2178044,10
2178068,5
2178091,6
2178119,29
2178149,7
2178180,5
2178199,31
2178223,5
2178240,9
2178269,5
2178295,5
2178316,5
2178336,6
2178363,580
2178392,5
2178421,5
2178452,5
2178480,5
2178504,72
2178519,7
2178554,5
2178578,7
2178605,353
2178634,23
2178659,9
2178678,5
2178700,8
2178722,6
2178738,5
2178775,10
2178797,9
2178830,12
2178851,6
2178887,9
2178919,15
2178941,5
2178967,5
2178997,5
2179019,5
2179039,7
2179062,7
2179088,5
2179100,11
2179124,5
2179152,6
2179176,6
2179197,6
2179220,330
2179246,38
2179262,7
2179286,29
2179309,45
2179344,5
2179362,8
2179390,11
2179423,6
2179446,11
2179461,6
2179494,5
2179523,9
2179552,5
2179578,5
2179612,9
2179643,6
2179676,139
2179696,7
2179715,5
2179743,7
2179758,5
2179786,5
2179815,8
2179835,16
2179860,103
2179892,5
2179910,6
2179940,8
2179958,6
2179977,14
2179999,28
2180024,5
2180052,7
2180079,21
2180106,8
2180135,8
2180165,5
2180191,19
2180221,23
2180258,7
2180290,6
2180313,39
2180343,32
2180358,10
2180387,7
2180415,6
2180441,5
2180462,5
2180484,23
2180513,15
2180536,21
2180554,11
2180584,10
2180606,20
2180628,7
2180649,6
2180678,6
2180717,5
2180742,5
2180773,190
2180793,31
2180824,44
2180844,38
2180869,6
2180894,16
2180923,5
2180948,6
2180974,11
2181004,5
2181030,10
2181045,5
2181068,5
2181094,9
2181116,6
2181139,8
2181166,22
2181187,6
2181220,17
2181256,9
2181290,8
2181308,17
2181333,6
2181356,6
2181383,7
2181412,22
2181438,136
2181460,15
2181486,40
2181505,19
2181520,5
2181545,20
2181577,9
2181599,5
2181631,8
2181655,16
2181688,46
2181713,10
2181736,8
2181765,5
2181782,7
2181808,10
2181837,24
2181860,96
2181877,6
2181906,39
2181924,9
2181957,6
2181978,6
2182000,8
2182023,10
2182039,12
2182067,12
2182100,8
2182121,19
2182154,7
2182180,12
2182205,6
2182231,19
2182257,6
2182288,5
2182310,11
2182335,6
2182358,47
2182382,299
2182419,6
2182440,23
2182458,7
2182482,36
2182502,12
2182531,19
2182560,21
2182593,6
2182621,11
2182647,12
2182676,9
2182703,7
2182726,6
2182743,6
2182765,12
2182782,6
2182809,15
2182832,54
2182859,169
2182879,8
2182899,6
2182927,22
2182947,8
2182976,5
2183003,132
2183043,5
2183064,5
2183090,7
2183130,9
2183155,43
2183178,30
2183203,259
2183230,13
2183244,128
2183264,7
2183295,5
2183318,206
2183349,5
2183367,7
2183394,8
2183424,5
2183449,15
2183485,9
2183510,5
2183535,8
2183564,8
2183589,21
2183610,6
2183631,8
2183648,9
2183681,7
2183702,10
2183734,5
2183754,5
2183787,12
2183816,6
2183846,8
2183866,8
2183886,5
2183908,49
2183942,17
2183974,15
2184007,8
2184028,6
2184057,6
2184082,6
2184108,13
2184128,6
2184160,12
2184182,7
2184203,13
2184233,212
2184259,9
2184286,6
2184314,11
2184340,32
2184370,5
2184394,12
2184417,7
2184437,13
2184473,13
2184498,5
2184525,10
2184551,6
2184578,164
2184610,58
2184629,9
2184651,5
2184678,39
2184709,11
2184734,18
2184757,5
2184789,6
2184809,13
2184837,14
2184861,6
2184886,5
2184909,15
2184928,8
2184945,10
2184968,12
2184994,21
2185020,65
2185047,8
2185071,6
2185096,10
2185127,54
2185148,5
2185185,8
2185218,10
2185243,5
2185272,5
2185309,47
2185337,7
2185368,5
2185386,28
2185417,6
2185442,13
2185470,5
2185503,8
2185532,6
2185561,6
2185591,7
2185616,7
2185639,6
2185664,21
2185690,14
2185727,9
2185754,6
2185781,13
2185801,16
2185829,5
2185850,5
2185874,5
2185900,7
2185927,17
2185950,5
2185971,8
2185990,5
2186024,16
2186050,5
2186082,5
2186102,17
2186122,5
2186154,5
2186178,5
2186208,95
2186230,5
2186261,24
2186290,6
2186321,6
2186344,253
2186365,5
2186394,10
2186422,78
2186447,5
2186469,11
2186495,6
2186528,21
2186556,8
2186581,7
2186601,7
2186627,38
2186645,5
2186669,5
2186691,11
2186710,10
2186729,14
2186751,5
2186777,5
2186807,18
2186828,12
2186863,5
2186878,7
2186900,12
2186927,6
2186954,23
2186981,6
2187007,14
2187031,8
2187049,7
2187072,24
2187098,8
2187124,9
2187156,7
2187186,67
2187212,5
2187246,48
2187274,11
2187300,8
2187328,9
2187355,13
2187374,6
2187403,13
2187428,7
2187451,13
2187478,7
2187510,5
2187539,7
2187568,13
2187592,22
2187620,7
2187645,6
2187671,21
2187688,13
2187714,10
2187749,5
2187779,26
2187809,9
2187829,5
2187855,15
2187876,14
2187903,6
2187939,56
2187972,6
2188009,8
2188029,11
2188049,10
2188079,7
2188117,9
2188146,5
2188174,5
2188202,5
2188235,11
2188265,7
2188291,38
2188323,21
2188341,6
2188364,13
2188385,12
2188416,8
2188443,59
2188464,7
2188496,5
2188531,15
2188560,5
2188587,6
2188609,7
2188630,9
2188650,22
2188675,6
2188699,5
2188722,10
2188748,6
2188772,5
2188797,9
2188824,10
2188848,11
2188879,5
2188901,8
2188919,25
2188939,24
2188960,6
2188990,7
2189019,27
2189040,6
2189060,8
2189079,5
2189098,8
2189130,7
2189154,12
2189176,8
2189200,5
2189231,6
2189249,8
2189271,5
2189288,7
2189315,5
2189340,6
2189365,7
2189388,8
2189414,7
2189437,7
2189459,5
2189493,8
2189518,9
2189546,11
2189573,8
2189596,7
2189617,9
2189643,9
2189678,91
2189708,9
2189736,8
2189773,8
2189794,32
2189806,5
2189826,7
2189853,8
2189885,16
2189913,5
2189940,6
2189972,6
2189996,6
2190015,5
2190043,5
2190075,5
2190100,5
2190131,9
2190149,6
2190181,6
2190207,26
2190229,7
2190252,20
2190278,10
2190313,5
2190354,5
2190372,9
2190386,5
2190409,18
2190440,11
2190478,32
2190514,32
2190539,5
2190562,5
2190590,7
2190611,5
2190641,6
2190665,10
2190693,37
2190720,6
2190739,49
2190759,7
2190774,5
2190795,10
2190829,8
2190854,8
2190873,12
2190903,6
2190926,5
2190948,10
2190973,78
2190996,5
2191018,5
2191051,49
2191075,16
2191103,294
2191124,6
2191154,7
2191172,53
2191189,10
2191216,20
2191242,5
2191264,15
2191307,6
2191338,14
2191361,19
2191383,8
2191424,7
2191449,5
2191476,14
2191508,6
2191540,13
2191567,5
2191603,5
2191631,63
2191655,9
2191680,7
2191706,6
2191730,5
2191762,38
2191795,6
2191827,16
2191851,11
2191867,37
2191890,8
2191925,5
2191962,5
2191989,5
2192017,54
2192043,10
2192066,124
2192086,22
2192103,10
2192138,9
2192163,7
2192187,6
2192213,8
2192236,9
2192260,10
2192291,6
2192315,5
2192343,14
2192361,5
2192389,5
2192412,5
2192428,7
2192448,5
2192482,5
2192505,32
2192526,7
2192555,30
2192582,9
2192601,6
2192626,20
2192657,8
2192692,9
2192711,5
2192735,5
2192760,6
2192785,73
2192805,25
2192845,5
2192876,21
2192901,11
2192931,16
2192974,7
2192998,5
2193019,7
2193040,5
2193070,5
2193092,7
2193121,6
2193156,9
2193181,10
2193208,413
2193232,6
2193256,7
2193280,13
2193311,5
2193341,12
2193359,5
2193386,17
2193416,5
2193447,8
2193482,5
2193503,5
2193525,6
2193539,5
2193568,10
2193593,8
2193617,5
2193637,87
2193665,6
2193688,10
2193714,22
2193750,7
2193769,5
2193797,21
2193815,5
2193845,5
2193873,5
2193902,5
2193932,21
2193955,11
2193976,18
2194007,5
2194031,26
2194064,10
2194084,5
2194103,8
2194131,17
2194164,52
2194194,51
2194225,17
2194252,10
2194280,9
2194306,7
2194335,5
2194359,74
2194372,19
2194400,13
2194425,5
2194453,7
2194478,6
2194509,7
2194533,11
2194553,8
2194587,8
2194612,7
2194641,7
2194679,9
2194710,7
2194736,5
2194757,12
2194777,5
2194795,13
2194822,17
2194838,6
2194860,7
2194880,6
2194905,6
2194928,25
2194954,5
2194986,7
2195011,7
2195028,18
2195051,49
2195079,17
2195102,6
2195124,6
2195157,11
2195186,10
2195211,21
2195233,14
2195256,6
2195287,55
2195315,24
2195338,8
2195363,5
2195390,29
2195424,5
2195454,8
2195477,12
2195502,8
2195531,6
2195563,5
2195587,5
2195616,62
2195655,21
2195679,37
2195706,9
2195728,19
2195755,11
2195786,6
2195816,17
2195840,5
2195860,10
2195886,45
2195908,5
2195939,8
2195951,5
2195973,8
2196003,51
2196024,7
2196049,8
2196081,12
2196109,9
2196137,10
2196162,6
2196189,18
2196215,10
2196246,17
2196270,14
2196298,15
2196332,15
2196353,7
2196381,18
2196408,11
2196434,12
2196461,9
2196486,5
2196506,5
2196538,1068
2196572,11
2196603,5
2196623,11
2196648,93
2196664,5
2196684,21
2196723,24
2196747,10
2196773,45
2196794,32
2196817,6
2196843,7
2196860,7
2196875,6
2196897,14
2196917,30
2196937,23
2196977,89
2197012,6
2197034,5
2197066,5
2197089,7
2197118,20
2197139,10
2197165,7
2197198,8
2197223,7593
2197250,5
2197279,6
2197316,18
2197340,6
2197370,15
2197403,11
2197437,50
2197456,9
2197470,49
2197498,10
2197533,8
2197564,14
2197589,27
2197620,5
2197655,13
2197687,7
2197711,8
2197736,8
2197772,6
2197807,10
2197832,6
2197854,6
2197887,6
2197911,19
2197947,7
2197973,14
2198003,13
2198029,9
2198057,5
2198083,18
2198115,7
2198136,5
2198166,5
2198195,5
2198220,12
2198262,5
2198290,39
2198319,5
2198348,50
2198378,547
2198409,7
2198436,6
2198464,5
2198485,8
2198512,8
2198536,49
2198567,12
2198590,5
2198617,131
2198646,154
2198676,7
2198705,6
2198725,15
2198757,5
2198782,6
2198812,49
2198846,6
2198871,43
2198896,11
2198920,25
2198946,7
2198968,78
2198994,608
2199023,10
2199048,9
2199070,6
2199089,6
2199121,40
2199146,11
2199174,10
2199194,6
2199216,6
2199241,46
2199267,6
2199292,7
2199315,6
2199340,11
2199363,17
2199394,5
2199417,12
2199442,5
2199471,10
2199493,12
2199526,17
2199551,9
2199579,104
2199608,13
2199627,169
2199654,5
2199677,7
2199695,5
2199724,10
2199742,8
2199771,5
2199796,23
2199818,8
2199847,6
2199865,73
2199893,5
2199906,14
2199934,32
2199961,6
2199984,6
2200003,5
2200024,6
2200052,5
2200071,44
2200093,6
2200114,11
2200142,5
2200178,7
2200209,7
2200232,6
2200260,8
2200288,5
2200313,11
2200332,5
2200366,7
2200387,6
2200416,5
2200442,6
2200470,7
2200493,5
2200526,5
2200549,8
2200576,5
2200604,5
2200624,8
2200649,6
2200677,8
2200704,6
2200736,41
2200761,8
2200790,5
2200815,16
2200838,6
2200863,7
2200894,32
2200917,7
2200940,8
2200964,6
2200993,5
2201019,43
2201048,9
2201077,5
2201101,6
2201121,23
2201151,5
2201177,7
2201199,5
2201229,13
2201248,54
2201262,74
2201287,34
2201327,17
2201349,7
2201371,6
2201397,5
2201422,8
2201450,7
2201482,23
2201508,6
2201532,5
2201565,14
2201589,16
2201622,27
2201649,35
2201671,6
2201694,9
2201714,12
2201748,16
2201769,5
2201798,43
2201822,31
2201842,7
2201865,15
2201893,8
2201925,14
2201954,8
2201982,6
2202008,5
2202035,13
2202067,5
2202094,7
2202117,5
2202144,49
2202165,6
2202186,11
2202213,8
2202240,8
2202268,5
2202299,141
2202323,8
2202348,6
2202379,24
2202397,11
2202422,5
2202449,23
2202477,9
2202499,9
2202519,17
2202547,7
2202571,7
2202594,5
2202615,7
2202640,6
2202660,6
2202685,25
2202706,16
2202728,26
2202750,6
2202773,20
2202796,8
2202824,7
2202849,8
2202872,10
2202914,44
2202936,8
2202955,5
2202974,5
2203006,51
2203030,5
2203054,8
2203086,12
2203113,8
2203145,23
2203170,5
2203196,16
2203218,5
2203250,29
2203278,59
2203296,90
2203325,38
2203359,13
2203395,7
2203415,14
2203434,8
2203452,11
2203480,8
2203509,7
2203537,8
2203560,5
2203584,20
2203615,5
2203646,13
2203670,5
2203685,13
2203706,6
2203725,7
2203746,8
2203775,13
2203801,6
2203829,8
2203855,10
2203868,178
2203890,10
2203912,10
2203933,53
2203955,7
2203980,13
2204007,10
2204028,8
2204060,7
2204095,21
2204119,6
2204155,5
2204186,10
2204210,6
2204232,5
2204252,5
2204279,8
2204303,26
2204321,5
2204342,39
2204377,16
2204402,18
2204427,5
2204462,10
2204488,76
2204513,7
2204546,6
2204582,8
2204606,5
2204634,5
2204657,32
2204685,10
2204715,7
2204737,13
2204764,5
2204788,5
2204816,14
2204833,5
2204872,10
2204895,7
2204912,6
2204934,6
2204958,6
2204988,13
2205002,18
2205034,5
2205064,8
2205086,5
2205111,17
2205141,5
2205167,12
2205195,8
2205219,6
2205243,7
2205259,5
2205286,13
2205325,5
2205356,6
2205388,6
2205412,14
2205447,5
2205482,72
2205509,5
2205539,7
2205564,6
2205598,10
2205629,8
2205662,40
2205687,15
2205716,46
2205734,10
2205753,21
2205777,6
2205800,5
2205823,8
2205851,19
2205881,12
2205906,41
2205943,12
2205975,6
2206004,6
2206023,75
2206051,12
2206074,15
2206099,7
2206125,5
2206159,9
2206183,5
2206205,15
2206233,38
2206253,17
2206288,34
2206308,6
2206335,5
2206365,21
2206405,67
2206429,10
2206452,6
2206476,12
2206506,12
2206532,16
2206562,5
2206592,5
2206615,8
2206641,18
2206666,38
2206690,14
2206716,7
2206747,18
2206777,15
2206804,31
2206830,26
2206854,10
2206881,5
2206910,13
2206936,7
2206969,36
2206996,32
2207022,20
2207048,5
2207085,18
2207112,7
2207131,7
2207154,13
2207180,5
2207207,14
2207229,25
2207255,6
2207273,5
2207300,5
2207341,5
2207368,5
2207398,5
2207423,16
2207453,5
2207471,15
2207493,14
2207515,8
2207541,14
2207570,6
2207589,5
2207605,10
2207623,6
2207649,9
2207671,5
2207705,8
2207721,36
2207736,8
2207760,5
2207787,5
2207818,5
2207845,8
2207862,11
2207889,9
2207910,5
2207945,8
2207968,8
2207997,10
2208017,174
2208042,9
2208065,10
2208092,9
2208117,6
2208134,14
2208157,6
2208180,11
2208208,9
2208235,5
2208263,8
2208287,18
2208322,5
2208345,10
2208366,20
2208395,5
2208422,6
2208451,5
2208493,13
2208524,5
2208542,5
2208573,10
2208593,5
2208622,7
2208640,5
2208668,5
2208698,26
2208721,9
2208756,17
2208785,5
2208806,26
2208829,11
2208854,5
2208877,7
2208908,11
2208934,5
2208960,5
2208985,9
2209013,6
2209039,12
2209068,7
2209101,17
2209125,26
2209152,5
2209186,7
2209212,5
2209242,6
2209259,5
2209280,6
2209314,6
2209339,5
2209376,7
2209396,6
2209424,11
2209444,6
2209474,11
2209503,6
2209536,5
2209559,31
2209580,10
2209602,7
2209624,6
2209645,15
2209669,10
2209691,6
2209728,8
2209752,10
2209783,6
2209803,50
2209836,5
2209855,6
2209875,7
2209898,7
2209927,10
2209956,13
2209980,10
2210012,6
2210044,12
2210067,7
2210090,5
2210107,18
2210133,14
2210161,45
2210184,14
2210210,8
2210232,5
2210254,8
2210274,10
2210297,20
2210326,5
2210355,8
2210372,6
2210393,6
2210423,5
2210452,6
2210478,12
2210502,9
2210537,11
2210560,5
2210582,10
2210612,48
2210637,58
2210673,8
2210697,11
2210710,24
2210737,14
2210769,34
2210796,93
2210820,18
2210853,6
2210878,217
2210916,10
2210945,13
2210971,5
2210988,8
2211012,5
2211034,48
2211066,7
2211089,7
2211110,6
2211133,5
2211158,5
2211180,9
2211205,5
2211229,27
2211254,5
2211287,11
2211312,22
2211336,6
2211368,19
2211406,6
2211421,8
2211451,5
2211479,9
2211510,8
2211540,12
2211571,20
2211599,6
2211620,6
2211644,6
2211664,11
2211690,5
2211714,24
2211741,7
2211775,9
2211801,24
2211829,6
2211859,81
2211890,5
2211912,5
2211929,7
2211955,8
2211978,17
2212003,5
2212026,6
2212059,24
2212076,8
2212106,11
2212136,11
2212168,68
2212198,15
2212225,14
2212259,8
2212287,5
2212310,7
2212340,6
2212368,12
2212391,10
2212418,6
2212445,9
2212470,30
2212498,5
2212524,13
2212553,6
2212579,13
2212602,6
2212636,6
2212658,17
2212684,11
2212709,8
2212746,24
2212769,5
2212794,5
2212821,5
2212839,7
2212860,85
2212882,7
2212907,5
2212929,146
2212944,40
2212968,6
2212991,6
2213018,7
2213052,16
2213080,43
2213104,7
2213127,18
2213157,5
2213177,5
2213192,18
2213205,16
2213227,13
2213254,5
2213275,9
2213300,11
2213317,7
2213333,8
2213349,14
2213382,10
2213411,6
2213439,6
2213462,6
2213488,5
2213512,15
2213534,9
2213565,7
2213588,6
2213614,5
2213638,349
2213662,7
2213685,11
2213704,16
2213736,8
2213752,7
2213772,18
2213804,6
2213836,8
2213866,6
2213897,5
2213920,6
2213944,7
2213976,5
2214006,16
2214035,7
2214059,9
2214076,8
2214100,7
2214135,7
2214164,60
2214184,5
2214207,36
2214230,31
2214261,6
2214297,5
2214335,7
2214362,14
2214386,5
2214409,13
2214432,20
2214454,5
2214486,16
2214510,10
2214539,6
2214571,10
2214608,8
2214647,48
2214675,6
2214700,5
2214720,5
2214749,31
2214772,53
2214794,7
2214822,47
2214848,18
2214870,21
2214894,5
2214921,10
2214948,5
2214974,5
2214999,8
2215021,5
2215049,5
2215068,6
2215098,5
2215136,8
2215157,7
2215183,27
2215205,302
2215235,17
2215267,10
2215286,7
2215311,61
2215342,11
2215369,13
2215395,10
2215415,5
2215438,5
2215463,5
2215485,5
2215505,5
2215525,17
2215547,5
2215580,7
2215611,7
2215643,10
2215672,5
2215701,11
2215730,8
2215759,6
2215783,6
2215809,14
2215830,10
2215862,5
2215893,8
2215924,7
2215944,7
2215969,6
2215995,7
2216016,5
2216035,27
2216059,36
2216085,7
2216117,5
2216161,43
2216186,91
2216214,42
2216234,7
2216261,5
2216281,22
2216311,6
2216328,64
2216356,7
2216373,5
2216396,6
2216418,6
2216458,67
2216482,13
2216509,6
2216532,5
2216561,6
2216587,45
2216609,7
2216639,6
2216661,5
2216688,6
2216710,14
2216733,18
2216756,5
2216773,8
2216796,9
2216827,10
2216855,31
2216888,12
2216913,30
2216936,14
2216968,52
2216992,9
2217025,6
2217044,5
2217075,61
2217107,8
2217129,7
2217165,24
2217185,6
2217205,6
2217236,5
2217258,6
2217284,5
2217312,6
2217331,25
2217357,9
2217382,6
2217408,5
2217435,15
2217462,6
2217491,5
2217519,5
2217541,5
2217564,6
2217587,22
2217611,28
2217635,9
2217664,5
2217689,11
2217710,15
2217732,11
2217764,10
2217795,8
2217824,11
2217844,9
2217879,16
2217896,8
2217918,7
2217944,13
2217965,19
2217993,5
2218014,5
2218046,10
2218063,10
2218081,6
2218102,28
2218132,5
2218168,11
2218195,9
2218225,5
2218241,11
2218272,5
2218306,6
2218317,73
2218345,9
2218372,6
2218398,5
2218422,10
2218451,5
2218479,5
2218511,8
2218533,9
2218563,17
2218586,22
2218604,54
2218628,6
2218650,7
2218684,10
2218717,15
2218745,13
2218779,8
2218813,15
2218841,8
2218860,12
2218895,15
2218929,6
2218947,5
2218967,9
2218987,6
2219001,12
2219027,42
2219050,38
2219076,5
2219110,5
2219147,7
2219176,7
2219202,6
2219226,29
2219253,175
2219288,5
2219313,8
2219344,15
2219358,11
2219380,9
2219411,175
2219434,6
2219457,8
2219487,5
2219510,7
2219537,5
2219562,7
2219587,11
2219613,7
2219644,5
2219669,5
2219702,5
2219731,9
2219754,7
2219784,14
2219817,6
2219840,15
2219866,5
2219885,10
2219902,8
2219926,12
2219955,8
2219966,5
2219997,100
2220026,6
2220039,7
2220070,9
2220093,7
2220118,7
2220153,10
2220176,89
2220203,9
2220235,8
2220262,39
2220292,993
2220312,20
2220340,17
2220371,22
2220389,19
2220416,24
2220437,5
2220470,10
2220487,25
2220511,9
2220533,9
2220553,5
2220582,9
2220601,5
2220626,5
2220651,6
2220674,19
2220699,10
2220727,11
2220752,5
2220769,7
2220787,11
2220814,5
2220839,594
2220865,11
2220886,134
2220906,6
2220935,5
2220962,6
2220983,13
2221005,22
2221031,5
2221050,6
2221079,8
2221101,5
2221125,36
2221155,26
2221180,5
2221204,6
2221233,9
2221265,10
2221304,5
2221329,5
2221353,6
2221376,7
2221400,35
2221430,6
2221463,5
2221482,6
2221513,9
2221546,8
2221570,9
2221595,6
2221617,9
2221639,6
2221662,5
2221689,19
2221712,16
2221737,16
2221770,7
2221813,9
2221841,7
2221861,8
2221884,6
2221913,41
2221938,5
2221959,9
2221972,5
2221995,7
2222030,11
2222055,15
2222076,28
2222099,7
2222125,14
2222154,5
2222177,27
2222211,11
2222242,12
2222270,12
2222294,5
2222319,8
2222354,39
2222386,5
2222414,5
2222442,7
2222472,5
2222501,6
2222533,11
2222563,8
2222587,8
2222624,6
2222641,7
2222671,7
2222702,7
2222729,6
2222748,10
2222782,6
2222809,10
2222831,5
2222863,5
2222891,5
2222921,5
2222947,9
2222972,6
2223001,31
2223027,12
2223058,18
2223083,7
2223115,8
2223143,6
2223172,8
2223193,7
2223222,7
2223254,72
2223275,9
2223304,37
2223335,34
2223364,5
2223395,13
2223420,11
2223442,30
2223471,6
2223501,36
2223524,6
2223553,8
2223574,10
2223601,6
2223626,8
2223651,14
2223667,19
2223693,11
2223727,10
2223751,22
2223783,75
2223813,37
2223840,214
2223868,11
2223896,5
2223913,8
2223937,5
2223961,11
2223995,5
2224022,12
2224041,8
2224065,5
2224088,8
2224110,53
2224130,5
2224151,6
2224179,20
2224203,5
2224226,6
2224252,13
2224275,5
2224308,7
2224328,13
2224363,5
2224388,5
2224409,10
2224433,5
2224460,8
2224488,57
2224512,5
2224541,7
2224573,42
2224596,12
2224620,7
2224643,653
2224678,7
2224701,16
2224729,7
2224757,9
2224782,5
2224809,52
2224825,24
2224852,10
2224879,13
2224906,9
2224927,6
2224953,11
2224980,7
2225000,5
2225028,7
2225049,5
2225082,7
2225116,10
2225153,25
2225179,70
2225201,9
2225234,6
2225259,29
2225285,11
2225316,9
2225337,21
2225365,7
2225397,5
2225424,10
2225447,6
2225471,6
2225499,17
2225516,5
2225535,7
2225553,32
2225582,7
2225612,11
2225630,5
2225648,30
2225669,5
2225688,12
2225721,5
2225760,5
2225793,5
2225814,45
2225843,6
2225870,17
2225894,287
2225906,10
2225937,11
2225963,5
2225991,6
2226012,50
2226039,6
2226070,21
2226090,1362
2226114,6
2226145,14
2226168,7
2226200,11
2226231,7
2226258,6
2226282,8
2226308,17
2226345,16
2226370,23
2226396,31
2226420,14
2226455,19
2226481,5
2226506,11
2226526,7
2226553,40
2226581,25
2226606,5
2226632,5
2226664,5
2226689,5
2226715,5
2226739,5
2226767,11
2226790,8
2226810,5
2226831,9
2226860,83
2226888,8
2226914,12
2226937,6
2226966,7
2226988,6
2227012,11
2227036,9
2227062,8
2227095,7
2227124,6
2227154,10
2227184,24
2227209,16
2227236,5
2227257,16
2227286,17
2227322,5
2227349,12
2227387,53
2227423,12
2227457,30
2227486,5
2227514,12
2227541,11
2227572,35
2227598,5
2227629,6
2227651,8
2227680,10
2227703,68
2227727,5
2227754,5
2227777,157
2227800,8
2227829,8
2227845,8
2227866,7
2227894,5
2227918,81
2227941,6
2227968,5
2227992,5
2228013,7
2228040,19
2228065,6
2228087,133
2228115,5
2228141,13
2228161,5
2228180,10
2228215,28
2228243,5
2228261,18
2228286,5
2228309,32
2228337,5
2228361,7
2228379,8
2228399,62
2228419,14
2228447,5
2228465,19
2228490,7
2228511,5
2228535,23
2228560,8
2228583,6
2228619,5
2228639,12
2228668,5
2228692,5
2228714,15
2228739,12
2228770,12
2228794,10
2228819,47
2228844,12
2228872,9
2228905,7
2228929,21
2228960,8
2228990,6
2229016,6
2229032,9
2229062,9
2229090,12
2229120,5
2229140,9
2229169,6
2229196,5
2229214,10
2229234,9
2229252,6
2229278,6
2229309,120
2229335,9
2229357,6
2229386,6
2229424,15
2229453,8
2229490,6
2229520,14
2229543,32
2229567,5
2229594,19
2229614,6
2229639,5
2229671,5
2229694,7
2229718,81
2229749,41
2229775,149
2229809,11
2229840,5
2229872,5
2229893,22
2229914,6
2229942,15
2229974,358
2230006,5
2230029,8
2230048,15
2230072,5
2230094,73
2230115,13
2230148,18
2230169,11
2230199,8
2230222,8
2230255,8
2230277,8
2230302,11
2230332,5
2230360,13
2230393,31
2230426,8
2230446,29
2230472,6
2230503,6
2230529,9
2230551,6
2230581,10
2230605,5
2230632,5
2230658,6
2230680,5
2230701,5
2230730,11
2230755,9
2230780,25
2230803,10
2230829,28
2230853,8
2230878,8
2230909,10
2230933,29
2230956,69
2230983,13
2231008,13
2231035,5
2231062,6
2231088,16
2231113,8
2231132,32
2231151,5
2231179,11
2231199,19
2231222,24
2231244,8
2231272,9
2231301,5
2231320,7
2231351,5
2231377,7
2231413,8
2231449,642
2231469,8
2231500,5
2231530,8
2231556,6
2231580,5
2231605,7
2231643,7
2231675,5
2231708,5
2231730,6
2231761,6
2231781,5
2231807,5
2231824,9
2231846,22
2231881,6
2231901,5
2231927,9
2231954,5
2231977,16
2232005,9
2232019,5
2232036,5
2232070,8
2232094,14
2232128,5
2232159,6
2232180,6
2232202,11
2232228,19
2232256,13
2232291,5
2232322,5
2232351,9
2232379,9
2232401,83
2232434,5
2232461,7
2232482,5
2232509,5
2232532,8
2232559,9
2232590,269
2232619,5
2232647,69
2232666,5
2232692,8
2232722,5
2232744,5
2232770,7
2232790,6
2232816,27
2232842,50
2232861,13
2232888,37
2232918,6
2232945,20
2232973,7
2232991,17
2233019,8
2233044,6
2233072,181
2233098,21
2233126,5
2233145,5
2233169,17
2233194,40
2233225,6
2233258,37
2233279,10
2233307,7
2233335,13
2233360,5
2233387,6
2233413,92
2233443,6
2233468,24
2233498,5
2233521,14
2233538,6
2233569,10
2233596,6
2233625,5
2233645,5
2233668,37
2233695,5
2233718,6
2233745,5
2233774,9
2233802,7
2233818,7
2233847,6
2233864,9
2233888,6
2233918,8
2233944,90
2233968,5
2233997,393
2234028,5
2234056,9
2234084,11
2234115,8
2234146,5
2234174,13
2234205,5
2234227,14
2234252,7
2234275,15
2234304,8
2234332,6
2234364,5471
2234392,7
2234410,10
2234432,6
2234458,32
2234474,6
2234500,10
2234524,9
2234552,28
2234581,46
2234611,12
2234634,5
2234655,104
2234687,6
2234709,8
2234733,12
2234760,6
2234794,11
2234814,9
2234831,7
2234860,5
2234904,5
2234931,21
2234954,58
2234981,30
2235009,16
2235032,5
2235073,11
2235092,7
2235122,5
2235149,7
2235179,6
2235199,43
2235226,6
2235250,27
2235271,7
2235295,95
2235316,5
2235338,9
2235363,26
2235388,17
2235417,69
2235450,16
2235472,6
2235503,13
2235525,6
2235546,6
2235575,22
2235603,5
2235634,6
2235660,11
2235690,5
2235709,6
2235732,19
2235752,32
2235779,5
2235807,7
2235828,6
2235858,8
2235881,5
2235912,19
2235939,5
2235963,9
2235989,5
2236014,5
2236039,17
2236069,13
2236093,5
2236123,7
2236153,10
2236182,6
2236211,7
2236238,5
2236254,8
2236281,10
2236309,29
2236332,45
2236352,6
2236372,6
2236397,12
2236426,5
2236449,5
2236475,6
2236508,5
2236538,7
2236557,15
2236575,12
2236601,13
2236629,5
2236661,8
2236698,6
2236727,11
2236762,6
2236782,15
2236814,5
2236844,12
2236869,9
2236892,6
2236918,14
2236949,5
2236976,5
2237009,8
2237037,5
2237059,12
2237082,6
2237111,7
2237143,5
2237173,15
2237194,5
2237218,6
2237244,42
2237268,15
2237294,46
2237325,5
2237350,7
2237380,5
2237412,7
2237435,6
2237461,8
2237483,14
2237512,8
2237542,11
2237569,7
2237595,6
2237615,56
2237656,6
2237681,13
2237710,12
2237739,7
2237773,7
2237798,13
2237829,10
2237850,11
2237883,1067
2237906,6
2237943,10
2237963,9
2237991,13
2238012,5
2238034,7
2238058,155
2238087,8
2238108,8
2238122,7
2238148,6
2238171,21
2238201,6
2238219,5
2238245,5
2238262,7
2238288,6
2238311,6
2238343,8
2238364,523
2238392,9
2238413,10
2238438,6
2238460,63
2238482,6
2238497,20
2238523,15
2238547,7
2238569,5
2238607,9
2238640,5
2238673,5
2238700,5
2238730,11
2238755,97
2238782,7
2238802,34
2238835,5
2238862,11
2238888,5
2238913,7
2238937,8
2238961,16
2238986,15
2239016,30
2239034,12
2239053,104
2239080,15
2239111,9
2239135,5
2239154,6
2239181,8
2239204,10
2239228,162
2239250,7
2239274,13
2239296,25
2239319,5
2239361,30
2239395,26
2239421,22
2239447,10
2239480,5
2239509,5
2239543,29
2239566,5
2239584,5
2239607,8
2239640,5
2239666,232
2239684,280
2239708,59
2239734,23
2239751,5
2239772,117
2239798,13
2239824,15
2239851,12
2239873,20
2239899,7
2239924,18
2239950,7
2239968,11
2239993,15
2240020,7
2240049,5
2240073,7
2240101,6
2240131,5
2240159,31
2240196,6
2240225,7
2240253,7
2240285,11
2240311,5
2240334,12
2240356,5
2240379,5
2240399,7
2240430,5
2240454,58
2240474,5
2240489,42
2240514,6
2240542,34
2240567,5
2240593,236
2240623,8
2240647,6
2240675,15
2240691,18
2240711,6
2240735,5
2240764,12
2240790,7
2240807,6
2240829,10
2240848,6
2240868,9
2240901,5
2240936,13
2240964,7
2240983,6
2241002,6
2241031,11
2241059,34
2241079,5
2241104,8
2241136,8
2241164,311
2241187,12
2241214,9
2241238,30
2241263,7
2241281,6
2241305,5
2241332,20
2241362,41
2241386,14
2241414,11
2241440,9
2241469,8
2241501,26
2241534,5
2241563,99
2241592,17
2241618,5
2241643,11
2241671,26
2241691,5
2241723,103
2241737,6
2241762,7
2241785,8
2241813,6
2241834,13
2241863,37
2241892,8
2241918,8
2241941,6
2241963,21
2241992,85
2242018,7
2242044,14
2242069,8
2242103,5
2242118,5
2242151,14
2242172,12
2242199,8
2242236,5
2242266,22
2242288,6
2242312,5
2242341,46
2242366,6
2242395,70
2242420,8
2242449,6
2242472,6
2242497,10
2242535,9
2242563,5
2242592,12
2242621,7
2242648,8
2242680,7
2242706,39
2242741,12
2242770,11
2242806,5
2242837,7
2242868,10
2242898,21
2242926,7
2242941,9
2242964,79
2242991,5
2243014,5
2243045,6
2243065,9
2243094,73
2243119,6
2243143,23
2243173,6
2243191,11
2243213,5
2243237,12
2243271,220
2243288,18
2243305,59
2243334,7
2243359,5
2243391,6
2243425,5
2243451,18
2243473,6
2243496,6
2243528,6
2243553,5
2243581,9
2243610,21
2243634,8
2243655,43
2243675,15
2243702,8
2243724,6
2243756,8
2243777,25
2243809,13
2243850,11
2243877,13
2243905,5
2243928,6
2243949,9
2243971,6
2243991,13
2244016,149
2244041,5
2244065,14
2244090,9
2244119,7
2244152,45
2244177,20
2244198,7
2244227,20
2244246,7
2244266,28
2244295,5
2244332,5
2244359,406
2244389,7
2244418,5
2244444,6
2244469,5
2244509,8
2244535,5
2244571,13
2244595,5
2244627,10
2244658,6
2244688,6
2244709,7
2244740,10
2244778,22
2244802,12
2244826,28
2244846,7
2244875,5
2244904,6
2244924,23
2244947,23
2244968,6
2244994,7
2245021,7
2245049,5
2245076,8
2245101,5
2245121,7
2245154,9
2245190,5
2245214,7
2245242,7
2245267,14
2245301,5
2245332,30
2245356,12
2245388,21
2245421,14
2245453,8
2245479,6
2245501,5
2245526,7
2245558,8
2245587,17
2245614,5
2245637,8
2245667,7
2245696,77
2245722,5
2245753,13
2245779,6
2245797,5
2245821,5
2245854,19
2245875,8
2245903,10
2245928,5
2245955,11
2245979,5
2246013,121
2246040,6
2246057,9
2246082,8
2246113,19
2246136,6
2246154,12
2246185,5
2246206,20
2246232,9
2246256,19
2246292,5
2246314,5
2246335,5
2246359,7
2246384,14
2246413,5
2246439,7
2246460,5
2246490,14
2246531,16
2246564,8
2246588,5
2246612,47
2246643,9
2246674,5
2246697,32
2246720,1009
2246743,5
2246759,20
2246794,33
2246812,5
2246829,17
2246860,20
2246890,6
2246918,7
2246954,11
2246974,36
2246998,5
2247020,5
2247051,6
2247076,8
2247103,6
2247122,11
2247145,6
2247176,6
2247205,12
2247222,8
2247248,5
2247271,9
2247297,6
2247329,82
2247351,5
2247378,24
2247408,8
2247434,19
2247454,5
2247481,5
2247502,6
2247529,7
2247557,59
2247577,27
2247605,6
2247624,8
2247652,16
2247683,8
2247711,6
2247732,7
2247757,7
2247776,14
2247809,6
2247828,5
2247852,5
2247885,5
2247914,5
2247935,7
2247970,8
2247997,8
2248022,271
2248051,43
2248080,8
2248100,7
2248131,12
2248155,5
2248177,5
2248195,5
2248212,12
2248238,10
2248258,5
2248286,8
2248313,8
2248339,6
2248360,15
2248387,5
2248414,9
2248437,13
2248457,10
2248480,5
2248501,5
2248524,8
2248551,68
2248573,19
2248602,14
2248633,24
2248658,6
2248679,17
2248704,8
2248723,15
2248746,5
2248766,36
2248790,74
2248821,12
2248849,7
2248879,6
2248910,5
2248936,6
2248966,14
2248995,6
2249018,6
2249043,5
2249070,6
2249097,58
2249119,7
2249144,740
2249164,6
2249186,10
2249218,40
2249230,5
2249248,20
2249273,5
2249303,5
2249330,88
2249352,7
2249369,17
2249393,9
2249408,11
2249436,3778
2249468,5
2249484,8
2249506,26
2249534,5
2249571,33
2249593,8
2249622,12
2249655,5
2249678,5
2249701,5
2249729,9
2249755,12
2249784,7
2249807,12
2249834,166
2249863,6
2249894,6
2249922,5
2249943,6
2249975,5
2250001,11
2250028,61
2250056,8
2250080,6
2250114,6
2250147,6
2250170,12
2250196,12
2250220,8
2250247,5
2250272,16
2250293,5
2250318,16
2250337,19
2250360,11
2250384,11
2250408,7
2250434,6
2250460,12
2250482,14
2250512,238
2250539,10
2250565,11
2250592,6
2250620,8
2250653,10
2250679,5
2250699,5885
2250728,11
2250753,18
2250776,10
2250803,7
2250822,5
2250842,6
2250874,5
2250895,7
2250919,34
2250948,5
2250978,6
2250998,9
2251027,41
2251055,6
2251083,5
2251113,17
2251143,13
2251166,7
2251199,151
2251225,10
2251253,9
2251283,10
2251320,6
2251350,5
2251374,5
2251396,8
2251415,5
2251436,6
2251459,11
2251483,52
2251506,103
2251531,6
2251560,5
2251591,32
2251607,7
2251640,7
2251668,6
2251690,5
2251718,5
2251740,7
2251763,9
2251790,10
2251814,7
2251842,40
2251874,10
2251904,5
2251929,12
2251956,5
2251985,83
2252005,21
2252031,9
2252047,9
2252075,5
2252097,5
2252121,26
2252143,21
2252175,15
2252206,5
2252233,5
2252260,6
2252301,6
2252332,7
2252360,11
2252382,6
2252415,13
2252446,8
2252469,10
2252502,7
2252522,10
2252551,65
2252571,9
2252603,12
2252628,19
2252653,6
2252681,10
2252699,12
2252726,24
2252757,24
2252782,5
2252807,7
2252832,41
2252846,8
2252869,12
2252897,7
2252920,30
2252951,5
2252987,9
2253019,5
2253041,7
2253070,58
2253099,5
2253117,22
2253148,9
2253166,21
2253184,5
2253216,43
2253247,9
2253259,288
2253272,11
2253297,14
2253324,19
2253355,5
2253374,9
2253401,19
2253421,20
2253449,6
2253469,5
2253494,29
2253525,7
2253538,5
2253561,12
2253594,29
2253623,6
2253653,17
2253688,87
2253717,10
2253740,8
2253772,6
2253802,5
2253827,5
2253853,5
2253889,9
2253913,12
2253936,6
2253961,5
2253986,13
2254009,18
2254026,5
2254045,5
2254065,8
2254089,5
2254109,7
2254132,7
2254166,21
2254191,14
2254217,6
2254240,29
2254267,7
2254299,8
2254323,5
2254348,10
2254377,8
2254399,5
2254427,10
2254455,8
2254485,6
2254508,5
2254531,6
2254560,10
2254584,15
2254604,7
2254636,14
2254654,21
2254671,10
2254700,5
2254724,5
2254756,5
2254780,8
2254810,6
2254828,5
2254857,18
2254893,89
2254927,33
2254946,5
2254975,7
2254993,6
2255022,155
2255055,11
2255085,77
2255110,5
2255133,15
2255157,5
2255193,7
2255217,8
2255250,5
2255272,216
2255306,15
2255338,5
2255366,7
2255393,10
2255417,8
2255437,14
2255466,7
2255494,11
2255527,23
2255548,5
2255580,8
2255601,13
2255623,7
2255645,5
2255675,81
2255697,12
2255720,5
2255745,5
2255770,5
2255801,6
2255824,32
2255851,12
2255883,5
2255913,15
2255937,5
2255959,15
2255982,5
2256011,17
2256043,10
2256074,5
2256103,8
2256139,5
2256165,6
2256193,10
2256206,180
2256236,7
2256267,9
2256291,5
2256318,10
2256345,5
2256380,7
2256409,6
2256435,10
2256463,10
2256482,6
2256513,9
2256543,8
2256574,5
2256605,5
2256634,7
2256657,31
2256681,34
2256713,5
2256739,5
2256765,7
2256788,13
2256823,23
2256846,7
2256874,14
2256891,16
2256915,5
2256940,6
2256970,10
2256995,7
2257020,5
2257050,199
2257077,13
2257105,5
2257138,13
2257160,27
2257182,9
2257208,6
2257234,20
2257254,9
2257287,5
2257304,13
2257329,5
2257349,19
2257373,16
2257404,6
2257426,5
2257458,22
2257483,7
2257504,49
2257525,8
2257555,5
2257584,8
2257604,8
2257638,7
2257667,8
2257688,6
2257712,5
2257738,7
2257765,39
2257795,11
2257828,9
2257856,6
2257876,5
2257905,10
2257926,12
2257962,7
2257986,7
2258009,14
2258039,6
2258066,58
2258088,7
2258102,15
2258131,77
2258165,5
2258187,39
2258210,5
2258248,32
2258278,5
2258297,15
2258336,6
2258361,13
2258385,23
2258412,8
2258443,5
2258470,6
2258506,26
2258534,11
2258557,5
2258582,231
2258605,137
2258636,65
2258659,6
2258694,8
2258716,8
2258736,9
2258756,7
2258786,15
2258811,34
2258836,8
2258859,29
2258885,7
2258911,5
2258932,5
2258954,37
2258975,5
2259007,5
2259038,6
2259059,9
2259087,9
2259109,12
2259140,6
2259162,5
2259188,134
2259212,5
2259239,6
2259262,6
2259287,13
2259315,15
2259342,7
2259365,8
2259390,5
2259417,7
2259451,16
2259483,62
2259512,5
2259537,11
2259564,5
2259586,40
2259609,5
2259635,108
2259660,6
2259683,8
2259707,43
2259736,5
2259768,10
2259796,11
2259820,14
2259844,3839
2259868,6
2259883,5
2259908,148
2259922,5
2259950,34
2259977,6
2260010,5
2260035,7
2260060,5
2260081,6
2260100,11
2260140,5
2260163,6
2260190,6
2260218,6
2260241,5
2260270,9
2260304,5098
2260326,6
2260359,6
2260382,5
2260411,5
2260440,31
2260466,6
2260484,5
2260516,6
2260544,18
2260571,24
2260596,8
2260619,19
2260647,9
2260671,7
2260697,6
2260730,5
2260752,6
2260777,5
2260805,5
2260836,5
2260864,23
2260891,215
2260918,6
2260942,8
2260970,22
2260996,5
2261022,6
2261053,16
2261076,5
2261101,96
2261123,7
2261157,5
2261176,7
2261194,45
2261226,5
2261239,9
2261263,5
2261287,24
2261312,15
2261335,8
2261361,8
2261387,5
2261413,25
2261442,8
2261471,6
2261500,5
2261526,11
2261554,21
2261576,5
2261602,5
2261626,6
2261658,11
2261697,6
2261728,6
2261752,7
2261778,8
2261798,21
2261821,35
2261850,11
2261873,18
2261903,7
2261925,13
2261951,5
2261975,52
2262003,9
2262036,7
2262054,20
2262072,5
2262090,8
2262122,5
2262149,10
2262169,7
2262192,7
2262215,6
2262240,170
2262263,5
2262290,6
2262311,8
2262330,8
2262359,5
2262396,5
2262428,10
2262450,8
2262474,13
2262495,5
2262513,5
2262534,30
2262559,173
2262589,15
2262617,10
2262645,5
2262675,130
2262698,11
2262714,12
2262741,21
2262778,154
2262810,6
2262852,9
2262871,5
2262893,32
2262922,33
2262943,22
2262958,5
2262984,8
2263011,6
2263040,11
2263070,6
2263092,44
2263110,36
2263136,11
2263161,26
2263185,7
2263212,5
2263235,15
2263268,6
2263296,13
2263315,15
2263341,50
2263365,38
2263395,5
2263424,7
2263450,7
2263466,5
2263503,26
2263528,1347
2263546,11
2263568,116
2263594,10
2263615,12
2263644,26
2263668,6
2263698,30
2263723,6
2263747,5
2263768,5
2263792,5
2263817,6
2263845,6
2263866,5
2263896,328
2263921,6
2263944,8
2263968,14
2263992,5
2264013,6
2264039,7
2264067,5
2264098,7
2264127,12
2264153,125
2264185,5
2264214,7
2264244,10
2264266,10
2264290,21
2264319,61
2264339,5
2264372,10
2264394,5
2264428,5
2264458,5
2264479,11
2264508,5
2264533,7
2264551,5
2264574,9
2264593,11
2264618,5
2264652,9
2264675,6
2264702,9
2264725,11
2264748,5
2264777,6
2264806,8
2264846,6
2264860,6
2264887,8
2264909,9
2264941,6
2264970,5
2264996,5
2265031,9
2265052,6
2265077,7
2265106,16
2265133,6
2265158,16
2265190,5
2265214,10
2265231,13
2265260,5
2265292,30
2265315,38
2265345,8
2265365,9
2265386,5
2265411,9
2265427,26
2265449,116
2265466,5
2265487,6
2265510,5
2265540,6
2265574,5
2265592,16
2265615,12
2265646,12
2265676,7
2265706,16
2265732,6
2265759,5
2265784,7
2265810,5
2265832,5
2265850,7
2265877,25
2265904,7
2265935,20
2265965,16
2265992,6
2266023,5
2266046,9
2266069,6
2266090,20
2266111,14
2266138,5
2266169,24
2266206,40
2266235,5
2266253,7
2266280,10
2266300,11
2266330,5
2266361,12
2266390,9
2266413,8
2266435,9
2266453,10
2266480,6
2266512,6
2266547,5
2266566,9
2266593,6
2266618,19
2266642,5
2266668,7
2266702,14
2266725,6
2266760,6
2266792,13
2266816,6
2266847,5
2266860,6
2266887,6
2266919,7
2266955,5
2266982,931
2267008,5
2267026,5
2267059,15
2267073,14
2267101,11
2267128,7
2267161,7
2267191,5
2267222,7
2267250,9
2267280,9
2267314,23
2267342,9
2267368,5
2267402,49
2267426,11
2267452,7
2267483,9
2267508,5
2267529,9
2267556,6
2267585,5
2267605,5
2267628,6
2267654,14
2267690,8
2267721,5
2267748,113
2267772,12
2267805,40
2267822,5
2267855,41
2267879,13
2267910,5
2267938,23
2267965,13
2267981,122
2268006,31
2268034,17
2268064,20
2268093,5
2268114,63
2268134,5
2268170,12
2268195,10
2268226,6
2268250,16
2268276,8
2268295,5
2268323,40
2268351,6
2268381,14
2268401,22
2268421,6
2268442,13
2268472,6
2268500,19
2268529,5
2268556,5
2268585,7
2268612,41
2268639,29
2268671,11
2268701,5
2268725,6
2268750,5
2268779,8
2268806,5
2268833,7
2268860,18
2268883,6
2268918,5
2268956,7
2268986,10
2269013,9
2269041,6
2269059,8
2269094,15
2269119,6
2269146,5
2269171,8
2269206,20
2269237,7
2269261,5
2269280,7
2269304,5
2269324,8
2269347,8
2269366,5
2269397,125
2269426,6
2269463,6
2269493,16
2269517,6
2269534,5
2269557,154
2269583,3290
2269603,11
2269631,5
2269656,5
2269679,7
2269707,5
2269722,5
2269756,8
2269785,21
2269806,6
2269835,9
2269862,7
2269895,195
2269923,5
2269959,17
2269987,7
2270004,5
2270030,6
2270059,11
2270077,225
2270096,11
2270124,5
2270148,20
2270167,11
2270193,8
2270220,7
2270245,5
2270272,57
2270303,13
2270326,7
2270353,5
2270386,7
2270405,5
2270435,5
2270462,6
2270489,7
2270511,5
2270532,15
2270549,11
2270570,13
2270597,14
2270623,126
2270649,30
2270682,19
2270710,13
2270737,8
2270767,7
2270789,8
2270815,41
2270849,8
2270890,5
2270907,8
2270936,5
2270959,5
2270977,6
2271003,5
2271034,6
2271057,6
2271082,5
2271088,6
2271110,5
2271130,365
2271162,7
2271195,38
2271216,5
2271247,5
2271272,6
2271290,8
2271318,5
2271346,6
2271374,51
2271400,18
2271425,5
2271458,24
2271486,8
2271520,5
2271538,5
2271568,5
2271595,29
2271626,7
2271653,10
2271680,24
2271710,65
2271738,6
2271770,6
2271791,6
2271818,23
2271840,6
2271863,5
2271885,71
2271906,97
2271930,7
2271956,9
2271982,36
2272005,10
2272036,7
2272061,6
2272086,8
2272110,10
2272139,5
2272170,5
2272191,8
2272216,8
2272248,7
2272269,20
2272293,5
2272327,5
2272347,8
2272380,6
2272403,5
2272430,11
2272449,5
2272481,46
2272497,8
2272521,7
2272557,5
2272591,26
2272618,16
2272639,5
2272668,36
2272695,5
2272717,8
2272742,10
2272762,5
2272785,7
2272813,5
2272829,49
2272850,7
2272881,6
2272912,31
2272935,7
2272975,5
2273002,14
2273036,7
2273056,5
2273074,7
2273097,6
2273125,6
2273164,7
2273184,7
2273214,5
2273245,7
2273263,21
2273283,9
2273303,31
2273325,6
2273351,10
2273380,7
2273416,7
2273438,6
2273461,21
2273478,13
2273503,6
2273529,7
2273556,5
2273590,5
2273606,10
2273634,17
2273663,5
2273694,34
2273721,20
2273743,8
2273768,6
2273789,8
2273816,6
2273839,7
2273862,23
2273889,10
2273925,5
2273951,10
2273974,5
2273996,58
2274022,15
2274048,13
2274073,77
2274107,10
2274132,9
2274167,5
2274199,11
2274219,5
2274249,6
2274283,5
2274304,6
2274324,6
2274354,6
2274379,5
2274394,18
2274418,5
2274449,5
2274472,5
2274500,25
2274533,24
2274546,10
2274577,7
2274591,10
2274619,46
2274648,11
2274676,11
2274691,7
2274714,5
2274736,8
2274765,151
2274788,56
2274816,5
2274841,13
2274865,9
2274891,5
2274918,11
2274945,6
2274966,5
2274987,13
2275012,8
2275045,8
2275076,5
2275102,6
2275132,10
2275155,5
2275187,49
2275212,34
2275226,13
2275253,6
2275286,5
2275316,10
2275340,49
2275360,11
2275387,11
2275409,18
2275428,5
2275454,6
2275486,13
2275512,6
2275531,5
2275557,8
2275579,15
2275607,5
2275629,6
2275659,10
2275692,6
2275721,16
2275752,6
2275776,100
2275799,10
2275821,8
2275843,11
2275865,10
2275894,16
2275917,6
2275943,7
2275968,10
2275997,5
2276020,279
2276047,33
2276076,8
2276105,5
2276122,6
2276143,135
2276163,7
2276193,6
2276213,6
2276250,8
2276279,11
2276300,6
2276338,5
2276366,10
2276386,8
2276417,5
2276447,9
2276476,65
2276501,5
2276534,30
2276557,18
2276581,7
2276618,6
2276645,20
2276674,5
2276698,10
2276721,13
2276755,12
2276774,11
2276807,14
2276829,6
2276854,5
2276883,6
2276909,12
2276934,8
2276957,16
2276979,5
2277003,23
2277036,6
2277053,5
2277077,6
2277103,10
2277127,87
2277158,8
2277175,5
2277199,20
2277227,8
2277261,32
2277281,5
2277310,10
2277333,7
2277355,10
2277373,31
2277404,5
2277424,24
2277450,6
2277478,14
2277500,6
2277522,14
2277553,355
2277583,9
2277610,8
2277645,9
2277673,10
2277700,5
2277731,6
2277756,5
2277780,71
2277801,5
2277834,11
2277860,9
2277888,8
2277912,9
2277944,9
2277968,12
2277995,5
2278017,7
2278040,13
2278065,5
2278105,8
2278130,8
2278153,12
2278179,5
2278203,169
2278229,19
2278260,12
2278283,20
2278315,6
2278348,24
2278369,10
2278395,7
2278417,16
2278442,5
2278462,6
2278481,9
2278513,136
2278536,6
2278562,17
2278588,9
2278611,5
2278637,5
2278667,41
2278692,28
2278719,5
2278736,5
2278764,5
2278795,7
2278819,7
2278849,7
2278883,114
2278906,5
2278934,6
2278951,8
2278978,16
2279000,7
2279027,7
2279058,20
2279077,5
2279100,6
2279126,32
2279148,63
2279179,9
2279197,25
2279237,9
2279263,86
2279281,5
2279307,5
2279330,11
2279356,17
2279384,7
2279407,16
2279426,6
2279447,11
2279470,7
2279498,6
2279514,5
2279539,10
2279562,11
2279592,6
2279604,5
2279625,7
2279650,5
2279679,26
2279707,5
2279727,7
2279752,6
2279789,11
2279824,5
2279841,7
2279869,10
2279894,7
2279916,12
2279937,15
2279961,8
2279999,5
2280023,7
2280045,10
2280069,13
2280093,11
2280120,66
2280144,14
2280171,5
2280198,13
2280226,13
2280247,5
2280278,5
2280312,7
2280344,15
2280361,17
2280389,7
2280410,5
2280429,9
2280458,49
2280487,5
2280513,5
2280540,10
2280570,11
2280596,6
2280619,13
2280644,11
2280671,277
2280690,15
2280717,12
2280741,8
2280769,7
2280800,7
2280813,6
2280837,179
2280865,8
2280896,13
2280933,17
2280964,10
2280988,10
2281013,5
2281041,6
2281057,16
2281081,54
2281109,9
2281135,919
2281161,9
2281192,5
2281222,189
2281248,7
2281273,21
2281292,6
2281314,8
2281350,10
2281380,38
2281402,21
2281427,313
2281450,140
2281477,5
2281500,9
2281520,5
2281547,6
2281566,7
2281588,6
2281613,25
2281643,17
2281668,7
2281703,5
2281735,36
2281763,22
2281788,11
2281805,99
2281839,6
2281867,5
2281896,19
2281929,20
2281956,23
2281982,6
2282004,6
2282031,5
2282061,7
2282083,5
2282102,14
2282132,6
2282158,7
2282178,122
2282205,7
2282227,11
2282245,7
2282271,9
2282302,9
2282327,5
2282354,248
2282379,33
2282410,5
2282431,6
2282455,6
2282476,9
2282503,5
2282526,6
2282547,6
2282574,5
2282607,176
2282632,7
2282663,11
2282679,9
2282712,5
2282731,5
2282758,25
2282795,5
2282828,52
2282852,12
2282878,5
2282904,6
2282930,5
2282945,14
2282979,8
2282998,6
2283023,7
2283051,16
2283084,47
2283112,5
2283151,6
2283177,10
2283210,7
2283225,12
2283257,10
2283286,23
2283306,6
2283322,10
2283342,60
2283363,50
2283383,53
2283409,9
2283440,22
2283474,19
2283501,13
2283518,7
2283537,5
2283566,8
2283592,5
2283615,8
2283639,6
2283659,5
2283684,14
2283713,7
2283742,5
2283760,16
2283783,5
2283815,10
2283852,5
2283878,20
2283901,5
2283921,17
2283940,5
2283964,13
2283988,20
2284008,5
2284029,6
2284049,6
2284069,5
2284099,9
2284126,5
2284154,26
2284181,14
2284207,2155
2284235,6
2284259,12
2284289,16
2284327,641
2284355,16
2284378,5
2284401,28
2284422,10
2284447,5
2284474,23
2284509,5
2284529,25
2284556,8
2284587,16
2284611,8
2284639,9
2284672,8
2284689,6
2284712,8
2284738,7
2284764,8
2284784,5
2284804,20
2284832,8
2284855,61
2284871,13
2284895,6
2284925,7
2284948,5
2284969,16
2284998,7
2285033,16
2285061,9
2285085,28
2285114,5
2285142,9
2285164,8
2285195,25
2285220,5
2285244,5
2285275,5
2285299,15
2285319,6
2285354,9
2285381,12
2285413,29
2285437,64
2285458,27
2285477,25
2285499,7
2285522,8
2285549,6
2285579,5
2285606,597
2285635,10
2285660,5
2285690,6
2285711,11
2285744,7
2285769,6
2285794,5
2285819,10
2285838,10
2285857,23
2285879,9
2285908,6
2285936,5
2285964,19
2285988,5
2286000,8
2286026,9
2286059,5
2286090,9
2286111,5
2286139,13
2286165,7
2286185,6
2286212,5
2286238,8
2286269,5
2286299,130
2286324,6
2286347,5
2286373,5
2286397,8
2286418,20
2286446,8
2286475,5
2286503,6
2286536,7
2286559,9
2286577,6
2286596,149
2286618,7
2286652,6
2286676,7
2286693,5
2286721,5
2286742,23
2286766,14
2286791,9
2286818,10
2286844,5
2286873,24
2286897,26
2286931,6
2286967,6
2286988,7
2287009,6
2287035,5
2287061,6
2287087,5
2287114,22
2287138,14
2287166,8
2287186,5
2287213,8
2287245,65
2287266,11
2287288,42
2287310,7
2287331,5
2287357,5
2287384,980
2287415,5
2287441,5
2287468,7
2287490,254
2287514,8
2287546,75
2287570,7
2287594,15
2287619,26
2287639,8
2287657,7
2287683,5
2287703,9
2287719,13
2287747,13
2287772,5
2287795,6
2287812,5
2287841,9
2287870,9
2287901,5
2287920,63
2287948,10
2287973,5
2287991,12
2288019,5
2288045,6
2288077,10
2288098,14
2288129,5
2288158,33
2288181,5
2288201,5
2288239,6
2288265,8
2288303,6
2288326,290
2288353,20
2288376,9
2288401,32
2288420,105
2288446,17
2288470,5
2288502,31
2288535,6
2288562,9
2288587,6
2288621,5
2288639,5
2288661,87
2288690,5
2288719,5
2288747,6
2288774,19
2288796,67
2288814,6
2288834,21
2288865,9
2288890,5
2288919,9
2288941,8
2288967,11
2288993,5
2289018,5
2289051,5
2289079,5
2289100,7
2289126,6
2289152,11
2289178,16
2289204,8
2289229,5
2289255,203
2289278,65
2289305,5
2289334,44
2289357,8
2289387,47
2289417,27
2289449,5
2289469,6
2289495,5
2289531,54
2289558,39
2289584,6
2289610,8
2289641,6
2289674,6
2289697,6
2289721,12
2289744,9
2289771,10
2289794,5
2289823,8
2289840,139
2289865,6
2289901,5
2289930,5
2289955,28
2289976,6
2290011,9
2290035,7
2290062,7
2290086,8
2290111,5
2290139,7
2290163,5
2290186,21
2290213,10
2290241,9
2290264,14
2290290,7
2290307,12
2290329,5
2290362,7
2290389,7
2290410,12
2290426,32
2290453,5
2290472,6
2290499,5
2290531,15
2290562,21
2290593,5
2290626,10
2290647,9
2290666,28
2290697,106
2290716,7
2290738,12
2290751,7
2290771,8
2290798,6
2290826,33
2290844,5
2290876,6
2290908,5
2290929,7
2290966,5
2290994,18
2291023,92
2291049,6
2291075,5
2291106,5
2291133,16
2291160,7
2291181,8
2291206,7
2291232,6
2291259,26
2291287,12
2291311,6
2291330,6
2291347,5
2291370,8
2291392,17
2291423,6
2291455,8
2291486,12
2291505,9
2291518,31
2291544,6
2291575,9
2291595,5
2291622,5
2291659,22
2291688,5
2291711,6
2291731,5
2291754,22
2291780,20
2291810,10
2291839,15
2291881,8
2291899,5
2291924,45
2291945,7
2291973,69
2291997,5
2292020,8
2292043,5
2292069,7
2292099,6
2292122,5
2292148,8
2292177,19
2292194,7
2292230,22
2292253,29
2292290,9
2292310,5
2292340,6
2292360,19
2292391,6
2292411,5
2292438,6
2292468,6
2292494,7
2292519,19
2292539,5
2292564,22
2292584,19
2292611,10
2292630,6
2292665,5
2292691,7
2292703,12
2292720,15
2292745,22
2292768,7
2292804,18
2292825,5
2292855,16
2292874,5
2292900,10
2292924,30
2292947,6
2292970,32
2292994,6
2293020,10
2293060,5
2293091,5
2293117,15
2293137,152
2293159,8
2293190,6
2293213,6
2293236,10
2293258,8
2293284,14
2293309,8
2293332,6
2293352,5
2293379,8
2293400,33
2293424,8
2293451,11
2293471,15
2293497,6
2293526,19
2293559,6
2293592,5
2293616,10
2293640,6
2293669,20
2293692,7
2293708,12
2293735,6
2293758,5
2293793,314
2293817,10
2293842,12
2293871,5
2293899,5
2293927,203
2293954,5
2293976,8
2293994,8
2294031,15
2294057,6
2294084,10
2294112,6
2294147,9
2294180,5
2294201,25
2294232,11
2294259,36
2294283,13
2294313,390
2294335,6
2294366,6
2294388,5
2294420,5
2294450,17
2294479,10
2294506,6
2294528,30
2294548,36
2294571,7
2294594,15
2294613,10
2294639,5
2294655,6
2294678,5
2294708,6
2294732,11
2294763,12
2294784,8
2294812,5
2294842,6
2294868,11
2294892,43
2294926,8
2294957,11
2294992,7
2295020,8
2295045,6
2295074,7
2295097,5
2295120,5
2295132,9
2295162,43
2295183,12
2295212,69
2295244,11
2295268,5
2295289,6
2295322,5
2295352,13
2295384,5
2295418,8
2295450,6
2295474,6
2295499,8
2295531,34
2295551,24
2295580,12
2295610,5
2295639,15
2295672,16
2295697,7
2295728,10
2295762,6
2295785,14
2295820,12
2295848,6
2295868,7
2295899,12
2295920,6
2295939,8
2295966,7
2295992,6
2296011,24
2296041,5
2296075,6
2296104,12
2296126,8
2296151,9
2296178,5
2296200,5
2296232,16
2296260,30
2296282,8
2296312,5
2296337,24
2296369,12
2296388,5
2296417,9
2296454,16
2296486,5
2296517,18
2296541,36
2296561,10
2296597,109
2296620,12
2296642,10
2296678,6
2296707,5
2296733,20
2296755,6
2296784,29
2296816,7
2296840,7
2296870,6
2296897,26
2296925,7
2296961,106
2296997,8
2297025,9
2297051,7
2297070,43
2297092,8
2297127,40
2297154,20
2297183,31
2297206,13
2297237,7
2297271,6
2297291,5
2297314,12
2297336,9
2297356,6
2297380,7
2297407,7
2297441,9
2297459,7
2297493,7
2297521,24
2297553,6
2297583,7
2297617,8
2297648,14
2297673,23
2297692,64
2297720,9
2297743,5
2297775,5
2297802,8
2297827,5
2297854,8
2297882,6
2297901,45
2297930,5
2297959,8
2297978,5
2298000,5
2298022,10
2298046,6
2298084,24
2298115,7
2298143,6
2298171,7
2298204,8
2298232,35
2298265,25
2298300,25
2298326,6
2298342,5
2298367,21
2298394,6
2298409,44
2298430,159
2298455,25
2298477,14
2298496,55
2298518,34
2298547,5
2298569,18
2298589,32
2298620,5
2298647,5
2298676,8
2298699,5
2298716,9
2298734,10
2298764,13
2298785,8
2298814,38
2298842,9
2298873,5
2298892,7
2298926,41
2298948,11
2298973,5
2299004,17
2299026,5
2299042,10
2299075,7
2299100,5
2299126,8
2299155,8
2299184,6
2299209,5
2299233,7
2299256,19
2299280,5
2299301,6
2299333,7
2299358,8
2299384,5
2299408,6
2299433,52
2299462,5
2299488,5
2299511,10
2299529,14
2299547,16
2299575,8
2299607,8
2299630,5
2299654,9
2299679,11
2299704,5
2299725,9
2299747,17
2299766,34
2299796,43
2299825,9
2299864,5
2299886,6
2299907,5
2299933,5
2299956,5
2299979,6
2300000,16
2300019,6
2300042,9
2300066,13
2300090,48
2300114,17
2300134,5
2300155,19
2300181,34
2300210,14
2300236,6
2300259,6
2300282,5
2300317,7
2300348,7
2300375,8
2300394,9
2300417,5
2300449,7
2300483,9
2300508,13
2300538,5
2300564,20
2300595,5
2300630,5
2300657,5
2300673,6
2300708,6
2300737,19
2300759,27
2300777,13
2300801,8
2300824,315
2300855,18
2300876,10
2300903,8
2300931,5
2300957,32
2300990,7
2301011,8
2301030,14
2301060,14
2301078,5
2301098,7
2301122,5
2301141,8
2301167,6
2301196,32
2301224,100
2301253,146
2301275,6
2301298,7
2301323,15
2301357,6
2301382,6
2301407,8
2301429,7
2301453,10
2301486,10
2301511,6
2301544,93
2301570,5
2301610,15
2301633,8
2301655,5
2301684,5
2301712,5
2301739,6
2301765,7
2301788,11
2301813,7
2301835,30
2301859,15
2301878,11
2301910,39
2301935,8
2301961,17
2301989,17
2302015,6
2302044,161
2302069,17
2302087,48
2302111,7
2302138,5
2302161,6
2302190,6
2302219,20
2302246,5
2302271,6
2302289,22
2302313,5
2302334,9
2302358,24
2302384,7
2302411,117
2302436,34
2302460,6
2302482,24
2302505,14
2302526,8
2302554,9
2302577,7
2302608,10
2302640,5
2302667,7
2302686,12
2302713,8
2302734,7
2302766,6
2302796,11
2302825,14
2302859,5
2302886,5
2302912,7
2302936,5
2302964,18
2302989,5
2303019,98
2303045,13
2303080,6
2303103,16
2303127,6
2303148,7
2303172,6
2303198,9
2303224,23
2303253,6
2303283,28
2303306,23
2303338,5
2303372,5
2303394,7
2303418,13
2303446,5
2303477,16
2303500,24
2303530,8
2303560,53
2303585,5
2303611,7
2303638,5
2303673,5
2303706,8
2303728,16
2303746,5
2303769,5
2303795,7
2303834,10
2303853,6
2303876,20
2303898,5
2303925,14
2303950,23
2303979,6
2304003,9
2304033,10
2304067,7
2304092,9
2304123,9
2304148,7
2304176,10
2304213,5
2304246,5
2304272,8
2304293,5
2304318,9
2304349,7
2304371,5
2304390,6
2304414,5
2304440,106
2304456,7
2304481,5
2304509,20
2304546,13
2304572,7
2304595,16
2304622,92
2304649,16
2304672,19
2304693,43
2304722,6
2304750,6
2304775,5
2304798,10
2304818,13
2304851,12
2304880,33
2304897,8
2304927,6
2304953,13
2304989,10
2305016,17
2305042,5
2305070,5
2305100,5
2305129,6
2305157,5
2305192,20947
2305223,15
2305252,15
2305277,5
2305297,5
2305318,5
2305345,12
2305369,103
2305390,7
2305415,42
2305447,9
2305472,5
2305500,7
2305522,30
2305550,8
2305574,25
2305608,5
2305636,10
2305662,5
2305688,5
2305716,7
2305742,7
2305771,5
2305805,5
2305831,7
2305854,5
2305879,14
2305904,9
2305934,5
2305964,80
2305988,11
2306017,5
2306047,6
2306067,5
2306097,12
2306122,30
2306151,11
2306180,6
2306219,6
2306245,6
2306268,6
2306298,8
2306326,5
2306349,1541
2306379,5
2306409,50
2306429,23
2306466,5
2306486,9
2306505,12
2306532,11
2306563,20
2306587,5
2306609,10
2306637,5
2306659,5
2306680,5
2306706,6
2306731,152
2306760,8
2306788,7
2306818,7
2306844,18
2306870,877
2306886,35
2306917,10
2306945,10
2306976,5
2307002,10
2307025,39
2307058,5
2307075,8
2307106,24
2307141,12
2307167,7
2307195,11
2307219,56
2307241,12
2307277,7
2307303,13
2307324,7
2307351,14
2307373,28
2307390,8
2307411,14
2307434,96
2307458,5
2307486,13
2307507,6
2307533,13
2307554,8
2307575,15
2307600,5
2307630,43
2307656,13
2307685,16
2307715,5
2307744,16
2307767,5
2307801,5
2307822,14
2307848,8
2307873,7
2307899,5
2307924,5
2307954,6
2307982,8
2308010,5
2308037,5
2308062,5
2308083,13
2308111,9
2308133,73
2308161,9
2308180,19
2308200,5
2308239,11
2308263,24
2308296,168
2308328,10
2308359,10
2308387,13
2308407,8
2308441,7
2308472,5
2308499,6
2308530,15
2308554,15
2308580,7
2308607,5
2308631,7
2308659,6
2308677,5
2308695,7
2308731,6
2308756,13
2308780,5
2308804,10
2308841,10
2308863,47
2308885,6
2308912,9
2308938,8
2308960,9
2308990,5
2309026,9
2309051,15
2309076,103
2309112,6
2309131,8
2309156,10
2309176,10
2309205,5
2309225,20
2309246,6
2309286,6
2309301,9
2309335,8
2309356,7
2309382,5
2309401,8
2309425,93
2309452,7
2309477,12
2309511,7
2309541,8
2309568,6
2309597,5
2309626,5
2309651,11
2309674,7
2309699,8
2309726,15
2309760,6
2309793,5
2309818,5
2309845,14
2309862,5
2309886,7
2309908,7
2309933,6
2309964,34
2309994,26
2310020,22
2310042,15
2310067,5
2310094,5
2310122,15
2310150,6
2310183,25
2310210,5
2310235,7
2310261,13
2310285,11
2310310,23
2310340,169
2310363,24
2310393,1139
2310417,14
2310442,13
2310468,7
2310495,6
2310519,6
2310536,18
2310562,7
2310582,7
2310605,6
2310630,8
2310659,6
2310679,9
2310706,11
2310733,5
2310753,8
2310785,5
2310809,19
2310833,12
2310852,5
2310889,5
2310912,6
2310936,7
2310969,7
2310998,39
2311022,36
2311055,6
2311077,9
2311112,17
2311140,7
2311162,6
2311184,8
2311212,7
2311236,5
2311262,6
2311285,12
2311320,8
2311347,5
2311376,9
2311400,5
2311426,6
2311453,7
2311477,13
2311506,15
2311527,7
2311546,5
2311571,16
2311595,5
2311616,5
2311643,8
2311661,42
2311690,5
2311727,71
2311756,5
2311788,10
2311810,9
2311836,7
2311860,6
2311879,5
2311900,8
2311917,5
2311940,11
2311972,9
2311997,8
2312021,5
2312043,8
2312076,19
2312105,9
2312132,21
2312156,5
2312186,5
2312213,17
2312236,10
2312264,10
2312289,67
2312315,5
2312341,28
2312369,22
2312388,5
2312423,9
2312443,23
2312467,5
2312497,7
2312522,9
2312541,5
2312570,8
2312591,1110
2312612,6
2312639,5
2312660,33
2312689,5
2312717,6
2312735,5
2312759,40
2312780,7
2312808,27
2312834,6
2312863,5
2312890,6
2312904,5
2312934,31
2312961,7
2312990,5
2313011,10
2313040,8
2313069,36
2313091,12
2313115,5
2313131,5
2313155,24
2313182,57
2313199,7
2313218,5
2313251,5
2313276,6
2313303,5
2313335,9
2313359,7
2313386,5
2313414,6
2313442,10
2313475,8
2313493,5
2313520,9
2313544,13
2313571,5
2313599,5
2313618,5
2313642,5
2313661,5
2313684,5
2313708,7
2313735,5
2313764,13
2313788,7
2313811,5
2313836,19
2313862,6
2313889,6
2313919,10
2313941,14
2313983,5
2314004,14
2314025,5
2314046,17
2314067,5
2314097,5
2314124,69
2314157,12
2314185,5
2314216,5
2314247,21
2314276,5
2314304,28
2314336,5
2314358,12
2314381,7
2314400,5
2314423,21
2314446,6
2314471,6
2314493,5
2314519,15
2314556,37
2314571,7
2314599,6
2314626,15
2314646,6
2314675,5
2314700,12
2314732,11
2314752,6
2314771,47
2314793,10
2314813,7
2314836,5
2314860,5
2314884,6
2314904,9
2314926,25
2314956,39
2314989,26
2315014,12
2315043,83
2315073,5
2315095,6
2315122,15
2315142,13
2315166,13
2315197,5
2315216,6
2315247,22
2315267,10
2315295,31
2315318,8
2315341,6
2315367,11
2315400,11
2315416,5
2315443,6
2315469,5
2315494,6
2315519,8
2315541,5
2315565,5
2315603,6
2315624,9
2315646,45
2315678,36
2315711,5
2315738,5
2315763,31
2315782,15
2315807,6
2315826,12
2315843,9
2315876,5
2315906,63
2315932,10
2315958,6
2315977,6
2316003,6
2316031,5
2316058,9
2316086,18
2316110,16
2316136,19
2316160,8
2316189,13
2316218,8
2316249,8
2316274,15
2316294,11
2316323,9
2316342,5
2316382,7
2316413,13
2316440,8
2316463,22
2316491,12
2316518,6
2316541,31
2316566,331
2316585,11
2316608,5
2316630,7
2316655,6
2316679,10
2316711,5
2316742,10
2316766,5
2316807,12
2316832,5
2316867,11
2316888,12
2316922,11
2316949,7
2316974,8
2317006,5
2317032,6
2317063,6
2317097,5
2317132,6
2317154,8
2317190,21
2317213,7
2317234,5
2317256,9
2317277,8
2317313,5
2317334,6
2317375,9
2317402,9
2317430,5
2317449,9
2317469,14
2317489,7
2317513,18
2317540,9
2317574,8
2317603,8
2317635,29
2317649,19
2317677,7
2317715,70
2317736,8
2317761,15
2317790,5
2317812,10
2317839,6
2317860,5
2317882,10
2317908,7
2317939,9
2317967,15
2317995,12
2318014,7
2318037,25
2318060,66
2318087,5
2318115,5
2318143,6
2318168,8
2318195,9
2318224,8
2318248,30
2318268,18
2318292,7
2318321,6
2318348,7
2318369,11
2318389,8
2318413,7
2318432,72
2318456,10
2318484,6
2318506,7
2318526,10
2318549,6
2318583,31
2318608,6
2318633,18
2318661,10
2318689,6
2318711,6
2318739,11
2318766,6
2318786,32
2318812,11
2318834,34
2318859,5
2318873,7
2318900,31
2318918,5
2318941,8
2318964,11
2318993,9
2319031,36
2319060,5
2319091,5
2319118,7
2319142,6
2319174,7
2319202,16
2319223,8
2319248,77
2319268,7
2319292,8
2319314,7
2319334,13
2319362,13
2319393,6
2319412,5
2319438,6
2319473,6
2319500,8
2319529,6
2319556,12
2319580,5
2319605,5
2319635,6
2319660,5
2319693,5
2319726,29
2319753,6
2319772,14
2319794,7
2319827,16
2319851,6
2319878,12
2319898,5
2319924,13
2319955,5
2319983,5
2320011,18
2320038,33
2320071,5
2320098,5
2320121,5
2320152,28
2320179,5
2320195,10
2320225,18
2320254,5
2320283,5
2320310,9
2320339,5
2320360,30
2320381,6
2320416,7
2320441,5
2320464,24
2320482,1360
2320504,18
2320532,5
2320557,25
2320583,9
2320620,10
2320653,18
2320683,8
2320707,22
2320731,6
2320753,29
2320779,7
2320798,75
2320824,5
2320845,8
2320880,6
2320903,6
2320927,6
2320952,66
2320975,11
2321003,5
2321041,30
2321067,10
2321083,5
2321107,70
2321134,26
2321161,7
2321186,10
2321215,87
2321245,10
2321276,6
2321299,12
2321327,89
2321354,20
2321389,6
2321412,11
2321449,57
2321474,9
2321500,8
2321517,10
2321531,7
2321551,38
2321567,6
2321599,5
2321631,15
2321662,8
2321686,7
2321719,20
2321744,8
2321771,16
2321792,5
2321815,5
2321851,44
2321875,63
2321903,7
2321938,5
2321963,16
2321992,5
2322014,12
2322043,5
2322069,5
2322089,6
2322117,6
2322146,5
2322177,12
2322206,6
2322229,6
2322250,7
2322271,8
2322301,8
2322316,36
2322343,5
2322372,29
2322393,10
2322422,5
2322444,12
2322472,11
2322492,5
2322516,97
2322550,6
2322571,6
2322606,5
2322629,9
2322654,8
2322674,6
2322697,33
2322729,14
2322750,6
2322780,16
2322806,7
2322829,28
2322858,8
2322878,7
2322901,6
2322939,8
2322966,6
2322987,5
2323005,6
2323039,145
2323065,5
2323092,8
2323108,11
2323140,10
2323167,5
2323193,116
2323223,11
2323252,17
2323276,7
2323297,5
2323335,93
2323370,8
2323399,9
2323420,6
2323438,24
2323471,6
2323507,17
2323537,7
2323571,7
2323599,17
2323626,10
2323644,5
2323672,13
2323703,7
2323732,16
2323767,14
2323793,44
2323823,7
2323850,7
2323881,6
2323897,10
2323921,6
2323945,95
2323965,8
2323990,8
2324017,6
2324041,6
2324071,11
2324101,10
2324128,13
2324156,7
2324174,14
2324195,10
2324219,17
2324243,5
2324261,17
2324289,18
2324315,283
2324337,18
2324356,10
2324391,28
2324430,9
2324465,21
2324497,13
2324521,24
2324547,72
2324568,5
2324595,6
2324615,5
2324641,5
2324666,5
2324693,6
2324716,5
2324741,6
2324761,5
2324788,13
2324820,5
2324842,5
2324866,5
2324887,5
2324913,9
2324941,8
2324968,10
2324993,7
2325017,9
2325042,6
2325068,38
2325092,7
2325117,12
2325145,6
2325175,7
2325196,6
2325224,14
2325250,15
2325268,12
2325300,26
2325334,5
2325373,15
2325401,7
2325427,5
2325449,5
2325477,5
2325496,10
2325525,7
2325546,5
2325578,5
2325609,22
2325630,7
2325657,31
2325682,15
2325713,6
2325738,6
2325771,24
2325789,6
2325814,5
2325844,5
2325868,26
2325900,8
2325922,8
2325943,7
2325966,9
2325993,5
2326012,5
2326037,5
2326067,111
2326097,34
2326120,114
2326155,6
2326177,5
2326201,15
2326235,5
2326260,5
2326278,6
2326312,7
2326332,26
2326358,9
2326374,7
2326406,15
2326428,21
2326452,16
2326478,6
2326497,5
2326520,6
2326551,16
2326575,7
2326604,5
2326628,12
2326652,38
2326678,6
2326709,6
2326730,7
2326753,15
2326783,64
2326818,7
2326853,24
2326883,7
2326914,149
2326940,11
2326959,5
2326979,10
2327010,7
2327036,6
2327065,31
2327103,37
2327128,5
2327150,98
2327175,6
2327206,7
2327222,6
2327252,8
2327280,10
2327308,8
2327332,10
2327360,6
2327383,10
2327411,18
2327442,6
2327465,5
2327491,11
2327513,38
2327540,6
2327570,5
2327587,9
2327616,50
2327632,8
2327658,8
2327686,35
2327703,7
2327727,5
2327756,54
2327782,32
2327809,9
2327829,31
2327857,5
2327882,22
2327905,8
2327929,33
2327962,7
2327988,6
2328016,14
2328047,6
2328073,22
2328093,7
2328120,6
2328150,29
2328178,5
2328208,5
2328233,5
2328258,9
2328286,11
2328310,5
2328331,740
2328352,7
2328383,8
2328408,13
2328440,9
2328470,5
2328496,18
2328514,6
2328533,96
2328562,653
2328594,6
2328623,14
2328642,9
2328667,5
2328699,10
2328730,5
2328756,7
2328782,6
2328808,5
2328839,7
2328860,74
2328898,12
2328920,9
2328945,6
2328965,5
2328998,12
2329033,7
2329055,64
2329086,7
2329120,5
2329145,10
2329181,10
2329201,9
2329219,6
2329245,9
2329260,7
2329285,14
2329319,6
2329351,5
2329380,7
2329412,12
2329439,10
2329464,33
2329496,913
2329521,8
2329558,41
2329586,16
2329603,14
2329634,43
2329666,27
2329692,25
2329717,5
2329750,8
2329777,5
2329800,5
2329826,6
2329851,5
2329883,5
2329902,5
2329925,5
2329954,14
2329981,163
2330007,12
2330031,7
2330050,33
2330076,5
2330101,23
2330130,13
2330163,15
2330192,13
2330213,5
2330242,6
2330278,25
2330297,15
2330317,12
2330349,7
2330368,5
2330391,17
2330417,5
2330449,6
2330474,6
2330503,6
2330532,9
2330551,6
2330570,5
2330599,5
2330623,32
2330651,17
2330678,24
2330714,17
2330739,15
2330761,15
2330775,6
2330803,11
2330843,12
2330868,10
2330890,10
2330917,5
2330952,6
2330986,19
2331004,7
2331033,22
2331062,6
2331084,30
2331113,32
2331135,5
2331158,5
2331182,5
2331204,5
2331223,14
2331250,5
2331278,9
2331301,5
2331328,10
2331345,5
2331372,10
2331411,5
2331439,6
2331472,5
2331500,7
2331528,5
2331563,6
2331594,9
2331610,10
2331635,87
2331661,12
2331694,8
2331725,80
2331743,6
2331765,24
2331793,5
2331823,6
2331857,8
2331880,5
2331903,5
2331933,36
2331956,17
2331987,10
2332016,15
2332033,7
2332065,5
2332099,9
2332130,22
2332161,6
2332187,5
2332209,6
2332239,5
2332262,5
2332291,25
2332323,5
2332353,10
2332381,7
2332413,8
2332446,14
2332465,8
2332493,9
2332516,6
2332546,22
2332568,132
2332596,6
2332617,20
2332649,9
2332676,5
2332713,7
2332741,6
2332769,5
2332794,87
2332819,9
2332847,6
2332869,15
2332895,25
2332930,5
2332955,8
2332982,12
2333009,9
2333042,13
2333078,47
2333106,24
2333144,11
2333165,5
2333189,21
2333208,7
2333240,8
2333266,54
2333286,994
2333320,66
2333341,6
2333369,6
2333390,51
2333412,8
2333436,7
2333464,5
2333499,19
2333529,5
2333558,12
2333581,7
2333598,5
2333623,7
2333655,10
2333678,44
2333709,5
2333730,5
2333760,12
2333792,6
2333819,14
2333844,5
2333864,15
2333892,90
2333911,8
2333935,16
2333969,5
2334005,6
2334025,9
2334050,10
2334075,5
2334109,5
2334133,10
2334159,5
2334185,10
2334204,10
2334220,14
2334245,9
2334264,85
2334289,5
2334312,13
2334339,8
2334367,5
2334398,5
2334415,5
2334447,9
2334478,17
2334508,7
2334543,8
2334568,9
2334595,5
2334626,20
2334655,14
2334672,8
2334695,5
2334725,6
2334760,23
2334792,6
2334821,10
2334847,17
2334866,32
2334886,112
2334910,14
2334945,22
2334981,9
2335009,51
2335027,16
2335055,220
2335079,489
2335105,16
2335135,6
2335162,29
2335182,8
2335212,5
2335239,42
2335265,8
2335287,41
2335309,6
2335338,6
2335361,5
2335392,5
2335425,5
2335444,25
2335464,8
2335480,18
2335506,11
2335532,12
2335560,5
2335592,10
2335617,5
2335652,7
2335678,5
2335705,6
2335730,23
2335755,25
2335777,11
2335802,9
2335836,7
2335859,26
2335890,7
2335922,7
2335945,6
2335973,7
2335990,5
2336019,5
2336042,5
2336069,5
2336104,8
2336123,25
2336152,5
2336173,6
2336202,5
2336231,7
2336261,252
2336284,5
2336304,8
2336329,8
2336359,18
2336377,33
2336397,6
2336420,6
2336436,6
2336456,27
2336474,6
2336506,112
2336530,6
2336557,45
2336578,5
2336614,9
2336630,9
2336658,5
2336684,7
2336707,11
2336736,9
2336766,8
2336790,41
2336817,16
2336839,9
2336865,5
2336885,22
2336910,21
2336928,9
2336959,9
2336989,5
2337008,7
2337039,27
2337058,5
2337084,5
2337101,5
2337124,5
2337152,7
2337173,22
2337188,7
2337212,14
2337222,7
2337250,6
2337278,90
2337300,10
2337338,16
2337370,9
2337402,6
2337425,29
2337442,7
2337466,9
2337493,6
2337520,7
2337543,5
2337570,6
2337599,13
2337619,7
2337645,11
2337669,6
2337698,7
2337725,5
2337753,5
2337781,8
2337812,27
2337843,7
2337871,6
2337897,7
2337921,27
2337945,5
2337975,1171
2338005,5
2338041,12
2338062,7
2338089,6
2338111,196
2338139,5
2338164,5
2338190,10
2338207,300
2338242,8
2338263,8
2338294,12
2338329,17
2338358,12
2338383,296
2338411,10
2338432,42
2338452,5
2338480,5
2338511,7
2338534,5
2338556,9
2338576,6
2338600,6
2338624,6
2338652,14
2338686,5
2338715,5
2338740,9
2338770,8
2338790,9
2338815,7
2338841,7
2338864,8
2338894,8
2338921,8
2338953,25
2338970,8
2338997,5
2339033,6
2339060,5
2339087,6
2339113,7
2339136,13
2339166,15
2339196,56
2339215,43
2339250,8
2339278,7
2339304,6
2339327,8
2339352,7
2339377,5
2339399,7
2339427,6
2339452,7
2339484,6
2339508,5
2339547,5
2339570,9
2339595,15
2339631,5
2339662,9
2339679,12
2339702,18
2339728,18
2339746,23
2339774,22
2339794,6
2339827,8
2339850,5
2339874,7
2339895,5
2339921,8
2339945,8
2339968,18
2339991,63
2340018,5
2340047,16
2340068,9
2340093,13
2340115,7
2340136,5
2340172,5
2340200,34
2340216,6
2340240,5
2340274,14
2340298,13
2340327,13
2340356,5
2340383,10
2340404,54
2340438,10
2340468,8
2340489,50
2340507,36
2340540,16
2340574,7
2340598,8
2340618,14
2340648,5
2340670,115
2340694,9
2340722,5
2340748,10
2340778,6
2340798,14
2340822,12
2340844,6
2340871,5
2340897,5
2340918,10
2340939,16
2340955,9
2340985,10
2341007,8
2341030,21
2341052,12
2341080,5
2341108,9
2341140,12
2341163,23
2341196,5
2341217,6
2341248,5
2341268,22
2341287,60
2341309,9
2341333,6
2341357,6
2341377,6
2341410,5
2341439,7
2341463,5
2341488,11
2341515,19
2341537,22
2341561,8
2341580,5
2341607,14
2341633,38
2341664,6
2341689,13
2341714,7
2341743,34
2341764,27
2341789,6
2341814,223
2341852,12
2341876,5
2341903,8
2341928,7
2341960,25
2341982,5
2342009,5
2342037,7
2342057,6
2342077,6
2342099,15
2342118,5
2342152,6
2342175,7
2342200,6
2342221,11
2342253,6
2342287,16
2342310,6
2342337,19
2342362,10
2342390,6
2342414,6
2342438,5
2342473,12
2342499,42
2342529,5
2342554,6
2342582,10
2342613,5
2342634,5
2342659,6
2342686,8
2342713,18
2342739,5
2342764,7
2342779,99
2342803,13
2342828,6
2342854,13
2342880,6
2342899,5
2342928,5
2342955,7
2342983,5
2343015,5
2343038,7
2343055,6
2343082,6
2343107,11
2343128,43
2343146,8
2343169,9
2343193,8
2343216,15
2343244,33
2343274,20
2343298,7
2343323,5
2343358,10
2343388,5
2343408,5
2343430,23
2343458,6
2343498,20
2343524,6
2343551,6
2343583,10
2343609,8
2343637,12
2343669,7
2343710,12
2343735,115
2343758,8
2343787,6
2343817,22
2343840,36
2343871,105
2343892,7
2343915,6
2343948,16
2343966,243
2343985,12
2344014,6
2344034,7
2344060,5
2344089,6
2344110,6
2344135,43
2344157,44
2344191,17
2344211,5
2344247,6
2344274,6
2344299,7
2344322,7
2344349,5
2344375,5
2344395,8
2344419,23
2344458,5
2344485,24
2344502,8
2344533,8
2344550,96
2344568,8
2344595,48
2344613,7
2344638,7
2344677,5
2344700,16
2344726,7
2344757,5
2344778,12
2344808,5
2344838,18
2344861,5
2344891,14
2344920,5
2344956,5
2344977,5
2345002,13
2345033,7
2345061,35
2345095,26
2345133,8
2345152,8
2345174,8
2345210,5
2345237,5
2345262,71
2345290,12
2345328,39
2345347,48
2345361,5
2345399,5
2345425,7
2345452,8
2345482,5
2345521,5
2345545,23
2345561,7
2345587,5
2345607,7
2345650,7
2345677,5
2345712,5
2345732,46
2345755,7
2345784,8
2345810,5
2345831,68
2345851,6
2345877,5
2345899,24
2345924,7
2345943,17
2345967,13
2345987,12
2346014,16
2346036,11
2346076,5
2346101,10
2346131,13
2346151,5
2346184,12
2346206,6
2346231,40
2346256,20
2346285,17
2346317,8
2346355,6
2346394,10
2346412,6
2346442,9
2346471,5
2346495,6
2346520,18
2346542,6
2346569,27
2346597,10
2346626,10
2346656,12
2346683,24
2346697,21
2346727,5
2346752,6
2346774,6
2346794,6
2346818,5
2346836,6
2346863,30
2346893,5
2346922,32
2346955,25
2346980,5
2347004,7
2347032,6
2347057,17
2347083,5
2347113,5
2347135,24
2347157,6
2347179,7
2347199,8
2347219,6
2347250,5
2347274,5
2347298,16
2347331,7
2347356,19
2347383,13
2347408,26
2347444,5
2347460,6
2347493,5
2347519,51
2347551,13
2347566,19
2347592,139
2347616,8
2347642,8
2347667,16
2347687,91
2347705,10
2347730,7
2347758,11
2347784,16
2347810,7
2347836,8
2347856,32
2347880,27
2347907,5
2347941,7
2347968,15
2347990,5
2348024,30
2348041,10
2348068,11
2348085,12
2348113,6
2348135,21
2348153,20
2348185,6
2348216,9
2348241,6
2348262,8
2348281,8
2348309,5
2348335,5
2348360,5
2348388,25
2348412,5
2348452,23
2348470,16
2348495,7
2348526,5
2348555,5
2348589,8
2348613,5
2348643,7
2348668,9
2348697,5
2348719,5
2348743,7
2348772,6
2348797,37
2348827,6
2348855,17
2348873,6
2348902,41
2348926,18
2348951,15
2348983,5
2349006,29
2349029,10
2349053,7
2349081,25
2349104,5
2349133,5
2349156,8
2349191,42
2349214,230
2349235,5
2349255,6
2349274,27
2349298,25
2349320,15
2349341,28
2349373,32
2349407,6
2349433,6
2349460,6
2349487,15
2349512,13
2349544,330
2349570,11
2349607,10
2349632,10
2349665,5
2349698,6
2349725,5
2349752,10
2349779,6
2349806,13
2349834,345
2349859,7
2349888,5
2349906,18
2349943,21
2349961,6
2349982,6
2350011,6
2350038,5
2350063,10
2350103,13
2350130,5
2350158,7
2350183,62
2350205,6
2350229,5
2350258,9
2350278,7
2350304,16
2350323,14
2350353,6
2350381,343
2350409,5
2350427,29
2350451,9
2350478,15
2350513,6
2350543,24
2350571,25
2350592,6
2350618,7
2350643,7
2350667,8
2350693,5
2350716,9
2350734,15
2350760,5
2350792,6
2350817,6
2350835,12
2350860,7
2350885,8
2350915,5
2350943,5
2350978,10
2351004,73
2351028,6
2351056,21
2351082,19
2351104,5
2351133,5
2351156,50
2351176,20
2351203,9
2351228,5
2351253,115
2351277,33
2351295,5
2351312,5
2351334,5
2351368,22
2351400,15
2351431,8
2351453,10
2351479,6
2351516,11
2351537,16
2351569,42
2351598,11
2351638,5
2351665,12
2351688,25
2351718,7
2351733,6
2351758,5
2351789,11
2351809,17
2351836,6
2351857,7
2351883,8
2351901,17
2351934,6
2351966,7
2351993,5
2352011,17
2352044,6
2352066,7
2352080,29
2352107,14
2352138,5
2352164,5
2352190,5
2352219,77
2352247,7
2352269,5
2352286,144
2352313,5
2352338,23
2352360,9
2352382,6
2352402,6
2352423,9
2352453,11
2352493,10
2352523,1828
2352548,6
2352579,9
2352601,7
2352631,10
2352658,17
2352683,8
2352703,36
2352731,23
2352760,5
2352793,110
2352810,6
2352826,10
2352854,6
2352881,5
2352902,12
2352921,5
2352948,8
2352973,11
2352998,8
2353028,9
2353060,11
2353083,5
2353107,5
2353128,5
2353158,7
2353187,10
2353212,18
2353235,7
2353259,6
2353291,9
2353324,5
2353352,33
2353383,6
2353412,9
2353433,5
2353455,14
2353488,7
2353515,13
2353544,8
2353574,38
2353615,5
2353633,5
2353662,9
2353684,38
2353719,6
2353738,11
2353764,7
2353791,16
2353816,6
2353836,6
2353864,181
2353886,7
2353905,14
2353931,24
2353948,7
2353976,9
2354001,5
2354019,8
2354042,10
2354070,7
2354100,10
2354125,5
2354142,15
2354167,5
2354194,14
2354226,8
2354255,9
2354280,5
2354313,290
2354341,5
2354367,16
2354392,5
2354412,53
2354438,32
2354467,7
2354494,5
2354522,423
2354550,6
2354580,5
2354608,6
2354634,7
2354662,9
2354688,38
2354717,5
2354740,346
2354770,5
2354803,20
2354826,67
2354853,12
2354872,5
2354896,5
2354935,6
2354954,7
2354980,17
2355010,5
2355041,6
2355064,5
2355090,5
2355117,16
2355146,5
2355165,6
2355198,7
2355227,5
2355248,7
2355266,8
2355292,15
2355316,6
2355340,6
2355356,42
2355377,5
2355403,7
2355429,5
2355461,14
2355483,1057
2355505,5
2355529,8
2355550,10
2355573,31
2355601,5
2355632,7
2355657,6
2355679,60
2355698,88
2355725,15
2355756,10
2355790,25
2355812,11
2355844,30
2355869,6
2355890,17
2355913,5
2355930,16
2355961,132
2355993,5
2356019,35
2356044,13
2356076,9
2356104,48
2356129,8
2356151,16
2356176,6
2356206,6
2356243,6
2356277,5
2356302,5
2356325,246
2356350,32
2356372,6
2356400,7
2356420,9
2356446,26
2356470,6
2356499,5
2356526,5
2356545,5
2356568,19
2356587,9
2356619,48
2356651,10
2356689,5
2356709,31
2356730,6
2356753,5
2356772,7
2356795,6
2356824,11
2356856,6
2356877,6
2356910,8
2356938,10
2356958,23
2356988,211
2357010,5
2357041,11
2357072,5
2357104,7
2357139,5
2357169,11
2357196,7
2357224,6
2357263,5
2357291,16
2357316,7
2357344,10
2357371,12
2357410,37
2357436,13
2357463,10
2357486,5
2357512,5
2357548,5
2357568,21
2357589,6
2357607,72
2357634,37
2357654,5
2357683,21
2357712,6
2357732,7
2357756,19
2357778,8
2357799,6
2357818,10
2357849,5
2357877,28
2357906,7
2357946,5
2357972,11
2357994,7
2358027,5
2358051,6
2358073,6
2358100,29
2358134,9
2358165,5
2358207,5
2358239,11
2358260,13
2358284,7
2358311,88
2358336,12
2358361,5
2358379,5
2358404,17
2358432,24
2358451,59
2358482,5
2358510,11
2358547,7
2358572,9
2358587,7
2358606,5
2358631,69
2358651,6
2358671,5
2358699,48
2358726,15
2358748,10
2358777,5
2358800,8
2358823,5
2358854,5
2358886,5
2358902,8
2358936,6
2358962,8
2358987,5
2359013,14
2359031,5
2359069,9
2359100,7
2359127,6
2359158,5
2359185,17
2359205,5
2359230,16
2359251,22
2359277,9
2359305,6
2359325,5
2359359,9
2359384,86
2359402,5
2359433,31
2359454,6
2359477,6
2359509,7
2359530,17
2359560,47
2359587,12
2359613,6
2359633,7
2359668,11
2359698,7
2359728,24
2359757,5
2359795,36
2359824,17
2359844,11
2359872,7
2359901,11
2359925,6
2359965,5
2359988,56
2360015,8
2360046,13
2360079,8
2360104,5
2360127,6
2360164,5
2360202,9
2360218,13
2360232,30
2360250,8
2360275,8
2360296,5
2360319,18
2360355,30
2360381,37
2360409,71
2360432,9
2360461,146
2360490,5
2360508,25
2360531,5
2360561,5
2360589,38
2360615,8
2360647,17
2360678,5
2360703,6
2360727,5
2360753,10
2360779,14
2360806,14
2360822,16
2360850,13
2360876,2708
2360910,8
2360930,17
2360963,31
2360989,10
2361017,27
2361043,6
2361073,6
2361097,12
2361124,5
2361156,7
2361188,6
2361208,5
2361236,5
2361263,249
2361298,17
2361322,33
2361341,7
2361365,9
2361383,9
2361408,8
2361438,6
2361464,5
2361494,6
2361518,27
2361551,8
2361576,6
2361603,7
2361626,16
2361651,6
2361677,6
2361702,11
2361724,6
2361746,10
2361770,7
2361797,8
2361824,104
2361851,6
2361879,5
2361908,5
2361935,8
2361965,28
2361992,14
2362020,11
2362050,5
2362078,8
2362097,8
2362126,6
2362151,16
2362171,10
2362193,89
2362219,5
2362244,16
2362274,8
2362297,6
2362323,7
2362356,14
2362375,7
2362393,5
2362413,60
2362434,7
2362468,6
2362491,51
2362518,6
2362542,7
2362573,15
2362602,5
2362621,7
2362648,7
2362675,8
2362701,5
2362724,6
2362755,49
2362777,13
2362798,5
2362820,6
2362844,101
2362873,6
2362899,22
2362927,17
2362952,12
2362980,11
2362999,5
2363019,559
2363046,6
2363067,6
2363084,5
2363108,12
2363138,5
2363157,8
2363179,13
2363200,30
2363229,52
2363257,68
2363281,5
2363300,13
2363326,15
2363348,6
2363385,11
2363404,7
2363430,6
2363450,9
2363474,6
2363494,5
2363518,7
2363544,6
2363562,15
2363583,50
2363618,34
2363650,16
2363686,6
2363707,6
2363739,22
2363762,27
2363789,13
2363814,5
2363849,6
2363874,5
2363906,6
2363937,9
2363965,9
2363989,6
2364017,9
2364047,45
2364060,13
2364092,5
2364118,68
2364148,13
2364170,9
2364196,9
2364226,6
2364245,8
2364282,6
2364316,5
2364347,6
2364371,29
2364400,9
2364432,5
2364451,46
2364478,5
2364505,167
2364519,9
2364544,6
2364567,5
2364605,5
2364640,12
2364667,5
2364690,5
2364720,5
2364752,5
2364780,17
2364806,35
2364826,304
2364855,6
2364879,9
2364905,14
2364930,5
2364958,11
2364988,18
2365017,5
2365041,9
2365065,12
2365088,18
2365113,5
2365137,33
2365155,16
2365182,5
2365209,23
2365240,7
2365268,7
2365298,26
2365322,12
2365344,14
2365367,6
2365400,5
2365432,6
2365453,7
2365475,8
2365504,12
2365526,20
2365556,8
2365587,15
2365615,45
2365637,23
2365658,12
2365688,7
2365721,8
2365743,5
2365777,8
2365799,7
2365823,10
2365844,8
2365870,23
2365897,5
2365922,10
2365943,38
2365977,6
2366003,52
2366026,9
2366048,13
2366071,41
2366092,8
2366124,8
2366140,7
2366166,14
2366188,6
2366209,15
2366237,9
2366264,6
2366288,7
2366303,11
2366327,7
2366357,5
2366389,9
2366412,17
2366436,32
2366457,20
2366483,20
2366506,6
2366535,46
2366560,20
2366589,6
2366613,9
2366639,14
2366666,6
2366698,5
2366732,9
2366754,1101
2366777,33
2366800,7
2366830,5
2366851,19
2366881,11
2366906,11
2366929,14
2366960,7
2366987,7
2367011,40
2367038,6
2367068,227
2367090,5
2367111,25
2367141,58
2367161,5
2367191,5
2367206,6
2367238,22
2367275,5
2367294,10
2367324,8
2367360,215
2367385,5
2367398,5
2367421,5
2367447,7
2367476,13
2367507,5
2367538,7
2367562,20
2367598,9
2367627,8
2367647,5
2367672,12
2367692,6
2367716,9
2367744,52
2367771,14
2367796,6
2367822,6
2367833,10
2367858,23
2367887,5
2367914,6
2367940,7
2367958,5
2367978,8
2368004,20
2368027,9
2368040,6
2368062,11
2368081,8
2368106,5
2368132,125
2368157,14
2368186,18
2368210,7
2368236,108
2368263,5
2368284,7
2368308,5
2368319,5
2368346,5
2368370,33
2368400,5
2368428,16
2368453,7
2368478,6
2368504,7
2368526,43
2368562,6
2368588,15
2368609,8
2368634,5
2368664,6
2368688,6
2368714,5
2368740,30
2368766,5
2368802,6
2368828,7
2368854,7
2368883,10
2368925,6
2368946,7
2368974,8
2368993,10
2369026,8
2369059,15
2369096,7
2369125,18
2369151,15
2369176,8
2369206,12
2369232,20
2369271,8
2369287,8
2369319,11
2369334,6
2369365,10
2369389,6
2369421,20
2369450,25
2369478,30
2369512,8
2369536,12
2369560,607
2369594,12
2369614,5
2369637,15
2369665,9
2369684,6
2369712,6
2369739,6
2369771,9
2369800,13
2369826,5
2369849,10
2369877,10
2369906,5
2369941,17
2369972,9
2369999,26
2370025,5
2370050,6
2370079,9
2370110,9
2370129,5
2370151,25
2370177,13
2370202,7
2370227,7
2370251,5
2370274,5
2370300,24
2370324,9
2370350,79
2370375,6
2370404,7
2370435,16
2370460,6
2370486,18
2370505,8
2370535,5
2370559,7
2370588,40
2370609,5
2370631,20
2370663,5
2370683,6
2370720,6
2370749,9
2370768,5
2370788,15
2370818,18
2370843,9
2370868,29
2370889,12
2370917,10559
2370937,11
2370967,5
2370990,9
2371012,10
2371045,11
2371074,19
2371100,5
2371135,6
2371160,383
2371197,5
2371237,9
2371260,8
2371291,31
2371315,5
2371347,5
2371378,7
2371398,5
2371425,15
2371451,18
2371485,9
2371514,10
2371533,30
2371557,8
2371587,14
2371617,13
2371640,72
2371671,8
2371691,10
2371709,5
2371735,6
2371758,14
2371789,6
2371817,15
2371837,11
2371867,69
2371896,7
2371925,6
2371954,5
2371976,15
2372004,6
2372027,7
2372058,31
2372084,30
2372119,7
2372147,9
2372169,5
2372204,6
2372232,7
2372253,5
2372277,5
2372313,8
2372339,12
2372373,5
2372401,5
2372420,6
2372445,20
2372475,31
2372503,5
2372532,6
2372561,5
2372592,9
2372615,358
2372644,5
2372676,23
2372705,5
2372740,8
2372763,32
2372786,26
2372801,6
2372814,15
2372842,45
2372869,7
2372903,5
2372927,6
2372948,5
2372967,7
2372996,9
2373022,23
2373040,5
2373072,5
2373094,5
2373126,17
2373152,7
2373177,5
2373203,5
2373230,8
2373250,33
2373273,18
2373292,14
2373323,5
2373355,9
2373390,7
2373417,14
2373445,5
2373468,412
2373492,6
2373517,5
2373546,6
2373575,12
2373602,5
2373623,5
2373648,21
2373676,5
2373700,5
2373726,10
2373750,6
2373773,10
2373798,7
2373815,691
2373840,8
2373864,12
2373892,17
2373933,5
2373955,38
2373984,6
2374017,7
2374033,6
2374054,5
2374073,34
2374098,6
2374117,16
2374142,5
2374169,70
2374187,5
2374217,6
2374243,5
2374267,9
2374289,5
2374316,5
2374345,19
2374363,16
2374388,8
2374415,5
2374450,27
2374474,20
2374499,62
2374527,8
2374552,5
2374571,39
2374593,11
2374633,8
2374657,5
2374680,5
2374707,17
2374733,10
2374760,13
2374791,17
2374821,15
2374851,8
2374876,7
2374890,5
2374922,9
2374945,11
2374969,13
2374996,9
2375020,6
2375042,8
2375063,5
2375099,5
2375124,6
2375149,9
2375179,11
2375199,7
2375229,5
2375257,8
2375272,5
2375298,5
2375321,5
2375338,15
2375358,24
2375397,22
2375425,5
2375448,5
2375481,5
2375507,7
2375525,5
2375547,12
2375577,5
2375595,6
2375625,65
2375652,16
2375678,10
2375702,6
2375718,9
2375750,5
2375780,5
2375818,5
2375838,5
2375865,26
2375890,29
2375915,24
2375940,5
2375970,54
2375998,5
2376025,12
2376055,12
2376081,6
2376111,5
2376139,15
2376164,16
2376186,5
2376211,10
2376231,15
2376260,8
2376288,12
2376320,5
2376345,6
2376362,162
2376391,14
2376423,11
2376444,5
2376467,13
2376497,24
2376530,7
2376558,5
2376583,5
2376610,11
2376627,7
2376657,5
2376679,13
2376704,15
2376730,19
2376752,8
2376779,5
2376800,8
2376829,6
2376855,8
2376874,26
2376902,6
2376934,8
2376956,9
2376985,61
2377004,5
2377037,5
2377078,22
2377108,7
2377137,8
2377168,9
2377196,8
2377224,6
2377257,8
2377283,5
2377309,28
2377330,14
2377357,31
2377384,41
2377411,98
2377430,68
2377460,5
2377481,7
2377507,8
2377533,24
2377552,11
2377584,153
2377606,10
2377636,8
2377658,6
2377678,11
2377697,61
2377723,9
2377758,16
2377780,7
2377804,70
2377829,5
2377855,49
2377885,7
2377908,5
2377940,5
2377971,18
2377998,9
2378031,9
2378046,6
2378065,9
2378086,5
2378113,12
2378142,8
2378161,7
2378188,19
2378217,5
2378246,10
2378273,6
2378304,7
2378327,18
2378354,20
2378381,17
2378403,14
2378428,5
2378461,8
2378479,166
2378506,5
2378531,8
2378553,9
2378589,68
2378619,11
2378641,24
2378664,71
2378690,5
2378712,14
2378743,5
2378771,34
2378796,9
2378827,44
2378860,6
2378885,14
2378908,12
2378941,19
2378965,5
2378999,6
2379023,10
2379047,13
2379081,12
2379112,15
2379145,7
2379177,6
2379218,6
2379241,49
2379273,5
2379303,9
2379329,5
2379356,7
2379379,9
2379405,11
2379425,6
2379453,5
2379487,6
2379507,9
2379528,6
2379561,5
2379587,11
2379608,13
2379628,6
2379656,5
2379681,13
2379712,90
2379728,18
2379757,50
2379776,11
2379795,8
2379824,7
2379851,7
2379881,5
2379909,24
2379929,9
2379956,6
2379986,6
2380014,5
2380025,10
2380054,20
2380089,23
2380112,10
2380140,6
2380170,8
2380196,38
2380213,5
2380241,7
2380262,5
2380280,5
2380298,16
2380313,6
2380330,6
2380349,6
2380371,5
2380400,7
2380426,5
2380453,6
2380490,6
2380522,9
2380544,5
2380561,6
2380588,6
2380615,14
2380637,5
2380668,5
2380705,393
2380729,391
2380753,14
2380779,16
2380799,6
2380823,5
2380849,6
2380873,78
2380907,5
2380943,6
2380970,9
2380999,7
2381020,9
2381042,15
2381068,11
2381094,141
2381114,8
2381131,9
2381157,9
2381182,7
2381210,5
2381234,7
2381268,6
2381289,5
2381318,9
2381347,542
2381368,15
2381395,13
2381421,5
2381453,5
2381485,155
2381513,6
2381548,6
2381577,9
2381610,17
2381637,10
2381667,9
2381694,6
2381715,7
2381738,5
2381756,6
2381783,5
2381816,24
2381855,46
2381884,12
2381915,32
2381936,5
2381966,5
2381990,108
2382012,10
2382040,6
2382065,11
2382096,5
2382124,7
2382146,5
2382171,5
2382189,5
2382214,37
2382237,8
2382261,11
2382287,28
2382319,19
2382341,31
2382368,5
2382392,9
2382424,7
2382457,14
2382478,10
2382498,5
2382518,5
2382543,463
2382575,22
2382594,7
2382621,14
2382641,22
2382658,7
2382680,5
2382714,12
2382737,15
2382754,64
2382780,5
2382806,23
2382824,8
2382838,5
2382864,7
2382894,11
2382925,5
2382945,10
2382971,16
2382997,5
2383030,6
2383051,5
2383065,10
2383081,9
2383111,5
2383137,8
2383161,5
2383188,6
2383214,12
2383237,16
2383266,5
2383295,9
2383327,7
2383344,16
2383376,8
2383400,6
2383433,37
2383456,6
2383480,14
2383508,11
2383529,10
2383565,13
2383587,9
2383605,28
2383627,12
2383654,5
2383689,20
2383716,15
2383750,6
2383776,5
2383809,6
2383829,6
2383861,5
2383887,8
2383909,8
2383937,11
2383963,5
2383991,9
2384010,11
2384041,6
2384077,7
2384102,121
2384131,5
2384152,18
2384179,7
2384198,15
2384224,11
2384247,7
2384271,9
2384290,6
2384311,8
2384348,27
2384374,12
2384400,5
2384424,15
2384453,6
2384489,10
2384511,9
2384540,13
2384571,7
2384597,9
2384622,85
2384648,7
2384672,5
2384688,478
2384711,16
2384735,8
2384766,12
2384788,9
2384821,6
2384855,11
2384881,19
2384902,5
2384933,5
2384955,6
2384980,7
2385006,10
2385033,5
2385062,11
2385097,5
2385123,12
2385151,6
2385172,82
2385199,25
2385222,6
2385246,16
2385275,5
2385297,15
2385320,8
2385339,111
2385362,6
2385392,5
2385412,6
2385433,7
2385449,14
2385473,21
2385491,5
2385513,17
2385540,56
2385569,34
2385599,11
2385628,27
2385651,8
2385685,154
2385710,15
2385733,20
2385750,5
2385772,26
2385805,6
2385837,65
2385861,6
2385888,30
2385913,8
2385942,987
2385964,16
2385989,5
2386018,5
2386051,9
2386078,6
2386108,7
2386139,5
2386169,23
2386196,88
2386221,14
2386249,5
2386277,6
2386309,8
2386326,6
2386343,28
2386373,29
2386404,54
2386436,8
2386462,10
2386484,53
2386516,12
2386545,5
2386576,43
2386594,5
2386618,57
2386639,7
2386660,8
2386693,5
2386725,5
2386750,10
2386772,17
2386790,5
2386809,11
2386838,9
2386862,6
2386888,6
2386923,22
2386950,6
2386978,6
2387011,6
2387043,31
2387067,7
2387089,5
2387111,9
2387137,28
2387161,9
2387188,9
2387216,6
2387255,6
2387284,6
2387306,20
2387332,12
2387362,9
2387389,6
2387414,17
2387440,6
2387466,5
2387496,6
2387517,5
2387545,5
2387568,6
2387602,9
2387632,5
2387654,10
2387677,7
2387704,6
2387727,7
2387748,11
2387773,5
2387793,6
2387816,36
2387842,6
2387866,9
2387891,5
2387913,10
2387941,19
2387968,19
2387994,15
2388021,5
2388060,8
2388092,5
2388121,8
2388137,5
2388168,5
2388192,8
2388217,5
2388245,5
2388273,5
2388301,7
2388330,5
2388358,7
2388382,10
2388410,5
2388435,11
2388466,7
2388485,7
2388512,6
2388536,13
2388554,16
2388592,37
2388620,5
2388649,5
2388672,16
2388696,6
2388728,8
2388751,8
2388777,5
2388799,5
2388823,6
2388854,11
2388881,16
2388907,9
2388943,10
2388963,131
2388997,9
2389019,5
2389043,14
2389080,5
2389105,10
2389134,31
2389164,6
2389183,13
2389214,647
2389245,7
2389273,17
2389291,29
2389323,13
2389340,6
2389363,6
2389391,5
2389421,5
2389442,8
2389471,6
2389493,12
2389510,18
2389528,5
2389551,23
2389575,11
2389594,5
2389625,27
2389659,18
2389686,14
2389708,6
2389726,15
2389749,6
2389778,7
2389801,5
2389834,23
2389861,6
2389885,8
2389917,8
2389953,8
2389981,16
2390005,12
2390036,5
2390062,6
2390083,202
2390112,5
2390148,7
2390180,60
2390206,17
2390229,5
2390256,9
2390284,6
2390304,8
2390326,8
2390358,30
2390387,6
2390412,9
2390437,8
2390469,6
2390488,5
2390506,12
2390522,5
2390547,5
2390571,6
2390600,19
2390618,11
2390632,5
2390666,15
2390689,5
2390719,6
2390741,11
2390767,16
2390791,7
2390822,19
2390843,9
2390863,10
2390885,5
2390908,12
2390930,11
2390965,283
2390994,42
2391022,10
2391054,19
2391077,42
2391108,6
2391134,8
2391158,27
2391186,6
2391212,5
2391236,7
2391266,84
2391284,13
2391299,8
2391329,31
2391350,17
2391368,10
2391403,5
2391424,5
2391449,6
2391477,6
2391496,9
2391522,11
2391555,12
2391577,6
2391595,7
2391622,5
2391652,8
2391684,5
2391709,8
2391738,42
2391757,6
2391784,11
2391809,6
2391836,9
2391860,13
2391884,5
2391916,7
2391944,7
2391963,7
2391986,45
2392017,6
2392039,23
2392056,7
2392083,7
2392110,2086
2392136,589
2392160,5
2392196,22
2392217,7
2392236,31
2392269,5
2392290,9
2392315,5
2392351,341
2392368,41
2392398,11
2392421,17
2392450,6
2392473,10
2392501,20
2392532,8
2392560,6
2392584,18
2392608,9
2392630,7
2392659,15
2392682,74
2392717,8
2392740,11
2392759,27
2392779,33
2392809,7
2392835,7
2392861,16
2392883,5
2392905,5
2392931,6
2392953,5
2392976,6
2393002,12
2393029,9
2393052,12
2393080,5
2393109,15
2393134,5
2393168,8
2393193,7
2393218,11
2393247,17
2393274,5
2393299,7
2393319,11
2393344,8
2393367,5
2393397,9
2393419,13
2393447,116
2393478,13
2393507,12
2393530,8
2393560,12
2393585,5
2393609,6
2393642,25
2393676,5
2393703,15
2393732,15
2393751,13
2393783,20
2393805,5
2393833,17
2393855,8
2393873,52
2393893,9
2393917,21
2393944,52
2393969,5
2393998,13
2394018,5
2394048,5
2394073,5
2394097,23
2394123,9
2394156,108
2394196,396
2394225,29
2394255,5
2394281,45
2394301,5
2394324,7
2394344,7
2394369,15
2394387,22
2394411,5
2394427,7
2394453,11
2394473,5
2394504,18
2394536,5
2394562,5
2394580,7
2394609,5
2394638,22
2394659,10
2394682,5
2394712,8
2394740,80
2394766,15
2394801,215
2394827,8
2394859,12
2394881,20
2394914,12
2394944,12
2394970,6
2394993,8
2395013,10
2395052,5
2395079,5
2395115,7
2395144,12
2395170,26
2395202,11
2395221,5
2395255,9
2395273,5
2395295,19
2395324,12
2395359,19
2395384,7
2395423,19
2395459,735
2395491,22
2395519,7
2395552,9
2395578,6
2395607,8
2395635,411
2395664,12
2395693,6
2395711,5
2395734,5
2395754,82
2395778,39
2395799,6
2395828,7
2395857,15
2395887,8
2395913,6
2395933,5
2395952,36
2395993,46
2396014,17
2396047,6
2396074,5
2396109,17
2396132,6
2396156,6
2396188,10
2396207,15
2396235,9
2396263,5
2396290,8
2396320,326
2396341,22
2396367,18
2396389,8
2396412,15
2396443,5
2396464,10
2396487,6
2396519,9
2396537,5
2396567,36
2396585,5
2396612,5
2396640,8
2396662,8
2396683,61
2396714,8
2396742,6
2396771,6
2396796,9
2396826,5
2396858,18
2396874,32
2396897,7
2396921,7
2396947,17
2396976,5
2397011,6
2397047,10
2397083,7
2397101,5
2397119,8
2397146,7
2397169,5
2397198,32
2397219,5
2397251,8
2397288,9
2397318,13
2397337,5
2397369,6
2397395,7
2397419,13
2397451,9
2397485,9
2397509,5
2397535,38
2397562,7
2397594,243
2397627,5
2397652,5
2397682,5
2397701,5
2397725,5
2397754,6
2397779,8
2397803,117
2397828,127
2397854,168
2397880,12
2397908,22
2397934,8
2397957,7
2397986,12
2398010,52
2398038,8
2398065,5
2398084,10
2398118,5
2398145,7
2398181,8
2398215,91
2398248,6
2398279,6
2398310,7
2398332,8
2398360,111
2398389,36
2398414,9
2398442,6
2398461,10
2398492,6
2398524,15
2398555,74
2398582,32
2398614,7
2398640,5
2398668,13
2398693,5
2398719,6
2398739,8
2398766,16
2398782,9
2398803,25
2398832,33
2398857,5
2398874,6
2398890,5
2398913,17
2398941,28
2398967,6
2398994,7
2399021,248
2399058,17
2399079,17
2399097,13
2399116,5
2399134,87
2399164,8
2399195,7
2399217,6
2399238,5
2399275,7
2399301,32
2399322,6
2399347,5
2399363,9
2399386,6
2399413,7
2399444,15
2399480,5
2399514,20
2399545,6
2399564,10
2399588,51
2399609,6
2399629,16
2399652,6
2399673,7
2399698,8
2399732,8
2399759,7
2399787,8
2399819,13
2399843,7
2399868,7
2399884,7
2399913,94
2399938,62
2399971,7
2399989,5
2400017,9
2400047,9
2400083,5
2400109,5
2400131,9
2400156,11
2400179,7
2400206,12
2400230,6
2400251,21
2400282,17
2400306,12
2400322,7
2400346,5
2400376,6
2400394,13
2400423,6
2400447,5
2400477,6
2400500,5
2400527,6
2400565,7
2400593,19
2400612,5
2400632,5
2400662,8
2400691,14
2400718,8
2400742,9
2400757,14
2400779,5
2400801,5
2400835,9
2400856,6
2400891,8
2400926,5
2400961,6
2400982,8
2401001,64
2401026,84
2401055,8
2401084,5
2401109,5
2401129,13
2401162,16
2401181,21
2401203,6
2401220,5
2401254,5
2401281,6
2401299,5
2401330,5
2401358,5
2401380,15
2401405,13
2401434,5
2401470,6
2401506,21
2401520,12
2401547,5
2401584,8
2401609,5
2401634,26
2401663,5
2401688,9
2401722,22
2401753,7
2401776,6
2401798,5
2401824,7
2401852,7
2401881,6
2401903,8
2401925,7
2401957,107
2401981,7
2402007,28
2402041,27
2402075,7
2402103,5
2402124,5
2402153,5
2402177,33
2402209,6
2402227,16
2402252,7
2402274,30
2402297,5
2402325,12
2402346,13
2402371,16
2402398,8
2402423,9
2402451,6
2402472,6
2402492,11
2402521,5
2402549,45
2402572,9
2402602,7
2402621,5
2402654,5
2402675,5
2402705,5
2402731,5
2402757,14
2402777,5
2402802,9
2402825,12
2402858,24
2402882,8
2402907,6
2402928,5
2402950,32
2402972,9
2402995,10
2403021,17
2403054,7
2403078,10
2403104,5
2403121,5
2403142,10
2403177,25
2403208,7
2403233,248
2403272,7
2403290,27
2403313,23
2403338,7
2403362,6
2403395,45
2403419,5
2403440,5
2403471,8
2403498,5
2403520,27
2403541,13
2403574,5
2403596,5
2403624,5
2403650,46
2403678,6
2403700,31
2403727,12
2403755,5
2403781,9
2403803,10
2403832,25
2403863,5
2403887,15
2403915,5
2403938,5
2403964,8
2403986,8
2404006,42
2404032,6
2404057,8
2404083,6
2404105,5
2404127,39
2404151,5
2404171,14
2404200,5
2404220,7
2404246,5
2404270,6
2404291,6
2404319,9
2404347,5
2404373,18
2404396,7
2404422,33
2404443,9
2404471,31
2404489,6
2404514,67
2404536,29
2404566,5
2404587,5
2404612,14
2404635,20
2404662,29
2404682,9
2404711,24
2404745,7
2404779,131
2404809,5
2404832,77
2404865,12
2404887,16
2404909,7
2404928,1567
2404959,6
2404990,17
2405014,9
2405039,36
2405071,6
2405096,12
2405122,5
2405138,29
2405170,7
2405203,5
2405226,9
2405251,7
2405281,26
2405305,6
2405338,20
2405356,5
2405376,11
2405398,15
2405424,5
2405443,5
2405471,6
2405504,8
2405527,5
2405553,5
2405581,15
2405610,423
2405642,5
2405671,9
2405700,8
2405718,11
2405742,5
2405768,5
2405793,6
2405827,5
2405852,6
2405874,14
2405901,5
2405922,5
2405952,6
2405973,5
2405996,8
2406016,18
2406044,7
2406067,6
2406093,8
2406119,5
2406138,5
2406162,13
2406194,57
2406225,5
2406249,10
2406269,6
2406303,5
2406327,23
2406349,5
2406373,25
2406402,50
2406433,5
2406455,6
2406481,8
2406514,6
2406540,26
2406569,7
2406594,5
2406615,12
2406648,11
2406667,11
2406702,9
2406733,5
2406758,6
2406780,14
2406800,12
2406823,9
2406846,5
2406874,5
2406896,8
2406925,7
2406949,9
2406973,11
2407012,71
2407032,7
2407053,6
2407082,10
2407109,14
2407138,9
2407162,7
2407195,10
2407219,5
2407254,6
2407275,5
2407295,6
2407321,6
2407351,5
2407372,61
2407402,6
2407428,6
2407455,5
2407489,6
2407512,5
2407537,23
2407561,5
2407597,5
2407626,12
2407650,11
2407669,12
2407696,7
2407721,18
2407746,7
2407768,12
2407794,7
2407833,24
2407866,37
2407888,7
2407916,70
2407939,26
2407966,11
2407995,11
2408023,9
2408050,5
2408078,8
2408109,13
2408129,6
2408157,24
2408168,12
2408190,17
2408214,11
2408249,22
2408279,2166
2408308,5
2408339,7
2408367,6
2408386,5
2408416,5
2408449,8
2408476,12
2408499,64
2408530,8
2408557,8
2408584,7
2408606,5
2408633,8
2408649,22
2408682,6
2408707,6
2408744,16
2408771,26
2408794,5
2408821,7
2408846,9
2408867,9
2408894,39
2408918,19
2408951,18
2408984,8
2409014,7
2409043,6
2409070,6
2409098,10
2409124,18
2409153,12
2409179,15
2409195,5
2409213,5
2409233,9
2409262,5
2409280,7
2409314,8
2409342,97
2409372,5
2409394,5
2409416,6
2409444,28
2409474,5
2409494,5
2409518,5
2409539,136
2409564,7
2409588,6
2409616,58
2409647,5
2409676,5
2409694,6
2409717,28
2409735,7
2409764,30
2409792,5
2409815,6
2409837,9
2409858,15
2409888,6
2409915,10
2409947,10
2409971,10
2409994,5
2410023,6
2410050,6
2410076,12
2410098,10
2410132,7
2410157,10
2410179,57
2410208,12
2410237,20
2410267,21
2410300,10
2410331,6
2410351,5
2410373,5
2410401,10
2410433,6
2410459,8
2410484,43
2410512,8
2410545,5
2410567,6
2410592,6
2410622,11
2410644,8
2410666,6
2410682,31
2410711,7
2410734,10
2410752,5
2410770,21
2410785,98
2410809,5
2410835,7
2410858,171
2410887,13
2410916,16
2410946,18
2410980,5
2411012,11
2411038,5
2411065,9
2411102,15
2411129,5
2411163,13
2411185,10
2411217,5
2411252,21
2411279,20
2411308,8
2411334,8
2411355,11
2411381,6
2411405,9
2411434,14
2411455,23
2411481,35
2411501,17
2411525,7
2411551,8
2411578,7
2411599,14
2411631,7
2411661,5
2411685,6
2411711,11
2411741,50
2411764,29
2411797,25
2411821,12
2411851,18
2411873,5
2411900,11
2411920,7
2411943,16
2411975,9
2412009,5
2412027,10
2412055,6
2412077,10
2412102,8
2412120,6
2412148,7
2412176,72
2412205,5
2412225,5
2412253,7
2412281,9
2412300,9
2412323,14
2412340,6
2412369,11
2412392,7
2412421,5
2412449,7
2412470,10
2412495,6
2412521,7
2412558,8
2412587,5
2412609,16
2412637,9
2412661,7
2412694,8
2412734,24
2412754,5
2412778,5
2412799,6
2412826,74
2412854,9
2412880,7
2412908,5
2412944,7
2412968,57
2412995,7
2413005,7
2413027,43
2413043,8
2413062,16
2413088,28
2413114,25
2413136,6
2413160,28
2413175,5
2413198,7
2413213,14
2413238,6
2413265,6
2413287,7
2413313,80
2413333,5
2413362,243
2413400,10
2413437,7
2413461,16
2413481,5
2413506,16
2413527,15
2413558,10
2413582,5
2413606,20
2413630,5
2413653,5
2413686,14
2413718,7
2413749,5
2413777,5
2413801,6
2413838,19
2413863,13
2413884,5
2413911,82
2413934,23
2413969,5
2413985,9
2414009,5
2414033,8
2414056,12
2414078,51
2414099,8
2414122,5
2414149,7
2414174,5
2414200,6
2414227,5
2414252,10
2414278,5
2414301,15
2414327,6
2414348,5
2414377,7
2414401,5
2414419,90
2414452,27
2414477,13
2414503,19
2414522,5
2414547,9
2414567,63
2414583,19
2414612,7
2414641,7
2414659,9
2414692,14
2414728,6
2414752,5
2414771,6
2414803,5
2414829,66
2414852,10
2414883,23
2414913,144
2414931,13
2414959,5
2414979,7
2415001,30
2415028,9
2415062,5
2415088,17
2415122,19
2415151,8
2415175,5
2415203,11
2415228,5
2415251,103
2415271,99
2415301,8
2415320,8
2415342,6
2415373,5
2415393,9
2415417,12
2415439,6
2415475,5
2415501,6
2415527,9
2415546,5
2415572,5
2415599,536
2415631,55
2415653,6
2415680,5
2415705,5
2415728,31
2415760,5
2415781,8
2415801,25
2415827,10
2415852,12
2415881,24
2415917,7
2415944,73
2415965,34
2415992,6
2416012,6
2416041,5
2416069,75
2416098,10079
2416121,7
2416156,6
2416184,8
2416214,6
2416249,17
2416283,6
2416307,9
2416334,754
2416368,8
2416399,5
2416413,5
2416439,8
2416464,11
2416488,6
2416514,5
2416539,33
2416559,8
2416595,21
2416626,19
2416654,5
2416673,5
2416706,24
2416740,5
2416775,22
2416795,36
2416817,6
2416847,6
2416870,10
2416901,5
2416931,6
2416955,8
2416987,13
2417013,6
2417038,42
2417059,7
2417091,9
2417116,5
2417138,6
2417164,9
2417193,6
2417221,6
2417243,70
2417261,25
2417292,6
2417317,6
2417355,46
2417378,5
2417397,36
2417424,5
2417460,10
2417480,7
2417512,6
2417536,23
2417568,10
2417586,5
2417612,10
2417638,6
2417663,20
2417686,10
2417717,10
2417750,13
2417772,8
2417793,11
2417814,7
2417849,6
2417882,9
2417904,18
2417940,7
2417966,11
2417989,5
2418001,5
2418031,6
2418061,12
2418087,20
2418113,8
2418142,6
2418165,167
2418187,11
2418205,5
2418226,6
2418258,12
2418284,7
2418310,11
2418327,11
2418350,8
2418375,12
2418397,19
2418430,8
2418454,8
2418479,6
2418510,6
2418532,5
2418558,7
2418587,13
2418604,8
2418624,28
2418647,14
2418675,6
2418710,11
2418736,12
2418757,16
2418776,15
2418795,10
2418818,13
2418840,12
2418859,6
2418887,10
2418907,33
2418932,10
2418963,25
2418987,32
2419009,6
2419036,8
2419065,15
2419094,7
2419112,5
2419131,36
2419155,5
2419178,29
2419204,5
2419220,6
2419247,5
2419267,7
2419290,25
2419316,6
2419346,5
2419375,6
2419399,7
2419434,5
2419465,17
2419487,7
2419515,6
2419543,5
2419577,5
2419604,6
2419632,6
2419654,24
2419680,7
2419701,13
2419724,5
2419751,15
2419777,12
2419806,16
2419826,16
2419852,9
2419879,6
2419909,14
2419946,6
2419972,6
2419993,9
2420028,22
2420056,16
2420077,5
2420110,13
2420135,10
2420159,13
2420179,17
2420206,65
2420239,5
2420274,10
2420287,8
2420319,217
2420347,7
2420376,5
2420409,6
2420437,11
2420470,9
2420504,11
2420523,108
2420544,47
2420575,7
2420615,7
2420640,15
2420658,9
2420685,6
2420709,5
2420743,43
2420762,5
2420786,5
2420810,5
2420833,8
2420855,9
2420882,5
2420901,14
2420931,12
2420960,11
2420977,18
2421007,11
2421029,96
2421055,5
2421074,7
2421101,6
2421125,8
2421146,5
2421168,8
2421200,5
2421225,5
2421252,7
2421284,6
2421312,21
2421330,9
2421353,5
2421382,6
2421409,9
2421427,14
2421457,9
2421488,6
2421507,38
2421530,6
2421563,14
2421590,5
2421611,11
2421631,5
2421656,7
2421676,5
2421699,8
2421732,5
2421760,6
2421779,17
2421803,5
2421824,16
2421852,5
2421867,20
2421893,10
2421918,5
2421938,17
2421959,5
2421992,20
2422018,11
2422036,5
2422067,51
2422085,25
2422121,17
2422145,5
2422168,6
2422197,6
2422224,5
2422249,7
2422274,13
2422303,5
2422327,8
2422348,9
2422370,108
2422393,8
2422415,5
2422441,5
2422464,14
2422489,12
2422516,5
2422543,81
2422567,6
2422596,13
2422617,145
2422642,5
2422664,7
2422697,6
2422717,31
2422747,8
2422780,6
2422815,5
2422842,12
2422863,6
2422891,20
2422914,11
2422932,7
2422959,5
2422987,7
2423019,38
2423050,43
2423079,8
2423099,6
2423125,5
2423150,8
2423182,7
2423208,9
2423225,8
2423249,9
2423279,6
2423302,10
2423326,5
2423342,9
2423377,5
2423406,5
2423428,6
2423462,81
2423483,10
2423513,8
2423531,8
2423563,5
2423595,11
2423613,5
2423642,8
2423658,16
2423681,14
2423706,166
2423731,5
2423761,133
2423787,5
2423819,78
2423850,19
2423874,6
2423892,8
2423914,47
2423940,5
2423970,5
2423992,5
2424027,7
2424046,8
2424077,15
2424108,5
2424135,38
2424166,13
2424196,10
2424227,13
2424254,8
2424283,25
2424312,15
2424331,5
2424356,10
2424375,11
2424398,5
2424419,12
2424440,6
2424460,5
2424485,10
2424505,14
2424530,15
2424557,22
2424580,10
2424609,5
2424629,8
2424672,10
2424700,21
2424732,7
2424764,9
2424797,74
2424823,6
2424846,5
2424863,6
2424897,56
2424922,5
2424950,8
2424971,82
2425000,5
2425027,6
2425057,6
2425077,7
2425107,12
2425125,10
2425149,7
2425174,48
2425189,14
2425221,19
2425242,10
2425264,8
2425289,20
2425319,5
2425335,5
2425367,6
2425391,5
2425422,5
2425445,26
2425471,8
2425500,9
2425524,60
2425545,5
2425570,6
2425591,20
2425617,25
2425645,7
2425660,9
2425678,5
2425707,7
2425736,5
2425759,6
2425785,36
2425819,60
2425849,29
2425876,16
2425903,6
2425930,13
2425954,441
2425976,6
2426003,88
2426024,9
2426056,14
2426082,6
2426107,15
2426135,9
2426163,8
2426185,8
2426212,18
2426242,5
2426263,5
2426289,15
2426308,47
2426339,5
2426364,6
2426386,6
2426413,8
2426443,9
2426472,17
2426497,5
2426524,67
2426543,6
2426572,5
2426590,70
2426621,8
2426657,8
2426681,10
2426709,9
2426732,19
2426751,7
2426778,5
2426800,6
2426831,5
2426856,8
2426868,7
2426895,59
2426918,10
2426947,9
2426979,7
2427005,29
2427029,5
2427059,24
2427092,35
2427125,14
2427150,9
2427184,226
2427211,8
2427239,5
2427267,5
2427299,5
2427326,25
2427349,9
2427375,5
2427390,168
2427412,5
2427438,13
2427474,7
2427496,5
2427518,6
2427548,5
2427571,16
2427598,14
2427623,10
2427643,5
2427670,6
2427697,5
2427719,12
2427747,38
2427764,5
2427782,5
2427811,54
2427836,11
2427862,5
2427889,8
2427917,6
2427939,5
2427970,12
2427999,11
2428030,9
2428056,5
2428078,18
2428100,6
2428125,11
2428152,5
2428175,42
2428199,5
2428218,6
2428243,5
2428267,5
2428286,11
2428313,15
2428337,15
2428364,13
2428394,12
2428416,10
2428440,6
2428458,10
2428482,5
2428507,13
2428531,5
2428554,14
2428580,35
2428603,10
2428619,6
2428634,5
2428654,5
2428679,5
2428707,9
2428727,77
2428759,5
2428781,5
2428804,6
2428827,12
2428857,422
2428879,5
2428905,14
2428927,34
2428947,6
2428974,9
2429000,5
2429029,9
2429065,5
2429093,10
2429117,214
2429148,5
2429162,9
2429190,7
2429219,13
2429242,10
2429259,5
2429283,7
2429300,21
2429336,5
2429362,43
2429395,6
2429429,5
2429452,5
2429478,7
2429507,5
2429534,12
2429562,15
2429591,6
2429625,8
2429660,13
2429676,5
2429697,6
2429724,6
2429751,5
2429780,5
2429804,5
2429828,9
2429846,5
2429865,51
2429901,7
2429933,17
2429970,5
2430004,2281
2430035,10
2430070,728
2430095,5
2430121,6
2430146,112
2430169,13
2430197,6
2430223,10
2430245,33
2430267,5
2430289,14
2430312,6
2430342,9
2430372,23
2430390,6
2430411,19
2430434,24
2430467,11
2430497,12
2430531,8
2430557,9
2430585,14
2430612,13
2430632,7
2430663,84
2430693,21
2430714,16
2430747,5
2430769,9
2430790,13
2430811,49
2430842,7
2430859,13
2430889,5
2430927,8
2430956,5
2430977,10
2431007,7
2431024,44
2431052,9
2431072,12
2431096,7
2431120,9
2431156,15
2431182,8
2431209,5
2431236,7
2431266,25
2431287,27
2431317,5
2431341,36
2431365,10
2431391,41
2431416,5
2431441,44
2431460,5
2431487,5
2431516,6
2431546,16
2431573,9
2431616,13
2431643,5
2431666,10
2431689,6
2431721,5
2431740,5
2431763,10
2431797,5
2431828,6
2431858,15
2431878,17
2431902,9
2431930,17
2431953,7
2431978,5
2432010,20
2432031,12
2432053,7
2432076,5
2432117,18
2432140,8
2432167,12
2432188,19
2432213,6
2432237,25
2432255,5
2432281,7
2432304,9
2432329,7
2432357,6
2432375,9
2432393,8
2432411,66
2432432,7
2432464,12
2432487,20
2432514,6
2432547,9
2432572,5
2432592,23
2432619,7
2432642,21
2432658,5
2432696,16
2432717,8
2432748,8
2432783,5
2432812,6
2432827,6
2432853,6
2432879,5
2432908,9
2432938,41
2432963,7
2432994,8
2433026,5
2433054,12
2433091,7
2433101,8
2433127,5
2433159,17
2433192,94
2433218,5
2433254,9
2433280,6
2433299,9
2433322,9
2433351,8
2433378,6
2433398,6
2433416,7
2433446,19
2433473,5
2433500,53
2433528,7
2433553,91
2433587,40
2433615,11
2433640,5
2433679,6
2433707,17
2433737,6
2433756,201
2433780,11
2433809,5
2433830,5
2433857,46
2433878,24
2433909,12
2433937,10
2433956,7
2433983,147
2434012,14
2434039,93
2434069,5
2434095,19
2434117,5
2434140,15
2434161,6
2434188,7
2434206,6
2434231,5
2434260,5
2434291,34
2434316,12
2434335,9
2434368,9
2434393,5
2434421,14
2434447,11
2434471,7
2434507,11
2434527,13
2434555,6
2434573,5
2434602,26
2434629,11
2434658,130
2434693,8
2434715,7
2434750,5
2434781,7
2434810,35
2434837,5
2434861,10
2434889,5
2434909,222
2434929,12
2434949,5
2434967,26
2435000,6
2435029,10
2435058,6
2435092,6
2435117,10
2435147,24
2435171,6
2435190,6
2435214,6
2435243,7
2435267,16
2435289,10
2435312,21
2435338,19
2435369,7
2435401,12
2435420,17
2435445,13
2435476,29
2435511,49
2435550,5
2435574,6
2435600,13
2435627,9
2435652,5
2435692,6
2435722,37
2435758,5
2435785,5
2435802,6
2435829,16
2435853,14
2435881,8
2435910,7
2435942,285
2435959,6
2435992,6
2436015,77
2436037,9
2436066,5
2436094,255
2436113,7
2436134,103
2436154,12
2436184,24
2436211,10
2436237,12
2436272,6
2436295,15
2436322,5
2436352,10
2436379,6
2436406,11
2436437,5
2436468,6
2436494,5
2436533,7
2436558,5
2436588,20
2436628,6
2436655,7
2436675,52
2436698,13
2436727,20
2436757,6
2436771,24
2436799,17
2436822,17
2436854,36
2436883,9
2436903,10
2436927,20
2436949,16
2436966,13
2436995,15
2437013,5
2437036,31
2437055,22
2437085,5
2437105,5
2437135,17
2437162,7
2437188,8
2437217,5
2437240,6
2437270,9
2437302,6
2437318,7
2437342,6
2437366,6
2437397,6
2437421,15
2437442,5
2437467,28
2437487,11
2437514,5
2437547,6
2437571,5
2437593,6
2437619,692
2437642,5
2437670,12
2437696,14
2437714,10
2437748,8
2437772,33
2437803,8
2437822,9
2437844,9
2437865,14
2437890,5
2437916,14
2437943,7
2437961,13
2437994,6
2438018,5
2438047,10
2438072,22
2438095,10
2438123,13
2438143,8
2438172,7
2438190,9
2438210,8
2438238,10
2438264,9
2438290,5
2438312,21
2438335,15
2438365,5
2438387,9
2438411,5
2438436,5
2438461,8
2438492,6
2438522,26
2438558,17
2438587,6
2438612,22
2438632,9
2438653,5
2438678,6
2438699,8
2438734,7
2438753,18
2438775,8
2438813,8
2438834,55
2438858,21
2438882,7
2438912,26
2438941,10
2438968,12
2438990,8
2439020,5
2439050,12
2439070,5
2439098,13
2439127,8
2439150,7
2439173,12
2439193,6
2439216,7
2439238,5
2439266,21
2439290,6
2439316,8
2439344,24
2439366,11
2439386,5
2439418,5
2439443,6
2439468,12
2439486,8
2439512,5
2439531,7
2439557,10
2439588,5
2439600,17
2439628,58
2439653,5
2439678,29
2439707,30
2439730,5
2439756,5
2439781,6
2439802,12
2439820,5
2439844,11
2439868,6
2439896,10
2439924,14
2439947,5
2439967,6
2439999,6
2440040,7
2440076,6
2440109,5
2440129,7
2440161,5
2440178,31
2440203,13
2440238,141
2440270,5
2440309,29
2440339,17
2440360,8
2440385,10
2440406,273
2440429,5
2440453,6
2440472,5
2440502,17
2440527,6
2440548,5
2440571,9
2440587,5
2440615,37
2440649,5
2440671,30
2440697,6
2440718,31
2440746,5
2440770,18
2440797,7
2440821,5
2440861,5
2440882,7
2440910,17
2440944,9
2440967,13
2440985,5
2441007,26
2441045,5
2441075,10
2441105,5
2441126,5
2441146,5
2441164,7
2441187,24
2441216,13
2441235,16
2441270,6
2441286,6
2441315,12
2441339,15
2441366,5
2441393,9
2441421,5
2441445,20
2441461,9
2441484,5
2441502,43
2441524,8
2441544,5
2441579,5
2441604,138
2441626,5
2441656,62
2441688,8
2441717,5
2441746,6
2441772,15
2441789,7
2441817,12
2441839,6
2441867,15
2441888,28
2441919,12
2441951,13
2441975,5
2442003,7
2442027,7
2442048,7
2442077,6
2442101,5
2442128,6
2442153,6
2442186,9
2442214,12
2442234,5
2442252,5
2442281,16
2442312,5
2442334,8
2442355,5
2442385,27
2442408,13
2442437,12
2442470,5
2442495,14
2442519,6
2442542,9
2442565,6
2442591,7
2442618,17
2442627,85
2442647,6
2442674,11
2442703,17
2442728,5
2442745,95
2442780,9
2442809,153
2442834,45
2442856,7
2442876,11
2442895,6
2442919,6
2442943,7
2442984,7
2443011,5
2443041,9
2443070,8
2443092,47
2443120,14
2443146,6
2443174,7
2443191,6
2443216,14
2443245,5
2443267,13
2443297,9
2443328,6
2443348,5
2443371,7
2443396,15
2443427,6
2443452,7
2443485,9
2443505,20
2443529,5
2443548,39
2443575,5
2443596,30
2443626,6
2443663,119
2443690,6
2443716,2126
2443739,5
2443773,5
2443801,6
2443822,17
2443849,14
2443881,8
2443909,9
2443942,16
2443970,13
2443992,8
2444019,55
2444049,7
2444078,5
2444102,9
2444140,7
2444168,12
2444195,5
2444226,12
2444243,11
2444273,5
2444306,9
2444337,9
2444360,7
2444385,8
2444401,7
2444433,11
2444454,7
2444489,5
2444527,11
2444554,5
2444574,9
2444599,5
2444627,5
2444669,7
2444694,39
2444723,90
2444751,10
2444769,29
2444793,7
2444816,5
2444851,5
2444873,6
2444895,129
2444923,13
2444949,5
2444980,50
2445012,8
2445039,16
2445065,5
2445097,7
2445124,26
2445157,5
2445177,5
2445203,7
2445219,5
2445241,6
2445267,5
2445292,59
2445320,5
2445340,6
2445370,12
2445390,5
2445416,9
2445441,23
2445470,8
2445502,5
2445528,5
2445553,1291
2445578,5
2445603,43
2445624,190
2445653,6
2445687,8
2445715,5
2445733,5
2445760,7
2445786,6
2445812,6
2445835,21
2445870,9
2445895,5
2445916,12
2445942,6
2445981,6
2446005,5
2446026,9
2446057,7
2446086,6
2446118,12
2446147,5
2446168,25
2446204,13
2446227,8
2446247,13
2446265,11
2446304,12
2446326,118
2446349,12
2446370,15
2446398,5
2446418,7
2446445,9
2446468,5
2446484,10
2446508,10
2446537,8
2446567,9
2446597,5
2446623,7
2446654,7
2446682,5
2446711,5
2446745,5
2446763,37
2446789,6
2446814,9
2446842,5
2446873,14
2446895,5
2446919,6
2446946,9
2446968,10
2447006,6
2447030,5
2447048,8
2447077,5
2447109,9
2447139,6
2447156,17
2447184,5
2447204,9
2447231,77
2447260,10
2447281,5
2447307,10
2447335,22
2447351,23
2447373,5
2447401,16
2447427,6
2447454,8
2447491,7
2447517,10
2447541,6
2447577,25
2447597,8
2447617,34
2447635,6
2447652,9
2447674,6
2447692,5
2447720,6
2447749,6
2447772,5
2447796,5
2447812,5
2447834,39
2447860,52
2447885,5
2447909,103
2447939,10
2447972,5
2447989,6
2448002,7
2448028,75
2448060,7
2448086,5
2448112,24
2448141,12
2448176,17
2448197,17
2448224,9
2448251,5
2448275,5
2448303,5
2448334,16
2448360,5
2448383,6
2448406,6
2448432,5
2448462,7
2448487,11
2448512,10
2448538,16
2448563,5
2448588,11
2448618,5
2448648,7
2448664,8
2448688,15
2448707,27
2448732,7
2448759,31
2448787,6
2448813,11
2448842,12
2448866,11
2448897,8
2448917,8
2448960,9
2448978,5
2449002,11
2449028,9
2449050,51
2449081,6
2449107,9
2449137,5
2449163,10
2449194,9
2449221,5
2449248,7
2449269,5
2449287,54
2449314,41
2449330,8
2449351,5
2449377,5
2449401,5
2449425,10
2449448,33
2449469,6
2449488,16
2449524,5
2449549,23
2449585,10
2449607,32
2449628,7
2449656,29
2449684,7
2449714,30
2449746,6
2449770,18
2449795,6
2449818,5
2449847,5
2449872,8
2449894,6
2449921,5
2449953,5
2449976,6
2450000,11
2450029,8
2450050,6
2450083,5
2450106,10
2450132,7
2450150,6
2450180,7
2450205,5
2450230,5
2450250,8
2450276,16
2450301,47
2450329,5
2450355,93
2450387,10
2450408,7
2450439,5
2450462,8
2450488,94
2450511,7
2450536,9
2450560,5
2450581,11
2450617,39
2450657,6
2450690,9
2450720,9
2450750,36
2450775,11
2450795,5
2450823,10
2450849,29
2450869,17
2450893,7
2450920,7
2450951,7
2450977,97
2451007,16
2451036,8
2451062,7
2451086,14
2451118,35
2451141,11
2451171,18
2451199,103
2451219,6
2451242,10
2451281,15
2451298,6
2451325,9
2451344,7
2451367,5
2451391,8
2451411,8
2451431,24
2451458,6
2451485,12
2451519,11
2451548,141
2451579,8
2451606,12
2451631,63
2451646,8
2451667,5
2451688,73
2451720,5
2451742,6
2451764,6
2451790,7
2451818,5
2451849,50
2451874,6
2451899,10
2451923,22
2451956,13
2451982,5
2452008,26
2452036,5
2452068,8
2452106,482
2452127,53
2452163,6
2452181,5
2452207,13
2452238,18
2452258,7
2452285,10
2452315,5
2452337,5
2452372,10
2452398,10
2452416,6
2452454,7
2452473,501
2452495,5
2452520,5
2452549,5
2452575,19
2452605,5
2452625,6
2452653,7
2452675,11
2452706,14
2452741,16
2452758,5
2452792,9
2452815,7
2452836,8
2452869,10
2452891,10
2452910,16
2452932,9
2452959,5
2452978,6
2452994,84
2453019,15
2453041,21
2453065,70
2453091,17
2453114,12
2453139,11
2453173,7
2453200,16
2453223,12
2453251,9
2453278,8
2453314,5
2453333,9
2453362,35
2453389,148
2453408,14
2453433,6
2453457,12
2453484,21
2453514,15
2453537,11
2453560,8
2453576,8
2453598,5
2453621,5
2453646,10
2453668,70
2453705,6
2453741,13
2453772,7
2453806,5
2453828,8
2453855,14
2453877,6
2453900,6
2453924,14
2453942,5
2453967,5
2453990,5
2454021,5
2454054,7
2454089,5
2454115,7
2454151,5
2454179,10
2454200,5
2454224,14
2454251,14
2454276,16
2454302,7
2454331,7
2454349,6
2454375,14
2454406,106
2454425,5
2454447,155
2454477,48
2454499,5
2454528,5
2454549,6
2454585,63
2454613,5
2454638,12
2454660,5
2454690,6
2454717,9
2454743,8
2454768,11
2454799,9
2454823,5
2454853,5
2454876,8
2454909,11
2454936,5
2454971,13
2455000,5
2455020,9
2455045,5
2455077,8
2455104,6
2455124,9
2455152,12
2455177,6
2455200,9
2455227,5
2455250,7
2455276,6
2455315,9
2455335,16
2455355,13
2455384,6
2455411,20
2455434,7
2455471,7
2455504,5
2455529,5
2455553,5
2455572,5
2455596,334
2455612,12
2455632,5
2455664,6
2455689,24
2455708,1225
2455738,34
2455766,6
2455796,11
2455819,16
2455842,46
2455866,9
2455885,9
2455909,12
2455930,5
2455955,9
2455988,145
2456005,15
2456027,23
2456050,15
2456071,6
2456098,11
2456124,46
2456149,5
2456186,83
2456212,5
2456242,56
2456266,5
2456295,6
2456309,11
2456334,5
2456355,17
2456383,13
2456410,8
2456431,6
2456458,178
2456497,16
2456527,16
2456548,15
2456575,6
2456597,6
2456634,8
2456664,7
2456691,6
2456716,6
2456737,156
2456756,17
2456782,20
2456806,5
2456832,16
2456854,26
2456874,57
2456895,5
2456916,9
2456940,21
2456962,24
2456983,11
2457011,5
2457038,8
2457060,5
2457094,29
2457115,114
2457148,17
2457166,5
2457185,5
2457210,5
2457238,29
2457263,12
2457296,5
2457325,6
2457353,6
2457380,69
2457411,253
2457430,11
2457451,7
2457478,5
2457502,5
2457525,31
2457553,7
2457576,7
2457597,16
2457627,19
2457654,9
2457686,7
2457711,5
2457743,7
2457764,12
2457784,5
2457811,46
2457839,26
2457865,10
2457889,9
2457911,10
2457937,5
2457967,7
2457987,6
2458022,49
2458046,36
2458061,12
2458092,22
2458123,18
2458152,10
2458179,5
2458201,9
2458222,5
2458232,5
2458259,7
2458277,10
2458303,12
2458327,6
2458352,5
2458376,9
2458392,6
2458417,8
2458443,26
2458469,5
2458492,16
2458520,185
2458544,8
2458574,9
2458602,7
2458625,107
2458656,21
2458678,88
2458701,5
2458721,8
2458749,9
2458781,5
2458812,12
2458834,66
2458855,10
2458880,9
2458913,11
2458939,14
2458959,7
2458985,22
2459006,9
2459025,13
2459050,12
2459069,7
2459086,6
2459114,6
2459143,8
2459167,14
2459193,36
2459220,8
2459238,6
2459260,8
2459284,5
2459318,13
2459334,6
2459359,7
2459380,14
2459410,7
2459432,6
2459460,7
2459482,14
2459501,7
2459529,9
2459560,5
2459582,9
2459606,17
2459630,5
2459656,23
2459682,6
2459710,21
2459735,7
2459769,6
2459797,5
2459824,6
2459850,6
2459870,8
2459897,29
2459931,5
2459959,5
2459991,77
2460016,5
2460034,6
2460065,5
2460082,5
2460104,5
2460136,7
2460158,6
2460184,64
2460207,6
2460236,7
2460259,7
2460280,6
2460311,5
2460332,11
2460367,5
2460399,28
2460426,18
2460448,6
2460472,7
2460490,13
2460512,63
2460544,10
2460579,22
2460590,6
2460617,8
2460629,121
2460659,8
2460686,7
2460710,5
2460744,8
2460769,31
2460796,7
2460831,7
2460856,5
2460886,18
2460914,8
2460946,18
2460972,17
2460997,7
2461025,7
2461053,5
2461069,11
2461099,6
2461122,7
2461151,14
2461172,7
2461200,7
2461219,258
2461240,9
2461262,6
2461289,7
2461318,7
2461346,5
2461363,5
2461375,8
2461405,6
2461431,12
2461453,11
2461481,5
2461510,6
2461536,10
2461565,254
2461581,7
2461607,8
2461631,5
2461655,6
2461674,10
2461701,12
2461727,5
2461767,6
2461794,15
2461822,13
2461851,10
2461876,14
2461903,10
2461928,28
2461959,8
2461989,5
2462012,8
2462039,16
2462059,13
2462083,15
2462108,7
2462132,27
2462158,5
2462191,59
2462224,11
2462256,16
2462290,33
2462318,10
2462343,34
2462377,29
2462403,5
2462430,7
2462457,68
2462477,6
2462503,5
2462523,23
2462554,56
2462577,10
2462602,5
2462622,12
2462636,5
2462656,5
2462678,14
2462703,154
2462737,6
2462767,12
2462793,6
2462826,8
2462863,164
2462892,5
2462915,5
2462938,11
2462962,18
2462983,17
2463004,5
2463037,5
2463065,16
2463087,6
2463113,16
2463149,180
2463170,7
2463200,5
2463227,5
2463255,9
2463271,7
2463300,7
2463318,15
2463341,5
2463374,10
2463399,5
2463423,8
2463447,6
2463475,11
2463497,7
2463524,7
2463542,13
2463565,7
2463597,5
2463612,29
2463639,6
2463663,20
2463684,22
2463709,163
2463727,7
2463753,5
2463790,6
2463818,5
2463850,12
2463873,9
2463898,38
2463923,5
2463943,11
2463975,6
2464006,5
2464033,7
2464062,13
2464087,42
2464110,5
2464131,6
2464158,5
2464192,8
2464224,5
2464250,5
2464261,9
2464292,6
2464314,13
2464353,5
2464368,5
2464392,11
2464417,7
2464448,7
2464477,9
2464496,31
2464520,22
2464550,7
2464575,19
2464599,5
2464626,8
2464652,15
2464681,5
2464711,11
2464742,5
2464770,21898
2464793,47
2464828,5
2464850,6
2464873,5
2464900,5
2464926,6
2464949,7
2464966,6
2464981,12
2465000,5
2465031,6
2465057,7
2465083,24
2465107,5
2465127,12
2465151,6
2465173,5
2465196,5
2465223,11
2465245,5
2465267,8
2465284,7
2465315,6
2465341,5
2465369,104
2465407,14
2465421,12
2465438,121
2465472,32
2465492,7
2465522,13
2465547,25
2465573,34
2465598,8
2465612,32
2465638,5
2465656,5
2465678,19
2465696,156
2465729,29
2465748,9
2465777,6
2465809,103
2465825,5
2465842,6
2465873,14
2465892,5
2465916,9
2465942,5
2465978,5
2466010,17
2466039,10
2466062,11
2466090,8
2466113,13
2466147,57
2466171,9
2466200,28
2466228,10
2466254,5
2466275,5
2466298,8
2466322,6
2466352,5
2466376,5
2466412,5
2466442,5
2466468,6
2466491,17
2466520,10
2466538,1491
2466562,17
2466589,5
2466611,7
2466637,23
2466661,8
2466702,5
2466720,5
2466747,50
2466779,11
2466809,10
2466838,14
2466858,13
2466877,6
2466899,16
2466919,17
2466944,10
2466971,17
2466993,5
2467017,5
2467037,5
2467064,5
2467095,5
2467118,12
2467144,6
2467166,19
2467196,15
2467222,5
2467244,6
2467267,5
2467293,7
2467317,10
2467346,5
2467377,5
2467399,5
2467422,8
2467445,18
2467473,9
2467496,11
2467518,7
2467538,5
2467564,11
2467578,5
2467613,37
2467638,6
2467658,10
2467683,9
2467708,7
2467724,8
2467745,16
2467766,10
2467796,7
2467819,6
2467852,10
2467872,6
2467901,7
2467935,123
2467961,41
2467978,9
2468004,7
2468027,6
2468060,5
2468083,5
2468113,6
2468141,12
2468162,20
2468192,107
2468228,5
2468259,194
2468289,15
2468308,8
2468341,5
2468366,5
2468389,9
2468411,5
2468442,5
2468471,5
2468498,5
2468520,6
2468538,5
2468569,12
2468590,6
2468622,13
2468653,23
2468683,9
2468707,5
2468727,125
2468740,28
2468764,5
2468777,6
2468799,10
2468838,16
2468857,28
2468893,5
2468919,7
2468945,16
2468980,6
2468997,52
2469017,9
2469033,9
2469056,5
2469079,18
2469105,16
2469138,6
2469154,7
2469176,6
2469209,6
2469235,5
2469260,7
2469280,5
2469313,91
2469338,15
2469359,127
2469374,9
2469406,5
2469425,5
2469444,34
2469476,8
2469511,12
2469536,6
2469571,14
2469603,5
2469640,5
2469667,11
2469694,12
2469727,7
2469756,7
2469778,5
2469801,10
2469828,6
2469857,7
2469877,5
2469896,6
2469912,5
2469929,115
2469961,8
2469984,9
2470006,6
2470038,8
2470065,6
2470096,6
2470122,10
2470150,5
2470166,265
2470187,8
2470216,14
2470246,11
2470271,93
2470291,9
2470313,234
2470332,5
2470350,12
2470377,6
2470396,58
2470420,11
2470446,12
2470473,56
2470500,44
2470522,8
2470556,9
2470592,6
2470607,7
2470627,9
2470649,5
2470672,24
2470695,5
2470721,6
2470755,13
2470780,6
2470811,8
2470835,20
2470866,5
2470892,6
2470916,10
2470938,10
2470968,11
2470995,7
2471025,8
2471053,7
2471081,5
2471109,6
2471130,11
2471156,70
2471177,5
2471199,9
2471211,11
2471231,7
2471255,7
2471283,7
2471303,5
2471333,5
2471356,26
2471397,550
2471430,78
2471453,15
2471482,8
2471509,7
2471533,10
2471553,35
2471575,6
2471588,13
2471612,5
2471635,24
2471657,5
2471679,18
2471703,9
2471732,11
2471759,10
2471787,12
2471814,7
2471841,7
2471870,29
2471889,8
2471920,5
2471943,23
2471976,5
2472003,6
2472032,5
2472056,5
2472076,7
2472101,6
2472132,6
2472160,13
2472197,6
2472220,25
2472243,7
2472267,5
2472294,27
2472323,7
2472352,5
2472370,5
2472396,8
2472419,5
2472439,70
2472470,5
2472505,64
2472544,5
2472574,10
2472594,8
2472617,39
2472646,25
2472668,6
2472694,5
2472720,20
2472741,8
2472770,8
2472798,5
2472819,6
2472840,13
2472865,5
2472894,6
2472921,9
2472953,6
2472981,5
2473005,13
2473031,13
2473052,6
2473081,13
2473102,5
2473126,6
2473154,15
2473185,57
2473211,5
2473228,62
2473253,10
2473283,19
2473307,24
2473336,33
2473365,187
2473389,6
2473406,5
2473434,7
2473468,5
2473488,11
2473519,202
2473558,5
2473583,6
2473604,31
2473631,13
2473656,5
2473682,36
2473714,6
2473746,5
2473765,7
2473787,9
2473814,8
2473841,8
2473870,14
2473902,96
2473929,7
2473950,31
2473974,8
2474000,29
2474026,5
2474048,9
2474077,5
2474106,6
2474136,5
2474164,25
2474191,5
2474216,21
2474240,5
2474262,5
2474289,98
2474315,6
2474345,5
2474375,5
2474398,11
2474427,5
2474454,23
2474485,18
2474505,55
2474530,8
2474561,5
2474584,5
2474606,5
2474633,8
2474655,14
2474682,7
2474703,17
2474718,21
2474748,9
2474774,9
2474805,26
2474837,5
2474862,7
2474884,11
2474913,9
2474941,9
2474980,7
2475007,49
2475031,27
2475055,6
2475076,5
2475111,8
2475134,15
2475157,6
2475182,14
2475204,6
2475231,11
2475252,6
2475278,6
2475293,32
2475322,17
2475344,477
2475372,7
2475398,5
2475420,38
2475447,16
2475466,11
2475489,6
2475517,54
2475541,5
2475576,9
2475598,6
2475636,8
2475661,17
2475684,14
2475703,7
2475730,13
2475758,151
2475783,12
2475810,5
2475835,5
2475857,5
2475886,9
2475913,24
2475947,7
2475973,19
2476011,8
2476044,70
2476062,10
2476095,56
2476113,5
2476136,6
2476168,145
2476187,5
2476207,5
2476229,6
2476251,9
2476282,6
2476306,8
2476334,174
2476363,7
2476398,8
2476422,7
2476446,5
2476467,10
2476485,36
2476513,12
2476537,5
2476559,1044
2476571,17
2476595,5
2476624,7
2476644,5
2476670,9
2476701,6
2476732,36
2476763,5
2476795,6
2476818,5
2476842,12
2476867,5
2476888,5
2476913,9
2476927,10
2476953,19
2476975,6
2476994,5
2477023,5
2477041,17
2477063,40
2477088,7
2477118,14
2477140,7
2477170,6
2477208,5
2477237,6
2477255,18
2477280,5
2477308,8
2477340,12
2477364,5
2477392,6
2477419,6
2477450,6
2477479,7
2477508,6
2477538,12
2477558,11
2477596,5
2477623,6
2477650,5
2477677,6
2477716,6
2477741,6
2477763,8
2477786,14
2477814,5
2477843,40
2477869,12
2477903,6
2477932,126
2477959,16
2477981,5
2478003,21
2478033,11
2478052,9
2478083,31
2478111,17
2478142,6
2478170,12
2478208,5
2478224,5
2478248,18
2478278,5
2478302,11
2478332,5
2478361,5
2478389,14
2478419,5
2478432,11
2478449,5
2478471,5
2478497,68
2478522,15
2478544,6
2478568,18
2478602,5
2478630,72
2478658,8
2478680,7
2478707,5
2478748,5
2478777,6
2478802,16
2478830,5
2478858,96
2478885,19
2478918,16
2478948,6
2478974,6
2479001,9
2479020,10
2479051,7
2479074,11
2479089,7
2479105,28
2479131,6
2479160,13
2479180,8
2479215,69
2479240,6
2479261,9
2479297,13
2479325,8
2479344,10
2479369,9
2479395,12
2479418,1294
2479443,20
2479471,29
2479501,24
2479523,10
2479557,8
2479577,6
2479605,9
2479623,5
2479650,8
2479681,12
2479706,8
2479732,5
2479752,6
2479778,12
2479802,8
2479838,6
2479868,7
2479892,6
2479919,16
2479945,6
2479971,6
2479990,217
2480013,8
2480034,19
2480052,16
2480086,6
2480110,5
2480140,5
2480162,6
2480180,5
2480210,11
2480230,7
2480255,29
2480292,24
2480320,11
2480341,10
2480365,6
2480389,5
2480414,7
2480445,36
2480467,7
2480501,10
2480536,10
2480563,8
2480591,6
2480614,28
2480634,63
2480657,22
2480682,8
2480714,6
2480734,10
2480759,7
2480783,5
2480811,5
2480841,5
2480880,9
2480913,7
2480935,5
2480952,8
2480979,11
2481011,7
2481031,5
2481054,14
2481073,5
2481098,5
2481125,9
2481152,10
2481178,5
2481207,14
2481234,22
2481259,75
2481297,8
2481333,41
2481369,8
2481392,9
2481418,10
2481452,6
2481475,6
2481502,9
2481530,6
2481547,7
2481575,7
2481609,6
2481635,7
2481658,5
2481690,35
2481719,10
2481742,6
2481773,14
2481790,9
2481811,6
2481835,22
2481868,70
2481883,6
2481906,155
2481936,6
2481961,6
2481987,6
2482013,6
2482047,5
2482073,10
2482096,6
2482119,5
2482140,5
2482161,13
2482190,5
2482211,89
2482243,5
2482271,5
2482303,7
2482329,12
2482354,12
2482381,8
2482402,7
2482426,15
2482450,5
2482475,27
2482502,17
2482523,5
2482545,10
2482570,12
2482595,10
2482624,20
2482649,5
2482676,6
2482705,12
2482736,6
2482760,16
2482784,5
2482815,6
2482845,5
2482877,5
2482908,5
2482930,30
2482956,10
2482983,6
2483011,7
2483045,25
2483065,10
2483091,10
2483120,17
2483148,6
2483176,9
2483207,10
2483231,718
2483263,6
2483290,9
2483315,6
2483345,5
2483376,9
2483396,6
2483425,10
2483439,5
2483466,28
2483491,29
2483510,8
2483538,6
2483559,20
2483590,8
2483609,6
2483630,36
2483654,19
2483679,26
2483701,6
2483718,7
2483742,15
2483764,11
2483790,6
2483819,5
2483845,8
2483873,10
2483899,9
2483928,12
2483955,15
2483971,15
2483993,7
2484020,28
2484054,37
2484075,16
2484110,5
2484128,11
2484153,9
2484173,8
2484199,6
2484218,5
2484236,33
2484262,19
2484292,10
2484318,15
2484338,976
2484363,5
2484387,6
2484411,26
2484432,9
2484465,11
2484499,1319
2484531,11
2484564,13
2484589,20
2484619,10
2484643,20
2484662,6
2484696,10
2484724,7
2484752,14
2484774,5
2484798,6
2484835,98
2484859,10
2484893,8
2484909,18
2484932,9
2484954,11
2484978,5
2485002,3016
2485025,6
2485056,7
2485085,5
2485110,9
2485145,11
2485176,9
2485204,10
2485238,65
2485259,5
2485279,8
2485306,10
2485332,7
2485361,15
2485385,8
2485409,5
2485431,8
2485468,9
2485482,13
2485506,17
2485539,40
2485562,7
2485586,8
2485614,31
2485644,6
2485661,6
2485689,5
2485718,11
2485747,12
2485770,9
2485801,16
2485828,5
2485853,7
2485889,55
2485916,28
2485944,6
2485971,9
2485998,72
2486035,11
2486060,7
2486096,70
2486111,5
2486128,40
2486154,9
2486181,64
2486206,6
2486238,162
2486269,5
2486303,7
2486334,97
2486355,5
2486372,6
2486399,6
2486419,5
2486444,59
2486469,5
2486491,6
2486509,6
2486533,16
2486552,313
2486576,13
2486600,7
2486617,10
2486643,5
2486664,7
2486688,16
2486715,10
2486740,46
2486759,39
2486794,5
2486823,8
2486853,5
2486880,7
2486906,14
2486937,14
2486962,13
2486978,43
2487011,9
2487038,47
2487067,7
2487100,46
2487128,7
2487148,17
2487173,11
2487200,12
2487224,5
2487252,5
2487280,13
2487306,11
2487322,5
2487344,5
2487376,5
2487409,45
2487437,21
2487464,234
2487494,6
2487522,9
2487549,7
2487571,6
2487597,45
2487634,5
2487657,6
2487685,5
2487709,2946
2487737,11
2487761,11
2487786,6
2487813,6
2487834,7
2487858,445
2487882,6
2487914,5
2487936,8
2487968,119
2487997,6
2488021,6
2488044,6
2488073,5
2488098,10
2488119,22
2488145,12
2488172,5
2488197,7
2488232,23
2488254,8
2488271,7
2488298,6
2488320,6
2488349,49
2488376,6
2488408,5
2488433,11
2488470,9
2488507,10
2488520,29
2488547,8
2488574,8
2488606,6
2488622,72
2488645,35
2488671,5
2488705,27
2488733,8
2488756,159
2488785,6
2488807,13
2488827,6
2488842,8
2488866,64
2488897,5
2488923,7
2488945,13
2488976,5
2489011,6
2489044,7
2489074,12
2489106,8
2489134,245
2489166,82
2489187,10
2489215,7
2489243,5
2489276,11
2489306,5
2489330,8
2489355,10
2489386,14
2489407,21
2489434,5
2489462,13
2489496,32
2489521,25
2489545,6
2489566,5
2489592,6
2489614,173
2489636,5
2489666,11
2489688,6
2489720,6
2489743,6
2489760,19
2489790,8
2489821,5
2489847,8
2489869,6
2489897,7
2489924,9
2489954,13
2489976,10
2490002,7
2490038,99
2490053,8
2490080,5
2490108,5
2490128,5
2490154,169
2490183,5
2490206,27
2490233,10
2490270,19
2490291,5
2490316,5
2490350,20
2490380,7
2490414,9
2490435,8
2490455,13
2490488,5
2490516,13
2490534,62
2490560,7
2490582,13
2490608,9
2490631,5
2490659,13
2490689,8
2490723,10
2490760,6
2490787,5
2490814,15
2490836,5
2490863,7
2490882,5
2490910,22
2490940,8
2490956,6
2490990,10
2491013,5
2491027,8
2491062,6
2491089,5
2491114,5
2491145,6
2491173,212
2491200,12
2491225,39
2491247,20
2491284,48
2491311,6
2491333,29
2491361,15
2491390,19
2491413,12
2491443,5
2491469,5
2491494,6
2491520,11
2491541,7
2491570,17
2491589,5
2491612,5
2491639,5
2491670,87
2491695,5
2491722,16
2491741,6
2491770,7
2491799,9
2491835,434
2491868,13
2491893,21
2491923,5
2491948,62
2491973,9
2491997,6
2492034,5
2492069,5
2492098,14
2492124,5
2492147,5
2492162,11
2492195,5
2492218,45
2492235,27
2492255,5
2492277,7
2492301,5
2492319,12
2492349,7
2492378,7
2492408,15
2492426,6
2492452,16
2492475,7
2492492,5
2492523,9
2492541,11
2492565,6
2492594,8
2492620,5
2492649,21
2492675,7
2492687,31
2492720,40
2492747,5
2492774,18
2492801,8
2492828,5
2492847,11
2492869,10
2492889,5
2492909,6
2492932,54
2492955,14
2492983,6
2493013,67
2493035,24
2493060,141
2493080,9
2493106,8
2493144,61
2493171,5
2493204,13
2493225,6
2493245,6
2493276,21
2493307,15
2493341,9
2493366,9
2493404,12
2493430,6
2493454,7
2493479,7
2493502,7
2493528,5
2493557,8
2493591,21
2493616,5
2493635,11
2493667,5
2493703,72
2493724,8
2493749,6
2493768,5
2493798,8
2493822,7
2493843,102
2493866,7
2493893,13
2493921,8
2493952,6
2493970,50
2493993,5
2494019,16
2494044,11
2494070,31
2494093,5
2494119,6
2494139,6
2494173,47
2494191,8
2494222,5
2494256,8
2494284,16
2494318,11
2494345,6
2494367,7
2494391,7
2494420,15
2494446,5
2494469,6
2494503,6
2494534,14
2494564,5
2494591,7
2494621,18
2494647,13
2494669,6
2494698,9
2494734,165
2494776,12
2494796,5
2494832,8
2494866,7
2494889,10
2494920,71
2494961,10
2494990,5
2495019,9
2495042,29
2495073,40
2495103,56
2495133,9
2495161,5
2495191,13
2495220,27
2495248,9
2495274,13
2495303,7
2495325,5
2495351,5
2495374,7
2495403,6
2495439,9
2495476,20
2495506,5
2495527,26
2495559,5
2495580,6
2495608,72
2495636,7
2495668,9
2495688,22
2495704,7
2495736,10
2495758,6
2495775,5
2495798,6
2495822,5
2495842,14
2495862,20
2495881,5
2495903,13
2495930,5
2495953,18
2495971,14
2495990,5
2496012,38
2496048,5
2496072,16
2496112,6
2496150,5
2496167,24
2496195,54
2496218,5
2496242,15
2496269,5
2496299,9
2496332,11
2496358,15
2496375,17
2496403,9
2496432,6
2496463,6
2496492,144
2496514,5
2496530,5
2496554,5
2496568,9
2496590,11
2496618,11
2496646,55
2496680,5
2496713,9
2496741,6
2496763,8
2496793,15
2496824,65
2496849,22
2496878,20
2496898,6
2496920,17
2496937,14
2496968,22
2496989,10
2497015,6
2497047,5
2497072,7
2497091,5
2497107,9
2497130,5
2497154,85
2497186,172
2497210,7
2497233,5
2497257,5
2497279,44
2497300,10
2497331,5
2497358,5
2497379,8
2497404,17
2497425,5
2497447,17
2497472,42
2497493,5
2497533,5
2497565,10
2497591,19
2497616,7
2497638,5
2497661,6
2497692,25
2497720,5
2497747,32
2497769,9
2497810,7
2497838,5
2497863,6
2497893,13
2497920,7
2497941,5
2497972,12
2497999,8
2498028,6
2498057,7
2498088,8
2498118,6
2498139,24
2498157,11
2498180,6
2498207,31
2498229,7
2498261,36
2498287,9
2498315,7
2498339,6
2498368,23
2498402,12
2498425,5
2498446,57
2498470,5
2498502,5
2498520,15
2498544,36
2498576,5
2498603,20
2498635,11
2498660,7
2498681,14
2498714,23
2498734,18
2498761,268
2498796,6
2498827,70
2498844,5
2498872,8
2498900,91
2498926,6
2498956,9
2498975,7
2499001,5
2499022,5
2499042,11
2499066,63
2499086,7
2499111,5
2499133,9
2499154,10
2499183,7
2499207,9
2499238,11
2499268,6
2499292,5
2499314,13
2499344,7
2499367,190
2499387,27
2499413,7
2499430,6
2499458,7
2499482,6
2499507,5
2499532,149
2499555,11
2499583,8
2499615,8
2499641,16
2499672,47
2499701,5
2499719,13
2499745,275
2499767,10
2499789,27
2499814,12
2499837,5
2499856,5
2499882,6
2499900,6
2499927,20
2499956,5
2499984,5
2500004,55
2500018,85
2500036,152
2500061,17
2500084,9
2500110,5
2500136,9
2500159,5
2500173,5
2500200,7
2500229,6
2500258,18
2500293,26
2500321,11
2500353,5
2500382,31
2500407,121
2500437,128
2500461,6
2500492,5
2500510,9
2500536,6
2500560,46
2500575,8
2500594,6
2500617,5
2500650,277
2500677,6
2500701,10
2500729,9
2500760,22
2500787,6
2500811,10
2500841,36
2500871,5
2500900,7
2500934,35
2500964,7
2500989,1162
2501018,5
2501047,5
2501069,11
2501098,6
2501119,9
2501145,5
2501173,5
2501189,8
2501209,20
2501240,5
2501270,12
2501297,10
2501322,10
2501342,7
2501366,19
2501382,6
2501403,6
2501434,5
2501453,10
2501481,8
2501518,9
2501539,7
2501557,15
2501587,9
2501616,6
2501639,45
2501666,6
2501686,5
2501705,5
2501728,8
2501755,6
2501785,11
2501815,19
2501843,29
2501866,5
2501896,9
2501920,8
2501940,7
2501967,8
2501986,5
2502007,8
2502039,23
2502067,5
2502095,11
2502120,5
2502148,22
2502181,7
2502212,6
2502241,6
2502260,7
2502289,5
2502314,7
2502338,10
2502359,25
2502393,7
2502412,11
2502432,15
2502456,5
2502486,6
2502514,13
2502541,29
2502567,10
2502592,6
2502612,8
2502633,25
2502661,10
2502688,20
2502707,8
2502737,5
2502766,8
2502792,11
2502825,5
2502843,7
2502867,6
2502892,5
2502923,5
2502947,6
2502966,5
2502987,9
2503021,5
2503062,55
2503091,5
2503120,7
2503147,5
2503168,41
2503201,6
2503225,7
2503258,15
2503283,7
2503312,132
2503341,39
2503369,7
2503388,8
2503415,7
2503434,13
2503462,6
2503493,7
2503517,12
2503541,5
2503568,30
2503595,5
2503614,27
2503638,10
2503661,10
2503679,5
2503700,9
2503728,14
2503756,744
2503786,10
2503806,14
2503833,10
2503860,13
2503881,5
2503905,47
2503928,5
2503952,5
2503978,107
2503994,7
2504022,13
2504061,7
2504086,10
2504117,7
2504146,7
2504173,6
2504192,8
2504207,19
2504231,6
2504255,5
2504293,6
2504316,138
2504337,63
2504363,5
2504394,5
2504421,7
2504449,7
2504478,9
2504504,9
2504524,61
2504547,8
2504574,6
2504599,6
2504623,6
2504649,6
2504677,6
2504709,12
2504749,5
2504775,5
2504804,6
2504831,9
2504861,22
2504890,9
2504916,5
2504946,5
2504981,8
2505023,7
2505056,11
2505078,14
2505101,5
2505130,11
2505164,9
2505192,25
2505212,51
2505237,13
2505261,10
2505293,16
2505315,5
2505353,5
2505384,7
2505404,7
2505430,5
2505466,6
2505495,19
2505514,10
2505536,16
2505560,32
2505586,6
2505618,15
2505647,6
2505671,7
2505695,119
2505716,10
2505735,6
2505760,11
2505787,5
2505820,5
2505845,16
2505859,6
2505892,5
2505921,20
2505952,6
2505974,5
2506003,172
2506025,31
2506051,6
2506074,21
2506107,7
2506132,115
2506151,11
2506173,5
2506202,6
2506217,16
2506249,5
2506272,11
2506295,12
2506315,6
2506344,5
2506367,5
2506390,22
2506412,5
2506442,46
2506474,6
2506489,6
2506505,5
2506530,15
2506556,143
2506585,9
2506624,6
2506658,12
2506686,30
2506714,28
2506736,10
2506765,16
2506797,7
2506816,9
2506849,23
2506872,17
2506898,6
2506929,49
2506967,8
2506992,14
2507018,12
2507052,10
2507080,16
2507103,9
2507134,8
2507155,6
2507181,18
2507206,6
2507234,19
2507260,5
2507288,5
2507319,125
2507344,6
2507370,17
2507394,10
2507427,12
2507460,22
2507497,21
2507516,18
2507543,12
2507573,6
2507596,5
2507628,11
2507660,5
2507694,5
2507725,57
2507755,11
2507779,8
2507805,6
2507837,5
2507861,5
2507888,34
2507910,5
2507938,24
2507966,6
2507987,9
2508012,7
2508044,16
2508080,48
2508105,8
2508126,18
2508149,138
2508179,7
2508203,6
2508225,6
2508250,27
2508278,7
2508306,7
2508328,5
2508357,10
2508381,11
2508400,11
2508424,8
2508445,8
2508474,12
2508501,10
2508533,10
2508554,9
2508574,86
2508598,6
2508626,9
2508645,13
2508679,6
2508698,201
2508720,5
2508743,6
2508766,5
2508787,17
2508817,13
2508851,8
2508875,15
2508912,15
2508935,13
2508955,9
2508982,6
2509005,16
2509021,5
2509041,6
2509060,5
2509090,7
2509118,5
2509148,88
2509172,7
2509205,15
2509231,5
2509255,5
2509286,5
2509318,7
2509344,17
2509372,34
2509396,62
2509424,7
2509444,5
2509465,8
2509494,11
2509523,7
2509541,11
2509565,12
2509595,14
2509614,5
2509656,5
2509679,5
2509709,6
2509731,6
2509757,18
2509789,10
2509824,18
2509853,13
2509879,5
2509912,230
2509929,8
2509957,5
2509978,5
2510006,10
2510028,10
2510051,6
2510071,16
2510094,14
2510122,6
2510142,6
2510161,12
2510191,15
2510216,20
2510246,11
2510272,7
2510303,6
2510338,14
2510355,5
2510381,6
2510406,89
2510433,5
2510459,5
2510483,15
2510514,106
2510542,7
2510576,6
2510602,25
2510634,5
2510658,20
2510680,5
2510707,6
2510733,23
2510755,19
2510790,29
2510819,5
2510842,30
2510865,5
2510892,14
2510916,17
2510939,7
2510961,9
2510985,16
2511008,7
2511025,17
2511053,7
2511079,18
2511103,5
2511129,6
2511164,7
2511184,6
2511211,5
2511238,10
2511273,10
2511305,8
2511325,17
2511348,12
2511372,5
2511401,5
2511430,10
2511459,6
2511484,42
2511510,5
2511532,9
2511556,5
2511581,5
2511609,5
2511646,6
2511670,11
2511699,5
2511729,6
2511750,5
2511779,5
2511801,5
2511833,5
2511861,19
2511888,5
2511907,7
2511933,11
2511956,5
2511982,12
2512013,429
2512035,40
2512056,57
2512074,9
2512091,12
2512123,5
2512154,33
2512180,9
2512208,22
2512232,9
2512258,12
2512292,15
2512316,23
2512336,6
2512365,12
2512391,23
2512410,7
2512440,21
2512467,20
2512498,8
2512516,40
2512543,11
2512570,7
2512594,5
2512620,6
2512649,5
2512681,6
2512706,8
2512729,138
2512747,13
2512764,6
2512792,7
2512822,6
2512848,10
2512868,5
2512889,13
2512916,7
2512935,8
2512964,21
2512990,12
2513018,5
2513039,5
2513068,18
2513100,17
2513126,64
2513145,5
2513174,5
2513202,9
2513226,45
2513248,5
2513272,7
2513295,76
2513318,5
2513350,5
2513384,5
2513406,5
2513437,26
2513454,303
2513479,137
2513507,15
2513525,30
2513545,7
2513567,5
2513594,5
2513612,25
2513638,16
2513670,10
2513685,12
2513713,5
2513738,9
2513761,18
2513790,6
2513812,8
2513849,5
2513872,6
2513908,5
2513944,13
2513974,19
2514001,6
2514024,21
2514049,9
2514077,5
2514096,5
2514125,6
2514147,14
2514169,13
2514195,7
2514218,20
2514245,5
2514267,7
2514283,7
2514311,6
2514328,5
2514345,21
2514376,16
2514403,8
2514431,7
2514466,11
2514506,5
2514530,5
2514555,13
2514582,6
2514602,9
2514627,14
2514657,9
2514689,8
2514728,8
2514766,18
2514798,7
2514826,9
2514858,5
2514875,7
2514900,5
2514921,295
2514951,10
2514973,5
2515004,14
2515029,5
2515063,14
2515097,7
2515125,5
2515167,8
2515193,16
2515221,5
2515237,14
2515261,12
2515282,8
2515304,5
2515331,5
2515353,13
2515385,5
2515410,8
2515430,9
2515461,16
2515484,5
2515510,245
2515528,7
2515567,75
2515593,12
2515630,756
2515665,5
2515697,7
2515732,16
2515754,5
2515780,8
2515807,5
2515837,27
2515861,8
2515884,11
2515921,11
2515942,10
2515964,26
2515998,7
2516018,8
2516040,6
2516058,14
2516084,5
2516111,5
2516143,29
2516160,14
2516188,8
2516211,6
2516237,5
2516268,5
2516300,5
2516326,10
2516355,283
2516381,5
2516403,6
2516431,7
2516459,10
2516482,5
2516509,7
2516547,7
2516568,6
2516598,46
2516622,11
2516647,797
2516673,10
2516704,20
2516730,5
2516752,6
2516772,13
2516795,10
2516821,19
2516858,24
2516881,5
2516906,13
2516934,84
2516962,5
2516988,16
2517018,8
2517048,5
2517073,26
2517110,12
2517129,33
2517166,8
2517189,13
2517212,9
2517241,7
2517270,7
2517297,74
2517318,5
2517347,5
2517371,15
2517402,9
2517424,5
2517450,7
2517480,5
2517498,14
2517525,10
2517554,13
2517578,49
2517608,6
2517634,77
2517655,35
2517679,10
2517707,7
2517728,7
2517745,6
2517763,8
2517786,10
2517823,7
2517861,6
2517888,6
2517917,10
2517944,7
2517967,6
2518006,7
2518034,18
2518067,25
2518098,5
2518130,33
2518154,8
2518177,11
2518214,5
2518252,13
2518275,25
2518302,7
2518330,8
2518351,6
2518378,18
2518404,6
2518437,6
2518464,6
2518492,6
2518519,6
2518540,5
2518570,6
2518591,7
2518620,8
2518639,16
2518667,9
2518691,5
2518707,91
2518731,9
2518758,5
2518785,35
2518808,13
2518836,66
2518871,5
2518898,16
2518922,8
2518948,5
2518979,5
2519000,5
2519019,8
2519044,18
2519075,15
2519092,57
2519113,44
2519147,11
2519168,5
2519187,17
2519217,52
2519248,35
2519285,7
2519311,8
2519338,6
2519375,9
2519397,117
2519411,9
2519446,7
2519468,12
2519494,7
2519514,5
2519537,15
2519564,10
2519592,6
2519626,5
2519660,5
2519688,7
2519706,13
2519727,9
2519748,49
2519780,5
2519808,9
2519828,27
2519854,7
2519890,28
2519913,5
2519935,14
2519963,15
2519998,5
2520033,6
2520062,5
2520081,6
2520097,6
2520124,11
2520152,8
2520170,7
2520209,8
2520241,6
2520265,14
2520283,8
2520309,6
2520338,6
2520366,5
2520393,6
2520415,23
2520438,27
2520453,14
2520476,6
2520503,12
2520517,5
2520541,9
2520570,6
2520598,5
2520619,10
2520643,42
2520672,6
2520707,10
2520735,24
2520763,17
2520793,14
2520831,7
2520860,31
2520880,19
2520906,6
2520921,29
2520947,6
2520969,7
2520987,24
2521018,5
2521047,5
2521074,11
2521095,5
2521123,5
2521153,10
2521182,56
2521205,7
2521235,12
2521254,7
2521283,20
2521298,17
2521323,6
2521344,7
2521366,35
2521395,24
2521415,9
2521439,10
2521463,6
2521495,5
2521512,8
2521531,5
2521555,5
2521580,5
2521596,19
2521621,5
2521653,69
2521676,9
2521701,11
2521723,8
2521752,5
2521773,10
2521790,31
2521818,8
2521842,9
2521866,12
2521893,8
2521921,5
2521950,160
2521976,45
2522002,7
2522028,5
2522060,7
2522080,11
2522104,6
2522125,5
2522147,8
2522172,6
2522196,98
2522220,8
2522247,100
2522259,8
2522275,12
2522305,5
2522341,5
2522366,5
2522390,5
2522409,21
2522437,8
2522464,5
2522493,93
2522514,22
2522545,9
2522564,19
2522588,79
2522614,33
2522639,6
2522662,5
2522685,5
2522710,5
2522742,8
2522765,6
2522785,15
2522804,111
2522824,10
2522849,5
2522873,25
2522904,5
2522935,14
2522965,7
2522984,6
2523006,5
2523028,14
2523049,7
2523075,6
2523091,9
2523112,18
2523131,7
2523153,5
2523174,8
2523203,5
2523238,7
2523257,7
2523285,5
2523315,25
2523343,5
2523371,11
2523410,396
2523435,5
2523472,9
2523493,105
2523535,7
2523558,14
2523586,26
2523618,6
2523637,8
2523664,8
2523687,19
2523706,17
2523735,84
2523759,7
2523786,10
2523831,26
2523868,7
2523893,15
2523914,9
2523935,7
2523960,17
2523993,6
2524019,152
2524041,5
2524062,13
2524091,6
2524114,5
2524139,8
2524164,5
2524183,14
2524209,70
2524243,5
2524255,60
2524290,6
2524315,6
2524341,6
2524364,39
2524393,7
2524425,41
2524445,6
2524463,6
2524485,16
2524520,18
2524545,10
2524570,5
2524594,5
2524619,22
2524646,5
2524669,15
2524698,9
2524716,14
2524750,5
2524773,5
2524804,5
2524830,29
2524860,7
2524886,6
2524916,5
2524946,11
2524968,16
2524992,10
2525021,13
2525046,5
2525073,32
2525101,24
2525128,5
2525157,45
2525182,14
2525209,6
2525243,8
2525266,5
2525294,5
2525316,5
2525344,5
2525376,10
2525406,12
2525428,66
2525451,5
2525473,6
2525500,8
2525526,26
2525548,8
2525581,7
2525604,6
2525626,30
2525653,5
2525676,10
2525698,13
2525722,5
2525749,26
2525774,9
2525801,18
2525835,25
2525857,16
2525887,5
2525913,14
2525936,34
2525959,5
2525990,6
2526018,16
2526045,7
2526067,5
2526099,11
2526122,9
2526154,5
2526187,6
2526214,13
2526236,19
2526261,7
2526288,6
2526312,15
2526344,16
2526363,11
2526393,12
2526418,6
2526438,62
2526466,7
2526495,6
2526524,5
2526548,8
2526585,6
2526612,8
2526628,6
2526654,6
2526679,50
2526701,6
2526731,21
2526753,18
2526782,5
2526803,53
2526829,49
2526853,6
2526879,59
2526909,5
2526937,21
2526966,6
2526994,5
2527023,11
2527040,7
2527064,5
2527087,9
2527107,129
2527133,7
2527161,49
2527183,15
2527210,31
2527243,5
2527263,8
2527286,5
2527305,7
2527326,6
2527352,5
2527378,11
2527399,9
2527418,8
2527453,5
2527475,5
2527504,5
2527544,6
2527565,12
2527589,7
2527618,6
2527645,38
2527682,23
2527706,7
2527731,19
2527756,239
2527798,5
2527828,5
2527859,15
2527889,8
2527916,5
2527945,5
2527972,7
2527992,46
2528018,8
2528041,78
2528071,47
2528089,20
2528108,6
2528141,11
2528158,313
2528178,19
2528214,15
2528247,13
2528273,8
2528292,5
2528315,12
2528340,10
2528373,7
2528401,55
2528430,21
2528455,6
2528481,6
2528503,5
2528525,8
2528547,46
2528578,1122
2528607,17
2528626,7
2528649,25
2528675,6
2528700,7
2528726,7
2528754,8
2528778,10
2528804,10
2528830,9
2528857,5
2528876,5
2528902,5
2528936,9
2528973,17
2529008,26
2529039,5
2529064,17
2529085,17
2529110,6
2529135,66
2529163,7
2529189,5
2529209,25
2529234,11
2529261,7
2529280,9
2529308,6
2529341,12
2529361,16
2529393,91
2529412,6
2529435,15
2529451,5
2529483,5
2529516,20
2529555,6
2529596,5
2529628,7
2529657,6
2529683,6
2529713,6
2529744,29
2529770,10
2529794,7
2529826,25
2529849,6
2529871,10
2529900,7
2529936,6
2529960,112
2529979,26
2530004,7
2530027,8
2530056,15
2530086,5
2530122,5
2530145,11
2530172,10
2530196,7
2530230,9
2530251,5
2530282,5
2530320,14
2530350,13
2530374,11
2530399,7
2530427,7
2530458,14
2530488,6
2530504,6
2530531,5
2530560,16
2530589,6
2530616,6
2530639,27
2530668,7
2530694,43
2530720,6
2530749,5
2530773,10
2530797,5
2530827,6
2530860,7
2530882,8
2530904,21
2530925,10
2530949,132
2530973,8
2531001,16
2531027,7
2531055,38
2531077,6
2531089,15
2531117,36
2531141,41
2531167,25
2531187,28
2531205,5
2531239,185
2531261,11
2531289,5
2531313,9
2531334,6
2531359,7
2531382,12
2531404,11
2531438,11
2531456,8
2531476,20
2531493,8
2531517,7
2531537,23
2531556,10
2531574,32
2531599,17
2531623,5
2531657,5
2531671,12
2531698,94
2531720,14
2531742,217
2531770,5
2531803,9
2531817,35
2531842,18
2531868,11
2531891,6
2531917,6
2531942,5
2531954,5
2531987,7
2532012,25
2532043,8
2532070,7
2532094,5
2532122,15
2532143,13
2532177,19
2532200,20
2532222,21
2532241,8
2532268,16
2532305,15
2532335,5
2532356,49
2532387,8
2532417,17
2532448,5
2532475,6
2532499,6
2532521,5
2532548,6
2532574,5
2532596,5
2532626,6
2532656,6
2532683,6
2532707,7
2532736,5
2532761,15
2532796,11
2532830,5
2532858,11
2532879,9
2532917,6
2532941,34
2532974,12
2532997,104
2533014,10
2533042,11
2533072,463
2533105,9
2533132,8
2533157,11
2533181,6
2533211,7
2533237,7
2533271,6
2533306,5
2533323,190
2533347,5
2533367,5
2533399,6
2533423,6
2533452,5
2533478,5
2533500,80
2533521,5
2533557,22
2533577,7
2533606,7
2533636,58
2533661,18
2533695,6
2533717,5
2533742,5
2533775,62
2533801,7
2533823,11
2533850,6
2533872,30
2533887,5
2533911,18
2533937,137
2533965,6
2533989,57
2534012,12
2534034,8
2534064,5
2534087,64
2534113,16
2534143,5
2534161,14
2534193,6
2534226,11
2534241,24
2534265,7
2534294,6
2534316,7
2534339,10
2534371,27
2534398,11
2534414,84
2534439,9
2534463,6
2534486,38
2534512,54
2534537,7
2534554,6
2534581,5
2534598,10
2534621,7
2534655,5
2534685,7
2534718,8
2534744,6
2534767,8
2534788,6
2534816,21
2534840,5
2534868,29
2534885,10
2534911,9
2534946,7
2534967,5
2534990,6
2535020,6
2535045,5
2535068,6
2535093,6
2535125,6
2535151,6
2535171,6
2535195,11
2535223,5
2535255,12
2535273,21
2535298,6
2535329,12
2535357,9
2535377,5
2535407,71
2535436,9
2535454,6
2535482,8
2535506,10
2535555,6
2535572,16
2535593,47
2535624,19
2535643,5
2535673,178
2535697,20
2535716,5
2535736,17
2535768,31
2535790,6
2535808,7
2535834,14
2535858,8
2535887,12
2535916,8
2535939,9
2535965,5
2535992,5
2536025,19
2536054,65
2536079,7
2536103,20
2536142,7
2536163,7
2536188,587
2536206,14
2536249,10
2536282,5
2536311,10
2536337,7
2536371,21
2536395,5
2536418,7
2536442,11
2536475,6
2536508,5
2536533,9
2536559,36
2536582,5
2536601,5
2536629,32
2536659,7
2536693,5
2536728,5
2536748,14
2536777,6
2536802,25
2536831,13
2536854,6
2536882,8
2536900,6
2536928,5
2536946,9
2536965,9
2536993,184
2537024,7
2537049,56
2537078,13
2537100,10
2537128,6
2537147,20
2537169,8
2537198,5
2537223,22
2537247,5
2537275,6
2537293,52
2537318,8
2537348,6
2537377,19
2537401,6
2537430,202
2537460,17
2537487,37
2537516,6
2537545,41
2537572,7
2537600,7
2537630,8
2537650,6
2537680,6
2537708,11
2537731,6
2537756,20
2537775,9
2537812,11
2537838,42
2537873,5
2537892,10
2537920,19
2537950,11
2537983,6
2538014,11
2538037,8
2538070,7
2538087,5
2538116,31
2538137,7
2538164,6
2538193,5
2538213,13
2538250,17
2538273,5
2538300,8
2538323,13
2538349,5
2538373,5
2538396,6
2538423,30
2538442,224
2538467,5
2538486,23
2538507,241
2538538,16
2538567,44
2538595,9
2538628,44
2538653,24
2538682,63
2538719,16
2538749,83
2538768,49
2538794,19
2538816,10
2538842,7
2538861,27
2538885,5
2538911,32
2538938,29
2538962,11
2538988,24
2539021,5
2539050,5
2539076,5
2539101,40
2539122,5
2539146,12
2539172,17
2539202,18
2539231,8
2539248,7
2539274,20
2539299,5
2539326,33
2539342,5
2539372,9
2539404,6
2539428,6
2539460,5
2539493,46
2539525,6
2539552,8
2539578,23
2539606,8
2539627,10
2539648,7
2539677,5
2539705,6
2539730,35
2539764,6
2539795,31
2539819,11
2539853,16
2539871,6
2539900,7
2539932,11
2539965,19
2539989,7
2540013,15
2540032,5
2540055,8
2540075,16
2540099,139
2540118,38
2540144,8
2540175,208
2540190,10
2540210,5
2540257,201
2540281,27
2540302,7
2540321,7
2540354,5
2540385,31
2540415,48
2540446,15
2540475,6
2540503,5
2540535,5
2540560,11
2540583,5
2540609,5
2540632,5
2540657,21
2540684,5
2540703,5
2540732,5
2540756,7
2540783,7
2540815,6
2540841,9
2540879,5
2540909,6
2540934,6
2540962,9
2540990,31
2541013,17
2541042,10
2541073,27
2541099,12
2541121,14
2541155,10
2541181,5
2541210,5
2541241,37
2541270,7
2541295,18
2541322,11
2541355,22
2541389,9
2541417,5
2541437,5
2541462,8
2541490,7
2541515,19
2541552,6
2541568,8
2541592,6
2541612,8
2541641,5
2541671,8
2541698,10
2541730,7
2541754,273
2541784,5
2541805,6
2541832,7
2541864,9
2541894,5
2541923,22
2541960,10
2541981,14
2542005,9
2542039,8
2542066,6
2542084,5
2542108,5
2542133,10
2542156,6
2542179,13
2542199,19
2542227,5
2542251,9
2542276,261
2542308,8
2542329,5
2542347,19
2542369,6
2542400,10
2542434,5
2542453,7
2542488,6
2542518,6
2542545,43
2542565,83
2542599,7
2542619,129
2542644,9
2542665,9
2542692,8
2542731,5
2542754,8
2542778,6
2542806,6
2542832,8
2542862,115
2542886,13
2542912,25
2542934,693
2542955,89
2542981,8
2543013,11
2543040,5
2543068,140
2543095,5
2543118,11
2543148,5
2543168,18
2543195,6
2543220,5
2543254,19
2543268,16
2543293,6
2543323,25
2543349,6
2543388,12
2543407,13
2543428,5
2543454,5
2543478,18
2543503,16
2543521,6
2543547,5
2543577,5
2543615,9
2543645,145
2543675,5
2543699,5
2543729,8
2543751,5
2543790,108
2543817,94
2543843,5
2543871,9
2543897,11
2543922,6
2543937,6
2543964,40
2543981,59
2544008,13
2544034,7
2544065,21
2544083,8
2544103,5
2544132,6
2544162,35
2544187,11
2544214,6
2544237,6
2544275,5
2544301,7
2544327,7
2544348,9
2544370,20
2544390,5
2544423,5
2544445,8
2544473,16
2544494,7
2544515,10
2544544,6
2544578,7
2544596,7
2544621,102
2544649,5
2544671,8
2544696,11
2544716,6
2544745,6
2544775,5
2544801,10
2544836,9
2544869,6
2544903,11
2544930,5
2544955,5
2544983,7
2545008,6
2545030,5
2545055,5
2545081,5
2545098,9
2545120,5
2545149,7
2545166,9
2545196,9
2545217,10
2545239,30
2545267,5
2545297,8
2545323,25
2545342,87
2545383,5
2545404,28
2545431,6
2545451,5
2545477,31
2545500,6
2545523,36
2545548,68
2545576,5
2545589,6
2545614,5
2545643,6
2545672,165
2545702,29
2545727,5
2545748,16
2545775,21
2545802,8
2545832,12
2545868,81
2545890,6
2545913,10
2545948,5
2545972,12
2545991,22
2546018,5
2546041,9
2546071,11
2546090,18
2546116,8
2546147,6
2546169,7
2546189,13
2546214,8
2546237,6
2546266,5
2546287,6
2546308,338
2546338,32
2546368,7
2546394,5
2546415,12
2546440,10
2546465,11
2546484,10
2546504,7
2546536,25
2546560,16
2546587,10
2546604,11
2546626,8
2546650,5
2546673,26
2546701,19
2546732,15
2546754,15
2546783,6
2546804,16
2546832,21
2546858,130
2546880,16
2546908,5
2546938,24
2546961,9
2546992,5
2547021,11
2547044,698
2547070,44
2547092,5
2547117,7
2547142,9
2547167,6
2547196,6
2547221,5
2547243,5
2547266,12
2547290,32
2547318,7
2547346,8
2547370,14
2547396,5
2547417,5
2547445,6
2547475,7
2547504,231
2547525,6
2547554,6
2547578,7
2547606,5
2547629,51
2547662,615
2547703,10
2547732,5
2547751,11
2547772,6
2547805,7
2547838,5
2547855,19
2547878,5
2547907,5
2547931,15
2547956,9
2547989,5
2548017,5
2548045,5
2548065,6
2548085,6
2548112,5
2548136,115
2548160,8
2548186,8
2548212,26
2548243,8
2548275,9
2548306,5
2548330,8
2548356,102
2548380,5
2548407,6
2548433,6
2548459,5
2548484,6
2548508,10
2548537,28
2548566,7
2548599,7
2548626,6
2548652,6
2548673,5
2548707,6
2548728,9
2548754,14
2548778,5
2548802,6
2548830,6
2548856,10
2548882,8
2548907,56
2548929,5
2548951,8
2548973,9
2549001,8
2549027,8
2549047,9
2549070,42
2549101,11
2549121,11
2549154,10
2549177,19
2549205,16
2549227,11
2549252,9
2549279,62
2549309,7
2549337,13
2549364,6
2549389,8
2549418,9
2549453,20
2549473,5
2549494,31
2549511,8
2549534,20
2549563,39
2549589,8
2549610,9
2549633,33
2549656,5
2549686,5
2549712,15
2549740,5
2549769,5
2549792,84
2549814,11
2549837,8
2549868,19
2549896,6
2549919,5
2549950,12
2549965,12
2549990,6
2550015,7
2550036,21
2550066,49
2550093,11
2550126,6
2550148,11
2550176,30
2550199,11
2550220,6
2550243,5
2550264,7
2550295,30
2550317,29
2550338,967
2550368,5
2550386,5
2550410,7
2550434,56
2550456,17
2550479,8
2550507,19
2550538,17
2550567,5
2550590,5
2550608,12
2550635,9
2550651,8
2550680,8
2550697,8
2550731,5
2550754,20
2550774,8
2550799,15
2550821,5
2550843,10
2550867,31
2550899,13
2550923,5
2550945,5
2550971,39
2550997,9
2551015,7
2551039,6
2551066,11
2551097,12
2551123,10
2551151,14
2551171,11
2551203,7
2551223,14
2551246,141
2551272,38
2551290,10
2551309,5
2551331,5
2551352,5
2551380,5
2551410,17
2551438,9
2551461,7
2551484,12
2551511,5
2551533,68
2551567,12
2551587,10
2551609,6
2551629,12
2551662,8
2551687,5
2551716,7
2551740,25
2551775,9
2551804,7
2551833,65
2551858,6
2551900,25
2551921,25
2551955,6
2551985,39
2552009,8
2552034,5
2552065,5
2552093,15
2552117,5
2552145,84
2552164,7
2552189,8
2552212,5
2552231,7
2552260,12
2552278,9
2552303,38
2552333,41
2552361,18
2552387,59
2552408,5
2552437,57
2552462,18
2552480,5
2552502,5
2552530,5
2552553,6
2552579,8
2552602,21
2552638,12
2552661,5
2552677,62
2552710,6
2552741,9
2552763,7
2552799,5
2552821,16
2552849,58
2552876,5
2552904,5
2552930,21
2552955,20
2552975,11
2552996,6
2553017,12
2553041,11
2553068,8
2553093,7
2553132,8
2553162,7
2553185,8
2553219,8
2553248,82
2553275,6
2553304,7
2553321,5
2553350,950
2553375,6
2553403,6
2553432,113
2553467,88
2553488,9
2553510,8
2553527,7
2553556,19
2553577,21
2553597,467
2553624,11
2553642,10
2553666,5
2553686,10
2553710,5
2553734,15
2553756,23
2553780,5
2553809,6
2553844,5
2553883,5
2553903,6
2553934,6
2553958,5
2553980,6
2554007,8
2554040,5
2554064,12
2554093,6
2554111,5
2554138,17
2554162,6
2554175,11
2554204,5
2554234,44
2554265,9
2554294,7
2554317,6
2554350,707
2554377,5
2554403,17
2554427,5
2554454,7
2554486,13
2554510,5
2554536,6
2554564,26
2554588,8
2554608,124
2554632,12
2554657,11
2554682,5
2554702,12
2554726,13
2554751,6
2554777,51
2554808,12
2554826,48
2554858,5
2554883,5
2554904,7
2554929,7
2554955,5
2554987,8
2555011,5
2555042,9
2555065,6
2555091,6
2555117,20
2555142,10
2555169,9
2555201,20
2555234,5
2555259,5
2555288,7
2555324,9
2555349,9
2555381,12
2555406,28
2555433,6
2555463,24
2555495,6
2555522,6
2555555,8
2555583,7
2555602,14
2555624,10
2555650,33
2555676,9
2555707,38
2555725,6
2555748,5
2555778,44
2555807,19
2555836,7
2555865,8
2555884,28
2555909,13
2555933,116
2555963,5
2555993,94
2556023,6
2556048,355
2556069,9
2556085,6
2556115,7
2556143,34
2556172,19
2556202,28
2556229,20
2556262,6
2556286,12
2556315,10
2556339,6
2556368,12
2556393,50
2556413,16
2556445,6
2556478,5
2556505,10
2556532,6
2556554,5
2556578,10
2556602,52
2556621,5
2556654,5
2556685,8
2556713,5
2556733,10
2556759,11
2556791,5
2556823,30
2556845,36
2556882,42
2556897,5
2556929,13
2556965,6
2556997,7
2557021,7
2557048,5
2557073,5
2557099,10
2557128,7
2557142,6
2557176,13
2557209,25
2557240,5
2557262,5
2557288,18
2557316,7
2557342,10
2557361,5
2557387,54
2557412,5
2557443,8
2557469,7
2557491,5
2557515,6
2557539,8
2557560,23
2557587,6
2557606,8
2557634,7
2557663,204
2557689,14
2557715,29
2557741,5
2557775,18
2557795,7
2557815,11
2557835,15
2557854,44
2557870,7
2557890,73
2557907,12
2557942,14
2557967,5
2557999,17
2558035,7
2558062,8
2558083,28
2558101,19
2558128,6
2558154,5
2558173,5
2558201,5
2558227,15
2558256,8
2558284,7
2558318,6
2558342,5
2558366,5
2558379,11
2558400,5
2558426,5
2558441,35
2558465,9
2558488,9
2558515,6
2558547,60
2558565,5
2558583,23
2558610,45
2558635,10
2558656,5
2558687,5
2558712,8
2558752,102
2558774,6
2558796,7
2558826,7
2558845,7
2558869,18
2558899,125
2558918,105
2558945,11
2558974,7
2559007,70
2559030,7
2559063,9
2559087,76
2559109,11
2559132,12
2559159,42
2559182,5
2559207,7
2559228,12
2559257,5
2559285,9
2559322,6
2559353,7
2559376,6
2559407,33
2559428,5
2559453,25
2559484,17
2559512,18
2559540,28
2559565,6
2559587,5
2559620,6
2559648,14
2559672,10
2559701,5
2559735,5
2559769,45
2559795,6
2559822,9
2559846,7
2559869,5
2559902,14
2559930,9
2559959,6
2559980,5
2560012,15
2560032,17
2560062,6
2560084,9
2560108,7
2560134,5
2560161,6
2560187,25
2560215,17
2560241,6
2560264,23
2560284,5
2560320,5
2560348,8
2560375,5
2560399,7
2560426,5
2560456,6
2560482,5
2560504,12
2560536,6
2560567,9
2560594,7
2560614,14
2560640,11
2560661,28
2560683,6
2560707,38
2560724,5
2560749,5
2560778,6
2560810,5
2560832,14
2560867,26
2560892,6
2560919,17
2560934,7
2560962,5
2560988,5
2561015,7
2561037,11
2561070,6
2561096,15
2561116,7
2561138,17
2561166,7
2561191,7
2561220,10
2561251,7
2561279,14
2561309,7
2561333,7
2561359,10
2561386,8
2561408,11
2561432,13
2561455,6
2561480,5
2561495,25
2561524,6
2561553,11
2561585,9
2561612,24
2561640,5
2561661,6
2561675,5
2561701,7
2561721,13
2561751,27
2561779,6
2561805,5
2561838,47
2561860,5
2561883,10
2561910,31
2561940,615
2561955,5
2561972,5
2562012,10
2562038,6
2562058,8
2562080,16
2562098,67
2562133,6
2562161,12
2562188,5
2562211,5
2562237,5
2562263,16
2562290,30
2562318,24
2562343,8
2562373,7
2562403,5
2562435,44
2562462,8
2562488,8
2562524,9
2562550,7
2562578,13
2562601,6
2562626,44
2562654,8
2562684,12
2562716,7
2562739,22
2562767,6
2562788,15
2562805,5
2562834,11
2562871,13
2562895,5
2562917,6
2562946,15
2562972,17
2563004,8
2563028,7
2563049,6
2563082,43
2563102,7
2563124,47
2563148,5
2563167,15
2563188,7
2563209,9
2563227,6
2563252,7
2563285,5
2563315,7
2563342,5
2563372,18
2563399,5
2563425,19
2563461,97
2563477,29
2563502,24
2563528,29
2563561,14
2563590,5
2563604,18
2563634,16
2563659,8
2563682,6
2563708,5
2563731,9
2563758,7
2563785,5
2563809,7
2563837,5
2563865,7
2563889,2587
2563917,6
2563938,6
2563959,6
2563981,7
2564001,11
2564028,5
2564056,10
2564083,5
2564118,27
2564153,5
2564177,12
2564197,6
2564219,8
2564243,577
2564271,6
2564292,7
2564319,5
2564348,7
2564373,17
2564398,14
2564440,5
2564464,6
2564498,10
2564525,7
2564546,5
2564576,23
2564607,8
2564632,6
2564658,9
2564679,45
2564704,5
2564734,12
2564756,6
2564777,14
2564802,20
2564823,28
2564846,7
2564878,7
2564912,5
2564940,9
2564972,5
2565007,28
2565027,5
2565050,9
2565079,8
2565103,56
2565133,161
2565154,6
2565184,6
2565216,8
2565239,5
2565268,230
2565294,6
2565321,5
2565352,5
2565373,10
2565390,10
2565417,22
2565445,10
2565470,5
2565497,10
2565526,5
2565558,8
2565576,12
2565598,61
2565622,9
2565657,25
2565680,13
2565704,8
2565732,19
2565767,7
2565792,8
2565816,5
2565842,8
2565867,11
2565895,11
2565924,66
2565951,11
2565973,24
2565997,5
2566017,7
2566045,30
2566074,10
2566093,5
2566116,11
2566148,9
2566172,11
2566214,5
2566246,5
2566275,6
2566308,6
2566342,5
2566368,7
2566394,5
2566415,18
2566436,17
2566472,8
2566501,6
2566526,9
2566552,6
2566583,8
2566608,15
2566631,17
2566665,18
2566686,224
2566719,25
2566740,5
2566765,9
2566786,7
2566810,7
2566839,6
2566868,14
2566900,10
2566920,13
2566942,57
2566964,5
2566993,9
2567017,32
2567034,5
2567059,5
2567086,5
2567111,5
2567134,66
2567166,54
2567195,141
2567229,14
2567260,5
2567287,12
2567308,6
2567332,12
2567358,5
2567384,10
2567410,28
2567432,6
2567454,5
2567487,5
2567520,15
2567553,14
2567572,5
2567601,5
2567633,16
2567649,7
2567674,16
2567702,6
2567722,5
2567756,48
2567782,6
2567812,11
2567845,70
2567869,6
2567888,6
2567906,5
2567937,8
2567963,10
2567987,5
2568011,68
2568041,10
2568072,5
2568093,6
2568117,6
2568142,5
2568170,8
2568189,7
2568209,5
2568233,17
2568261,15
2568294,9
2568315,11
2568331,20
2568359,6
2568388,9
2568415,5
2568437,30
2568464,18
2568496,12
2568531,13
2568557,8
2568574,5
2568600,7
2568631,6
2568655,16
2568681,12
2568701,5
2568731,30
2568754,22
2568786,6
2568809,15
2568840,13
2568863,15
2568883,6
2568908,5
2568939,6
2568962,6
2568984,35
2569011,6
2569029,5
2569053,6
2569075,5
2569096,6
2569124,6
2569144,96
2569166,7
2569198,7
2569226,12
2569250,14
2569276,5
2569306,8
2569326,5
2569352,6
2569382,5
2569411,6
2569443,9
2569475,7
2569500,16
2569530,8
2569566,5
2569590,11
2569620,21
2569644,5
2569669,5
2569693,28
2569726,9
2569756,9
2569786,7
2569816,6
2569840,7
2569865,5
2569895,5
2569923,5
2569947,8
2569977,6
2569994,32
2570022,8
2570049,7
2570076,6
2570096,10
2570125,6
2570149,17
2570181,17
2570211,6
2570230,6
2570260,5
2570285,36
2570309,5
2570338,5
2570374,5
2570392,5
2570412,6
2570433,7
2570452,18
2570477,5
2570505,9
2570524,11
2570544,6
2570574,21
2570604,5
2570632,6
2570652,6
2570673,6
2570689,5
2570718,41
2570738,30
2570767,6
2570785,41
2570808,20
2570837,6
2570861,8
2570888,42
2570917,5
2570941,13
2570980,9
2571006,5
2571034,11
2571063,9
2571093,11
2571115,23
2571137,12
2571160,6
2571185,14
2571209,182
2571233,11
2571259,15
2571278,39
2571301,6
2571322,19
2571345,6
2571368,7
2571398,10
2571432,13
2571463,17
2571487,100
2571508,5
2571539,5
2571568,22
2571599,5
2571626,18
2571647,20
2571676,9
2571702,5
2571733,16
2571758,5
2571790,6
2571817,29
2571839,7
2571862,8
2571891,8
2571916,17
2571941,13
2571969,10
2571985,5
2572008,23
2572031,14
2572060,28
2572080,5
2572106,5
2572127,21
2572156,24
2572178,5
2572209,47
2572230,5
2572248,18
2572268,6
2572298,6
2572319,5
2572343,8
2572365,5
2572394,6
2572415,5
2572439,6
2572467,6
2572487,16
2572500,11
2572525,10
2572550,11
2572581,7
2572607,5
2572637,7
2572665,12
2572694,6
2572716,86
2572735,26
2572770,7
2572793,17
2572820,9
2572844,8
2572872,7
2572898,13
2572924,6
2572951,6
2572973,8
2573000,56
2573028,5
2573057,24
2573084,874
2573114,7
2573143,5
2573167,12
2573190,5
2573208,5
2573237,12
2573273,1070
2573297,5
2573329,5
2573355,7
2573381,7
2573407,11
2573436,371
2573472,6
2573494,7
2573525,5
2573551,5
2573579,7
2573610,60
2573633,7
2573661,35
2573690,24
2573713,5
2573742,22
2573774,17
2573799,8
2573831,50
2573857,5
2573882,22
2573909,6
2573931,5
2573958,32
2573986,7
2574013,105
2574042,8
2574066,6
2574090,5
2574113,9
2574138,6
2574172,5
2574191,36
2574226,10
2574251,11
2574273,14
2574298,6
2574320,9
2574340,26
2574361,14
2574398,7
2574421,11
2574443,11
2574470,5
2574496,8
2574527,5
2574559,9
2574584,7
2574616,12
2574637,11
2574672,6
2574700,8
2574724,29
2574742,9
2574768,7
2574796,459
2574825,5
2574855,14
2574880,50
2574903,5
2574931,5
2574963,5
2574987,12
2575008,12
2575028,12
2575056,7
2575087,14
2575108,13
2575139,9
2575160,35
2575186,50
2575200,7
2575242,33
2575263,17
2575281,7
2575311,310
2575336,7
2575370,6
2575394,5
2575421,66
2575441,5
2575458,17
2575492,58
2575519,5
2575544,9
2575565,5
2575585,5
2575612,9
2575637,6
2575667,5
2575697,5
2575715,21
2575736,7
2575759,23
2575787,5
2575811,8
2575836,6
2575860,48
2575885,15
2575915,5
2575946,8
2575973,5
2576004,5
2576037,7
2576054,5
2576079,5
2576101,20
2576143,5
2576167,17
2576182,6
2576205,7
2576222,5
2576244,5
2576258,6
2576284,121
2576311,7
2576339,7
2576367,11
2576389,12
2576407,25
2576439,11
2576467,7
2576497,5
2576525,11
2576546,7
2576567,10
2576587,122
2576619,8
2576642,10
2576662,8
2576684,8
2576714,13
2576744,5
2576761,5
2576786,13
2576810,5
2576829,7
2576848,5
2576873,9
2576897,12
2576920,8
2576950,9
2576981,7
2577000,6
2577028,5
2577053,7
2577083,6
2577109,7
2577129,14
2577157,13
2577179,6
2577208,9
2577235,12
2577260,9
2577285,10
2577312,18
2577336,7
2577363,5
2577387,5
2577405,6
2577431,6
2577444,8
2577465,9
2577500,41
2577533,5
2577559,10
2577585,5
2577610,10
2577644,42
2577670,16
2577699,11
2577718,8
2577734,15
2577755,16
2577784,12
2577806,82
2577842,9
2577872,6
2577895,5
2577928,10
2577954,47
2577984,23
2578015,11
2578042,10
2578065,15
2578103,11
2578121,5
2578145,5
2578168,6
2578189,14
2578215,6
2578241,100
2578267,15
2578293,6
2578321,6
2578353,5
2578376,14
2578398,63
2578422,5
2578451,6
2578482,10
2578508,14
2578528,28
2578557,13
2578591,5
2578629,6
2578653,5
2578670,10
2578688,8
2578717,13
2578736,8
2578772,5
2578798,11
2578827,9
2578849,9
2578877,10
2578897,6
2578931,6
2578958,8
2578981,22
2579004,8
2579034,6
2579058,9
2579086,12
2579109,153
2579140,5
2579164,13
2579199,6
2579222,8
2579251,8
2579279,6
2579304,8
2579332,5
2579352,5
2579385,7
2579407,7
2579438,5
2579463,7
2579489,23
2579515,5
2579539,15
2579561,40
2579587,18
2579614,5
2579642,11
2579665,5
2579690,15
2579709,6
2579734,5
2579759,7
2579785,403
2579815,5
2579844,5
2579878,17
2579907,7
2579934,5
2579955,11
2579987,6
2580014,6
2580037,13
2580063,6
2580096,5
2580125,29
2580157,5
2580192,9
2580219,11
2580252,9
2580284,9
2580317,9
2580350,6
2580371,5
2580404,8
2580429,7
2580447,5
2580475,5
2580510,16
2580541,5
2580570,6
2580599,48
2580629,34
2580655,14
2580684,15
2580711,7
2580732,14
2580753,34
2580775,21
2580798,6
2580825,19
2580862,5
2580887,9
2580912,6
2580934,21
2580954,10
2580981,7
2581008,15
2581038,5
2581069,5
2581097,13
2581123,6
2581144,5
2581168,8
2581185,27
2581211,49
2581234,17
2581262,24
2581281,15
2581308,8
2581334,5
2581365,24
2581392,17
2581415,19
2581443,9
2581462,11
2581497,14
2581528,16
2581543,5
2581571,88
2581599,5
2581619,7
2581642,7
2581662,7
2581683,9
2581706,5
2581735,17
2581758,9
2581775,9
2581799,9
2581823,7
2581841,30
2581857,5
2581885,5
2581903,7
2581932,6
2581958,5
2581979,6
2582004,5
2582021,19
2582043,10
2582069,5
2582104,6
2582137,7
2582160,8
2582183,6
2582214,80
2582234,11
2582252,26
2582274,22
2582296,8
2582319,8
2582348,7
2582365,6
2582399,11
2582418,57
2582454,9
2582488,32
2582522,7
2582555,17
2582582,14
2582615,6
2582657,25
2582677,35
2582704,5
2582730,10
2582755,12
2582783,7
2582816,6
2582843,5
2582861,5
2582891,8
2582915,10
2582951,12
2582972,28
2583003,15
2583028,7
2583053,6
2583079,9
2583096,12
2583126,8
2583152,6
2583182,10
2583209,15
2583236,5
2583272,69
2583295,5
2583327,1843
2583350,10
2583372,5
2583394,10
2583425,5
2583455,19
2583478,5
2583501,18
2583526,7
2583556,8
2583581,9
2583601,6
2583628,19
2583659,36
2583693,19
2583717,8
2583741,5
2583765,6
2583789,59
2583813,44
2583843,22
2583859,6
2583900,5
2583929,17
2583962,5
2583991,5
2584022,8
2584049,5
2584063,366
2584090,6
2584110,66
2584130,6
2584155,83
2584178,5
2584200,19
2584222,14
2584250,5
2584280,19
2584312,10
2584342,6
2584362,6
2584389,16
2584423,23
2584447,30
2584480,12
2584497,9
2584528,25
2584557,7
2584583,6
2584610,12
2584626,5
2584646,6
2584674,16
2584703,5
2584718,6
2584746,8
2584768,10
2584805,7
2584825,6
2584850,7
2584877,13
2584903,28
2584928,17
2584950,5
2584969,5
2584989,10
2585017,8
2585041,9
2585070,12
2585092,7
2585111,5
2585140,5
2585172,8
2585194,28
2585223,117
2585246,9
2585272,14
2585303,5
2585327,6
2585358,6
2585383,10
2585408,21
2585432,9
2585462,23
2585485,6
2585508,17
2585545,5
2585586,9
2585616,8
2585638,9
2585666,21
2585687,5
2585708,5
2585755,20
2585781,29
2585806,7
2585835,5
2585862,7
2585888,12
2585915,5
2585945,10
2585962,32
2585992,17
2586015,6
2586033,143
2586062,10
2586086,16
2586103,7
2586128,19
2586153,5
2586184,13
2586202,13
2586230,5
2586254,6
2586287,24
2586308,24
2586339,10
2586370,377
2586404,5
2586430,7
2586455,7
2586474,15
2586500,12
2586532,8
2586561,10
2586583,8
2586606,5
2586637,12
2586667,6
2586695,9
2586722,11
2586744,5
2586762,9
2586790,7
2586826,7
2586854,8
2586880,5
2586905,1440
2586925,6
2586959,13
2586992,7
2587010,10
2587032,5
2587058,5
2587090,6
2587120,5
2587150,156
2587180,5
2587201,5
2587230,5
2587256,5
2587287,43
2587311,6
2587339,10
2587372,5
2587400,17
2587430,5
2587461,7
2587491,9
2587514,8
2587545,7
2587578,7
2587605,5
2587629,7
2587651,9
2587668,9
2587689,12
2587719,5
2587745,6
2587776,6
2587797,21
2587818,9
2587836,5
2587866,28
2587887,6
2587911,11
2587934,23
2587960,27
2587983,5
2588003,10
2588028,9
2588052,5
2588073,15
2588102,6
2588126,6
2588159,11
2588185,13
2588211,5
2588237,5
2588258,6
2588285,6
2588305,5
2588327,11
2588365,8
2588390,235
2588426,6
2588449,24
2588482,5
2588509,5
2588541,19
2588564,27
2588586,6
2588611,6
2588642,5
2588668,12
2588696,12
2588714,5
2588745,9
2588764,5
2588791,12
2588817,15
2588844,5
2588870,12
2588899,27
2588926,6
2588950,13
2588978,12
2589010,12
2589042,13
2589075,6
2589105,26
2589133,8
2589158,6
2589186,6
2589222,6
2589254,26
2589273,16
2589306,6
2589327,5
2589362,5
2589385,5
2589416,5
2589435,16
2589457,8
2589478,8
2589502,14
2589530,5
2589550,38
2589572,651
2589602,7
2589620,5
2589647,15
2589672,6
2589700,5
2589728,5
2589751,5
2589768,7
2589797,17
2589827,6
2589853,5
2589877,24
2589895,6
2589918,109
2589928,10
2589946,7
2589968,6
2589985,5
2590012,12
2590035,8
2590069,13
2590100,24
2590121,10
2590140,5
2590158,5
2590193,7
2590218,61
2590243,5
2590273,5
2590294,9
2590320,10
2590341,6
2590366,202
2590389,7
2590420,5
2590448,6
2590476,5
2590498,6
2590525,6
2590548,5
2590569,5
2590595,6
2590620,66
2590642,5
2590670,12
2590691,33
2590720,13
2590744,5
2590773,82
2590792,5
2590823,5
2590849,10
2590877,8
2590898,5
2590919,9
2590943,6
2590960,97
2590982,5
2591004,7
2591034,17
2591056,5
2591088,45
2591118,127
2591146,19
2591166,35
2591189,6
2591213,25
2591233,7
2591258,5
2591283,11
2591314,94
2591329,11
2591355,6
2591383,8
2591411,11
2591444,18
2591470,21
2591504,5
2591529,34
2591555,7
2591576,5
2591613,6
2591638,13
2591670,6
2591696,6
2591724,81
2591758,43
2591779,5
2591812,15
2591838,5
2591862,6
2591896,5
2591925,6
2591953,42
2591980,22
2592006,305
2592036,17
2592059,7
2592089,70
2592115,13
2592135,18
2592165,8
2592186,9
2592211,15
2592234,69
2592267,14
2592289,7
2592312,63
2592337,13
2592367,7
2592393,5
2592419,6
2592446,51
2592481,11
2592504,85
2592522,11
2592551,11
2592580,5
2592614,29
2592634,5
2592663,50
2592691,5
2592725,9
2592748,8
2592783,20
2592804,5
2592835,14
2592865,14
2592893,5
2592915,7
2592943,11
2592971,5
2593000,6
2593026,17
2593040,5
2593061,5
2593097,5
2593127,11
2593152,5
2593176,6
2593189,5
2593226,201
2593248,31
2593277,5
2593298,51
2593327,10
2593347,7
2593378,8
2593402,13
2593423,9
2593454,12
2593487,10
2593512,13
2593532,464
2593565,10
2593594,39
2593622,5
2593654,7
2593672,5
2593698,7
2593729,7
2593750,18
2593768,5
2593791,16
2593823,25
2593844,14
2593866,35
2593900,8
2593926,43
2593951,19
2593971,10
2593999,16
2594023,11
2594046,9
2594068,6
2594087,11
2594111,6
2594138,6
2594158,5
2594179,5
2594218,16
2594246,19
2594269,7
2594296,6
2594326,9
2594351,7
2594378,6
2594411,222
2594431,5
2594456,15
2594480,6
2594505,5
2594529,7
2594564,11
2594586,11
2594615,117
2594636,6
2594666,5
2594695,11
2594731,7
2594761,10
2594785,7
2594804,6
2594828,5
2594852,22
2594875,9
2594895,6
2594923,14
2594957,5
2594981,5
2595007,16
2595043,6
2595091,6
2595119,6
2595145,9
2595167,19
2595185,5
2595204,7
2595231,5
2595255,13
2595277,6
2595300,5
2595327,6
2595356,5
2595378,5
2595403,9
2595429,9
2595458,18
2595478,6
2595518,11
2595546,8
2595570,5
2595594,6
2595617,6
2595639,33
2595672,25
2595690,19
2595713,10
2595743,9
2595766,8
2595794,5
2595819,17
2595841,35
2595871,17
2595895,9
2595924,8
2595944,5
2595970,7
2596000,15
2596030,8
2596055,123
2596082,11
2596113,13
2596137,31
2596159,42
2596178,34
2596200,8
2596224,12
2596250,6
2596273,7
2596300,6
2596324,34
2596355,78
2596381,7
2596409,12
2596436,5
2596461,17
2596486,14
2596514,11
2596541,6
2596562,5
2596591,20
2596621,16
2596643,48
2596664,25
2596685,6
2596718,8
2596732,5
2596761,5
2596784,6
2596809,9
2596835,73
2596857,41
2596882,6
2596917,9
2596943,46
2596982,11
2597010,5
2597033,6
2597054,6
2597085,6
2597119,5
2597137,10
2597161,25
2597187,7
2597217,10
2597244,5
2597268,9
2597290,9
2597315,5
2597348,21
2597382,12
2597412,29
2597438,5
2597473,24
2597490,5
2597519,7
2597542,6
2597567,647
2597597,7
2597618,5
2597646,15
2597682,6
2597708,5
2597737,16
2597758,125
2597781,38
2597814,5
2597842,9
2597868,12
2597892,12
2597916,6
2597948,8
2597970,44
2598000,7
2598030,5
2598056,5
2598079,24
2598109,10
2598136,5
2598168,8
2598200,37
2598237,513
2598262,25
2598287,6
2598320,9
2598345,5
2598369,9
2598388,6
2598414,12
2598437,6
2598458,5
2598492,13
2598522,5
2598561,5
2598600,8
2598622,12
2598648,9
2598677,6
2598701,10
2598725,9
2598745,7
2598779,6
2598804,26
2598827,11
2598862,9
2598894,6
2598921,14
2598939,6
2598965,5
2598994,8
2599013,5
2599038,5
2599065,13
2599098,6
2599122,6
2599151,5
2599181,6
2599208,10
2599247,9
